"","V1","V2","V3","V4"
"1",9,19,28,26
"2",1,2,3,2
"3",1,2,3,2
"4",1,1,2,1
"5",2,10,12,11
"6",4,13,17,16
"7",1,4,5,4
"8",1,38,39,38
"9",1,13,14,13
"10",1,9,10,9
"11",4,3,7,6
"12",1,1,2,1
"13",1,12,13,12
"14",1,2,3,2
"15",1,1,2,1
"16",1,8,9,8
"17",1,7,8,7
"18",1,4,5,4
"19",1,1,2,1
"20",2,2,4,3
"21",2,24,26,24
"22",5,2,7,5
"23",1,4,5,4
"24",5,22,27,26
"25",7,4,11,10
"26",1,3,4,3
"27",1,3,4,3
"28",1,3,4,3
"29",1,3,4,3
"30",4,3,7,5
"31",1,2,3,2
"32",1,1,2,1
"33",1,2,3,2
"34",1,14,15,14
"35",1,6,7,6
"36",1,12,13,12
"37",1,1,2,1
"38",1,4,5,4
"39",1,2,3,2
"40",1,13,14,13
"41",2,2,4,3
"42",1,5,6,5
"43",1,3,4,3
"44",2,6,8,6
"45",2,1,3,2
"46",1,2,3,2
"47",1,4,5,4
"48",2,5,7,6
"49",2,1,3,2
"50",2,4,6,5
"51",3,14,17,15
"52",1,6,7,6
"53",1,6,7,6
"54",1,1,2,1
"55",1,1,2,1
"56",1,1,2,1
"57",1,6,7,6
"58",4,8,12,11
"59",1,5,6,5
"60",3,21,24,21
"61",1,2,3,2
"62",1,5,6,5
"63",1,6,7,6
"64",1,5,6,5
"65",1,1,2,1
"66",1,1,2,1
"67",1,1,2,1
"68",1,1,2,1
"69",1,1,2,1
"70",1,1,2,1
"71",1,1,2,1
"72",1,7,8,7
"73",1,1,2,1
"74",1,2,3,2
"75",1,16,17,16
"76",1,1,2,1
"77",2,8,10,8
"78",2,15,17,16
"79",1,6,7,6
"80",3,15,18,17
"81",3,37,40,37
"82",2,37,39,38
"83",1,11,12,11
"84",1,19,20,19
"85",9,1,10,9
"86",3,2,5,4
"87",1,6,7,6
"88",1,7,8,7
"89",1,1,2,1
"90",3,1,4,3
"91",1,1,2,1
"92",1,9,10,9
"93",1,1,2,1
"94",2,8,10,9
"95",1,19,20,19
"96",1,4,5,4
"97",1,23,24,23
"98",1,6,7,6
"99",4,2,6,5
"100",2,5,7,5
"101",1,42,43,42
"102",1,3,4,3
"103",3,14,17,14
"104",2,30,32,31
"105",1,2,3,2
"106",1,24,25,24
"107",1,2,3,2
"108",1,1,2,1
"109",1,10,11,10
"110",1,6,7,6
"111",2,10,12,10
"112",2,12,14,12
"113",3,8,11,10
"114",1,6,7,6
"115",1,6,7,6
"116",1,9,10,9
"117",1,2,3,2
"118",2,1,3,2
"119",1,3,4,3
"120",1,16,17,16
"121",1,17,18,17
"122",2,3,5,4
"123",6,2,8,6
"124",2,4,6,4
"125",1,2,3,2
"126",2,2,4,2
"127",1,37,38,37
"128",1,1,2,1
"129",1,3,4,3
"130",1,1,2,1
"131",1,2,3,2
"132",1,9,10,9
"133",1,4,5,4
"134",1,7,8,7
"135",1,5,6,5
"136",1,6,7,6
"137",1,3,4,3
"138",2,24,26,24
"139",3,1,4,3
"140",3,14,17,16
"141",1,6,7,6
"142",26,9,35,30
"143",1,13,14,13
"144",1,4,5,4
"145",6,22,28,25
"146",3,3,6,3
"147",3,2,5,3
"148",4,8,12,9
"149",1,1,2,1
"150",1,3,4,3
"151",1,4,5,4
"152",1,3,4,3
"153",1,5,6,5
"154",2,1,3,2
"155",1,9,10,9
"156",3,5,8,6
"157",1,2,3,2
"158",2,25,27,26
"159",1,4,5,4
"160",1,11,12,11
"161",3,29,32,29
"162",5,8,13,9
"163",1,12,13,12
"164",1,5,6,5
"165",1,1,2,1
"166",1,1,2,1
"167",1,19,20,19
"168",1,5,6,5
"169",18,4,22,19
"170",1,1,2,1
"171",1,9,10,9
"172",1,1,2,1
"173",1,4,5,4
"174",1,3,4,3
"175",1,1,2,1
"176",1,29,30,29
"177",1,3,4,3
"178",1,1,2,1
"179",2,12,14,12
"180",1,3,4,3
"181",3,22,25,22
"182",1,6,7,6
"183",2,22,24,23
"184",3,11,14,13
"185",13,9,22,19
"186",1,10,11,10
"187",2,1,3,2
"188",1,29,30,29
"189",2,4,6,4
"190",1,1,2,1
"191",6,6,12,6
"192",2,33,35,33
"193",1,1,2,1
"194",5,4,9,8
"195",2,17,19,18
"196",2,4,6,5
"197",2,22,24,23
"198",1,17,18,17
"199",2,6,8,7
"200",1,1,2,1
"201",1,17,18,17
"202",1,2,3,2
"203",1,37,38,37
"204",1,6,7,6
"205",1,1,2,1
"206",4,4,8,4
"207",1,8,9,8
"208",3,13,16,15
"209",1,4,5,4
"210",1,14,15,14
"211",1,1,2,1
"212",1,2,3,2
"213",1,4,5,4
"214",1,1,2,1
"215",1,6,7,6
"216",1,6,7,6
"217",3,22,25,23
"218",3,4,7,6
"219",2,5,7,5
"220",3,3,6,3
"221",1,6,7,6
"222",1,2,3,2
"223",2,11,13,11
"224",1,13,14,13
"225",1,26,27,26
"226",2,18,20,19
"227",2,11,13,11
"228",1,5,6,5
"229",2,2,4,2
"230",1,34,35,34
"231",3,1,4,3
"232",1,1,2,1
"233",1,2,3,2
"234",3,3,6,5
"235",2,6,8,6
"236",1,3,4,3
"237",1,7,8,7
"238",1,16,17,16
"239",10,35,45,43
"240",2,1,3,2
"241",1,1,2,1
"242",1,2,3,2
"243",1,2,3,2
"244",1,2,3,2
"245",1,1,2,1
"246",2,6,8,7
"247",2,16,18,16
"248",1,17,18,17
"249",3,14,17,16
"250",3,6,9,7
"251",2,7,9,8
"252",4,2,6,5
"253",1,6,7,6
"254",1,2,3,2
"255",10,35,45,35
"256",1,9,10,9
"257",1,3,4,3
"258",1,2,3,2
"259",1,4,5,4
"260",1,1,2,1
"261",1,3,4,3
"262",1,6,7,6
"263",1,21,22,21
"264",1,1,2,1
"265",1,10,11,10
"266",2,41,43,41
"267",2,3,5,3
"268",4,20,24,22
"269",2,8,10,8
"270",1,7,8,7
"271",2,2,4,3
"272",1,14,15,14
"273",1,6,7,6
"274",1,2,3,2
"275",1,1,2,1
"276",1,14,15,14
"277",1,2,3,2
"278",1,5,6,5
"279",1,1,2,1
"280",1,2,3,2
"281",4,8,12,11
"282",1,2,3,2
"283",1,2,3,2
"284",6,9,15,14
"285",1,1,2,1
"286",1,3,4,3
"287",1,1,2,1
"288",1,21,22,21
"289",1,1,2,1
"290",2,11,13,11
"291",1,3,4,3
"292",1,6,7,6
"293",2,3,5,4
"294",1,6,7,6
"295",1,2,3,2
"296",1,4,5,4
"297",9,13,22,19
"298",1,6,7,6
"299",1,2,3,2
"300",1,2,3,2
"301",4,3,7,4
"302",1,2,3,2
"303",2,8,10,9
"304",1,12,13,12
"305",1,1,2,1
"306",4,2,6,5
"307",1,2,3,2
"308",1,1,2,1
"309",1,30,31,30
"310",2,7,9,7
"311",3,9,12,11
"312",3,14,17,15
"313",2,1,3,2
"314",1,2,3,2
"315",2,2,4,3
"316",2,16,18,17
"317",1,2,3,2
"318",1,30,31,30
"319",3,14,17,15
"320",2,3,5,4
"321",1,4,5,4
"322",1,2,3,2
"323",1,1,2,1
"324",1,7,8,7
"325",1,19,20,19
"326",1,4,5,4
"327",1,4,5,4
"328",3,11,14,13
"329",2,5,7,5
"330",1,41,42,41
"331",1,1,2,1
"332",1,24,25,24
"333",1,2,3,2
"334",1,2,3,2
"335",1,6,7,6
"336",1,1,2,1
"337",3,3,6,5
"338",2,9,11,10
"339",1,1,2,1
"340",1,3,4,3
"341",1,13,14,13
"342",1,12,13,12
"343",1,2,3,2
"344",1,7,8,7
"345",1,5,6,5
"346",1,6,7,6
"347",1,7,8,7
"348",1,4,5,4
"349",4,38,42,40
"350",1,38,39,38
"351",1,8,9,8
"352",1,1,2,1
"353",1,4,5,4
"354",2,2,4,2
"355",1,37,38,37
"356",1,4,5,4
"357",1,1,2,1
"358",1,9,10,9
"359",1,3,4,3
"360",1,1,2,1
"361",1,1,2,1
"362",1,3,4,3
"363",1,1,2,1
"364",1,3,4,3
"365",1,1,2,1
"366",1,23,24,23
"367",1,1,2,1
"368",4,8,12,9
"369",1,12,13,12
"370",1,1,2,1
"371",1,7,8,7
"372",1,2,3,2
"373",2,1,3,2
"374",2,7,9,7
"375",2,18,20,18
"376",2,3,5,4
"377",7,13,20,18
"378",3,20,23,21
"379",2,3,5,3
"380",1,4,5,4
"381",1,2,3,2
"382",1,14,15,14
"383",2,10,12,10
"384",3,2,5,3
"385",3,1,4,3
"386",1,1,2,1
"387",1,1,2,1
"388",1,2,3,2
"389",4,15,19,18
"390",3,4,7,4
"391",6,1,7,6
"392",2,1,3,2
"393",2,41,43,41
"394",3,39,42,41
"395",3,25,28,27
"396",1,1,2,1
"397",1,6,7,6
"398",4,4,8,7
"399",1,7,8,7
"400",2,16,18,16
"401",2,1,3,2
"402",1,3,4,3
"403",1,3,4,3
"404",1,1,2,1
"405",1,1,2,1
"406",1,5,6,5
"407",2,6,8,6
"408",1,13,14,13
"409",3,16,19,16
"410",2,2,4,3
"411",1,10,11,10
"412",1,4,5,4
"413",2,6,8,6
"414",1,1,2,1
"415",3,7,10,7
"416",1,38,39,38
"417",2,6,8,6
"418",1,8,9,8
"419",8,37,45,43
"420",2,6,8,6
"421",1,6,7,6
"422",1,1,2,1
"423",1,2,3,2
"424",5,1,6,5
"425",1,1,2,1
"426",1,1,2,1
"427",1,1,2,1
"428",1,1,2,1
"429",1,22,23,22
"430",1,4,5,4
"431",1,1,2,1
"432",1,1,2,1
"433",1,4,5,4
"434",1,1,2,1
"435",1,1,2,1
"436",1,3,4,3
"437",6,1,7,6
"438",1,9,10,9
"439",1,3,4,3
"440",2,4,6,5
"441",2,15,17,15
"442",1,2,3,2
"443",1,1,2,1
"444",1,3,4,3
"445",1,23,24,23
"446",4,9,13,12
"447",1,2,3,2
"448",1,1,2,1
"449",6,13,19,14
"450",5,41,46,42
"451",1,1,2,1
"452",1,1,2,1
"453",1,25,26,25
"454",1,4,5,4
"455",1,7,8,7
"456",1,1,2,1
"457",5,9,14,12
"458",1,7,8,7
"459",1,3,4,3
"460",3,24,27,26
"461",1,5,6,5
"462",1,3,4,3
"463",3,22,25,23
"464",1,3,4,3
"465",1,4,5,4
"466",1,20,21,20
"467",2,10,12,11
"468",1,14,15,14
"469",1,19,20,19
"470",3,10,13,12
"471",6,9,15,12
"472",1,5,6,5
"473",2,9,11,9
"474",3,11,14,11
"475",5,11,16,12
"476",3,5,8,7
"477",1,3,4,3
"478",1,2,3,2
"479",1,1,2,1
"480",1,2,3,2
"481",1,11,12,11
"482",1,4,5,4
"483",1,1,2,1
"484",1,1,2,1
"485",2,4,6,5
"486",1,4,5,4
"487",1,1,2,1
"488",1,2,3,2
"489",12,16,28,22
"490",1,7,8,7
"491",5,8,13,11
"492",1,25,26,25
"493",1,1,2,1
"494",1,6,7,6
"495",1,3,4,3
"496",1,1,2,1
"497",1,1,2,1
"498",1,1,2,1
"499",1,14,15,14
"500",1,2,3,2
"501",1,24,25,24
"502",1,10,11,10
"503",1,3,4,3
"504",1,2,3,2
"505",2,4,6,5
"506",2,16,18,16
"507",4,35,39,36
"508",3,22,25,22
"509",1,3,4,3
"510",1,3,4,3
"511",1,4,5,4
"512",1,2,3,2
"513",2,1,3,2
"514",3,7,10,9
"515",1,6,7,6
"516",1,3,4,3
"517",1,23,24,23
"518",1,6,7,6
"519",1,14,15,14
"520",2,2,4,3
"521",17,6,23,22
"522",1,5,6,5
"523",3,6,9,7
"524",1,4,5,4
"525",1,1,2,1
"526",2,4,6,5
"527",2,1,3,2
"528",1,2,3,2
"529",6,1,7,6
"530",1,10,11,10
"531",3,3,6,5
"532",1,5,6,5
"533",1,4,5,4
"534",2,3,5,3
"535",5,37,42,38
"536",3,5,8,6
"537",1,16,17,16
"538",4,29,33,30
"539",1,1,2,1
"540",7,11,18,17
"541",12,6,18,17
"542",1,7,8,7
"543",1,9,10,9
"544",1,6,7,6
"545",1,4,5,4
"546",5,17,22,21
"547",5,11,16,12
"548",2,16,18,16
"549",2,28,30,28
"550",1,28,29,28
"551",2,12,14,12
"552",3,11,14,13
"553",1,6,7,6
"554",3,1,4,3
"555",2,6,8,6
"556",1,2,3,2
"557",1,14,15,14
"558",1,12,13,12
"559",1,15,16,15
"560",5,1,6,5
"561",2,3,5,4
"562",1,1,2,1
"563",2,4,6,4
"564",1,4,5,4
"565",1,8,9,8
"566",1,1,2,1
"567",1,1,2,1
"568",1,2,3,2
"569",1,3,4,3
"570",1,2,3,2
"571",15,1,16,15
"572",1,22,23,22
"573",5,2,7,6
"574",1,8,9,8
"575",4,1,5,4
"576",2,2,4,2
"577",1,2,3,2
"578",5,1,6,5
"579",2,7,9,7
"580",2,4,6,4
"581",1,2,3,2
"582",1,2,3,2
"583",1,3,4,3
"584",1,4,5,4
"585",5,41,46,43
"586",1,10,11,10
"587",15,1,16,15
"588",5,6,11,10
"589",7,1,8,7
"590",3,6,9,7
"591",1,2,3,2
"592",1,4,5,4
"593",1,19,20,19
"594",1,5,6,5
"595",2,3,5,4
"596",3,2,5,3
"597",2,1,3,2
"598",1,38,39,38
"599",2,5,7,6
"600",2,3,5,4
"601",1,5,6,5
"602",1,2,3,2
"603",1,1,2,1
"604",3,8,11,10
"605",7,16,23,20
"606",1,38,39,38
"607",1,7,8,7
"608",1,1,2,1
"609",1,1,2,1
"610",1,4,5,4
"611",1,3,4,3
"612",1,1,2,1
"613",2,4,6,4
"614",1,7,8,7
"615",1,7,8,7
"616",2,9,11,9
"617",2,19,21,19
"618",11,12,23,22
"619",1,7,8,7
"620",1,3,4,3
"621",2,6,8,7
"622",1,12,13,12
"623",1,5,6,5
"624",1,23,24,23
"625",1,1,2,1
"626",1,2,3,2
"627",1,5,6,5
"628",2,19,21,19
"629",1,3,4,3
"630",5,11,16,12
"631",3,12,15,13
"632",1,2,3,2
"633",2,2,4,2
"634",1,3,4,3
"635",1,8,9,8
"636",1,5,6,5
"637",2,3,5,3
"638",1,2,3,2
"639",1,3,4,3
"640",5,8,13,9
"641",3,7,10,9
"642",1,2,3,2
"643",1,2,3,2
"644",1,12,13,12
"645",1,4,5,4
"646",3,6,9,8
"647",2,2,4,3
"648",1,1,2,1
"649",2,16,18,16
"650",1,1,2,1
"651",2,6,8,7
"652",1,6,7,6
"653",1,4,5,4
"654",1,3,4,3
"655",1,16,17,16
"656",1,2,3,2
"657",1,41,42,41
"658",2,26,28,27
"659",2,4,6,5
"660",2,2,4,3
"661",6,3,9,8
"662",1,4,5,4
"663",12,13,25,23
"664",1,6,7,6
"665",29,29,58,29
"666",1,1,2,1
"667",1,4,5,4
"668",2,3,5,3
"669",1,7,8,7
"670",3,1,4,3
"671",1,2,3,2
"672",1,3,4,3
"673",1,11,12,11
"674",1,1,2,1
"675",3,37,40,38
"676",7,6,13,9
"677",6,37,43,39
"678",1,1,2,1
"679",1,1,2,1
"680",3,6,9,8
"681",1,1,2,1
"682",1,5,6,5
"683",1,5,6,5
"684",1,3,4,3
"685",3,4,7,6
"686",3,2,5,4
"687",4,9,13,12
"688",1,4,5,4
"689",1,3,4,3
"690",1,6,7,6
"691",1,9,10,9
"692",1,9,10,9
"693",1,12,13,12
"694",1,34,35,34
"695",1,4,5,4
"696",1,1,2,1
"697",1,3,4,3
"698",1,1,2,1
"699",1,2,3,2
"700",2,6,8,6
"701",3,4,7,4
"702",1,16,17,16
"703",3,10,13,12
"704",26,9,35,30
"705",1,7,8,7
"706",2,9,11,10
"707",1,12,13,12
"708",1,8,9,8
"709",1,1,2,1
"710",18,1,19,18
"711",2,10,12,11
"712",1,21,22,21
"713",2,7,9,8
"714",3,16,19,17
"715",1,1,2,1
"716",1,5,6,5
"717",4,3,7,4
"718",1,13,14,13
"719",1,4,5,4
"720",3,5,8,6
"721",1,5,6,5
"722",1,2,3,2
"723",3,5,8,7
"724",6,9,15,14
"725",2,9,11,10
"726",3,1,4,3
"727",1,1,2,1
"728",2,8,10,8
"729",1,1,2,1
"730",8,5,13,12
"731",1,2,3,2
"732",4,1,5,4
"733",1,1,2,1
"734",1,3,4,3
"735",1,17,18,17
"736",1,11,12,11
"737",1,7,8,7
"738",2,1,3,2
"739",3,4,7,6
"740",1,1,2,1
"741",1,1,2,1
"742",1,6,7,6
"743",1,9,10,9
"744",1,5,6,5
"745",2,6,8,6
"746",2,6,8,6
"747",1,1,2,1
"748",1,4,5,4
"749",1,15,16,15
"750",1,6,7,6
"751",1,5,6,5
"752",1,1,2,1
"753",2,17,19,17
"754",3,20,23,20
"755",1,4,5,4
"756",1,8,9,8
"757",1,9,10,9
"758",2,14,16,15
"759",1,4,5,4
"760",1,2,3,2
"761",1,2,3,2
"762",1,10,11,10
"763",1,3,4,3
"764",1,10,11,10
"765",1,9,10,9
"766",2,1,3,2
"767",1,1,2,1
"768",1,2,3,2
"769",1,9,10,9
"770",1,14,15,14
"771",2,14,16,14
"772",1,2,3,2
"773",3,6,9,7
"774",1,12,13,12
"775",1,8,9,8
"776",3,6,9,7
"777",2,6,8,7
"778",6,33,39,38
"779",3,2,5,3
"780",1,4,5,4
"781",1,3,4,3
"782",2,6,8,7
"783",1,18,19,18
"784",1,36,37,36
"785",2,2,4,3
"786",4,21,25,24
"787",2,10,12,10
"788",1,7,8,7
"789",2,5,7,6
"790",1,1,2,1
"791",3,16,19,16
"792",4,10,14,12
"793",1,1,2,1
"794",2,9,11,9
"795",1,1,2,1
"796",1,2,3,2
"797",1,2,3,2
"798",23,4,27,24
"799",1,37,38,37
"800",4,37,41,38
"801",2,2,4,2
"802",1,3,4,3
"803",2,1,3,2
"804",1,4,5,4
"805",1,3,4,3
"806",3,14,17,15
"807",1,11,12,11
"808",2,4,6,4
"809",1,2,3,2
"810",1,8,9,8
"811",3,37,40,37
"812",1,6,7,6
"813",2,2,4,3
"814",3,10,13,10
"815",2,29,31,30
"816",1,2,3,2
"817",1,1,2,1
"818",2,38,40,39
"819",5,2,7,6
"820",2,2,4,3
"821",1,7,8,7
"822",1,6,7,6
"823",3,5,8,6
"824",1,4,5,4
"825",1,4,5,4
"826",2,5,7,5
"827",1,2,3,2
"828",1,2,3,2
"829",2,2,4,3
"830",1,5,6,5
"831",1,10,11,10
"832",1,2,3,2
"833",1,6,7,6
"834",1,5,6,5
"835",3,29,32,29
"836",1,1,2,1
"837",4,42,46,44
"838",5,41,46,42
"839",2,12,14,12
"840",2,22,24,23
"841",1,3,4,3
"842",1,3,4,3
"843",1,2,3,2
"844",1,2,3,2
"845",3,8,11,8
"846",1,1,2,1
"847",1,8,9,8
"848",1,17,18,17
"849",1,4,5,4
"850",2,13,15,13
"851",6,4,10,9
"852",2,5,7,5
"853",1,5,6,5
"854",1,1,2,1
"855",3,2,5,4
"856",1,6,7,6
"857",2,10,12,10
"858",1,1,2,1
"859",1,1,2,1
"860",3,4,7,6
"861",2,5,7,6
"862",3,11,14,11
"863",2,3,5,3
"864",1,1,2,1
"865",1,1,2,1
"866",1,1,2,1
"867",4,1,5,4
"868",2,10,12,10
"869",2,3,5,4
"870",2,13,15,13
"871",1,3,4,3
"872",1,5,6,5
"873",6,1,7,6
"874",1,9,10,9
"875",6,1,7,6
"876",1,2,3,2
"877",1,1,2,1
"878",1,1,2,1
"879",4,14,18,15
"880",2,4,6,5
"881",1,2,3,2
"882",1,4,5,4
"883",4,1,5,4
"884",3,5,8,7
"885",2,7,9,8
"886",1,1,2,1
"887",1,11,12,11
"888",1,1,2,1
"889",1,8,9,8
"890",1,1,2,1
"891",1,7,8,7
"892",2,3,5,4
"893",2,5,7,5
"894",1,1,2,1
"895",1,5,6,5
"896",1,6,7,6
"897",1,17,18,17
"898",2,9,11,10
"899",6,1,7,6
"900",3,3,6,3
"901",3,3,6,5
"902",1,8,9,8
"903",1,2,3,2
"904",10,26,36,29
"905",2,13,15,13
"906",1,5,6,5
"907",2,7,9,8
"908",4,4,8,4
"909",2,3,5,4
"910",1,2,3,2
"911",1,14,15,14
"912",1,2,3,2
"913",1,3,4,3
"914",1,2,3,2
"915",1,6,7,6
"916",1,1,2,1
"917",1,6,7,6
"918",1,21,22,21
"919",3,1,4,3
"920",2,2,4,2
"921",2,4,6,5
"922",5,4,9,7
"923",1,3,4,3
"924",1,3,4,3
"925",4,7,11,10
"926",1,4,5,4
"927",1,2,3,2
"928",2,5,7,5
"929",1,1,2,1
"930",1,1,2,1
"931",1,2,3,2
"932",2,2,4,3
"933",1,10,11,10
"934",1,6,7,6
"935",1,10,11,10
"936",1,1,2,1
"937",1,11,12,11
"938",2,4,6,4
"939",2,12,14,12
"940",2,3,5,4
"941",1,21,22,21
"942",1,1,2,1
"943",1,3,4,3
"944",3,2,5,4
"945",2,1,3,2
"946",1,11,12,11
"947",4,10,14,13
"948",5,1,6,5
"949",1,1,2,1
"950",1,1,2,1
"951",1,1,2,1
"952",1,14,15,14
"953",1,4,5,4
"954",2,1,3,2
"955",5,41,46,42
"956",1,2,3,2
"957",1,1,2,1
"958",3,39,42,40
"959",2,19,21,19
"960",1,7,8,7
"961",1,2,3,2
"962",1,10,11,10
"963",1,4,5,4
"964",1,6,7,6
"965",2,3,5,3
"966",1,1,2,1
"967",1,17,18,17
"968",2,5,7,5
"969",1,11,12,11
"970",2,4,6,4
"971",1,12,13,12
"972",1,6,7,6
"973",1,1,2,1
"974",1,2,3,2
"975",3,2,5,4
"976",1,14,15,14
"977",1,9,10,9
"978",4,34,38,36
"979",1,14,15,14
"980",5,8,13,9
"981",1,5,6,5
"982",2,9,11,10
"983",3,16,19,18
"984",1,1,2,1
"985",1,1,2,1
"986",3,6,9,8
"987",1,1,2,1
"988",1,3,4,3
"989",1,4,5,4
"990",1,2,3,2
"991",4,14,18,16
"992",1,1,2,1
"993",1,11,12,11
"994",2,1,3,2
"995",1,11,12,11
"996",12,11,23,17
"997",1,10,11,10
"998",5,3,8,7
"999",12,22,34,30
"1000",1,1,2,1
"1001",1,25,26,25
"1002",2,22,24,23
"1003",1,5,6,5
"1004",1,3,4,3
"1005",1,6,7,6
"1006",1,27,28,27
"1007",2,11,13,12
"1008",1,5,6,5
"1009",1,13,14,13
"1010",1,5,6,5
"1011",1,4,5,4
"1012",2,2,4,3
"1013",3,6,9,8
"1014",1,6,7,6
"1015",1,13,14,13
"1016",3,14,17,14
"1017",4,20,24,21
"1018",1,13,14,13
"1019",1,1,2,1
"1020",1,1,2,1
"1021",2,10,12,10
"1022",1,3,4,3
"1023",1,5,6,5
"1024",1,9,10,9
"1025",16,24,40,37
"1026",16,6,22,21
"1027",4,8,12,9
"1028",1,4,5,4
"1029",2,3,5,4
"1030",1,15,16,15
"1031",1,3,4,3
"1032",2,24,26,25
"1033",3,6,9,7
"1034",1,2,3,2
"1035",1,3,4,3
"1036",1,4,5,4
"1037",1,4,5,4
"1038",2,44,46,45
"1039",1,2,3,2
"1040",1,1,2,1
"1041",1,1,2,1
"1042",1,2,3,2
"1043",1,1,2,1
"1044",1,6,7,6
"1045",2,11,13,11
"1046",2,1,3,2
"1047",1,2,3,2
"1048",2,5,7,6
"1049",1,38,39,38
"1050",1,6,7,6
"1051",2,1,3,2
"1052",1,12,13,12
"1053",2,9,11,9
"1054",2,12,14,13
"1055",2,17,19,17
"1056",2,7,9,8
"1057",2,3,5,3
"1058",1,11,12,11
"1059",1,3,4,3
"1060",3,6,9,7
"1061",3,38,41,38
"1062",1,5,6,5
"1063",1,4,5,4
"1064",5,3,8,6
"1065",5,2,7,6
"1066",1,26,27,26
"1067",3,1,4,3
"1068",2,10,12,10
"1069",31,1,32,31
"1070",3,6,9,8
"1071",1,10,11,10
"1072",2,4,6,5
"1073",1,4,5,4
"1074",2,23,25,24
"1075",1,2,3,2
"1076",1,2,3,2
"1077",1,8,9,8
"1078",1,1,2,1
"1079",2,14,16,14
"1080",1,3,4,3
"1081",3,2,5,3
"1082",1,7,8,7
"1083",1,1,2,1
"1084",1,2,3,2
"1085",2,1,3,2
"1086",2,28,30,28
"1087",1,1,2,1
"1088",2,16,18,17
"1089",1,2,3,2
"1090",1,9,10,9
"1091",1,3,4,3
"1092",3,19,22,20
"1093",2,4,6,5
"1094",1,4,5,4
"1095",2,16,18,16
"1096",2,13,15,13
"1097",11,11,22,11
"1098",1,2,3,2
"1099",1,6,7,6
"1100",1,6,7,6
"1101",1,2,3,2
"1102",2,5,7,6
"1103",1,8,9,8
"1104",1,1,2,1
"1105",2,1,3,2
"1106",3,6,9,8
"1107",1,2,3,2
"1108",1,9,10,9
"1109",3,6,9,6
"1110",3,37,40,39
"1111",1,1,2,1
"1112",3,3,6,4
"1113",23,1,24,23
"1114",1,11,12,11
"1115",1,1,2,1
"1116",4,36,40,37
"1117",2,8,10,8
"1118",1,8,9,8
"1119",7,6,13,12
"1120",1,14,15,14
"1121",1,2,3,2
"1122",2,2,4,3
"1123",3,8,11,10
"1124",1,13,14,13
"1125",1,26,27,26
"1126",1,3,4,3
"1127",1,1,2,1
"1128",1,12,13,12
"1129",1,1,2,1
"1130",1,1,2,1
"1131",2,4,6,5
"1132",1,17,18,17
"1133",1,2,3,2
"1134",1,4,5,4
"1135",1,2,3,2
"1136",1,2,3,2
"1137",1,1,2,1
"1138",2,15,17,16
"1139",1,17,18,17
"1140",5,11,16,12
"1141",4,4,8,4
"1142",1,1,2,1
"1143",1,1,2,1
"1144",2,8,10,8
"1145",1,1,2,1
"1146",1,1,2,1
"1147",1,3,4,3
"1148",1,1,2,1
"1149",1,4,5,4
"1150",3,2,5,3
"1151",1,4,5,4
"1152",1,3,4,3
"1153",1,6,7,6
"1154",1,1,2,1
"1155",1,4,5,4
"1156",1,1,2,1
"1157",1,1,2,1
"1158",1,1,2,1
"1159",2,10,12,10
"1160",2,2,4,2
"1161",2,22,24,22
"1162",1,12,13,12
"1163",3,6,9,8
"1164",1,7,8,7
"1165",14,22,36,32
"1166",1,3,4,3
"1167",2,9,11,10
"1168",1,1,2,1
"1169",5,2,7,6
"1170",1,2,3,2
"1171",1,7,8,7
"1172",2,3,5,4
"1173",2,2,4,2
"1174",1,1,2,1
"1175",1,12,13,12
"1176",2,4,6,5
"1177",1,29,30,29
"1178",1,2,3,2
"1179",1,37,38,37
"1180",2,5,7,6
"1181",1,28,29,28
"1182",1,16,17,16
"1183",1,4,5,4
"1184",1,1,2,1
"1185",12,22,34,30
"1186",2,7,9,8
"1187",2,2,4,2
"1188",1,2,3,2
"1189",1,1,2,1
"1190",2,6,8,6
"1191",1,2,3,2
"1192",1,1,2,1
"1193",1,6,7,6
"1194",4,3,7,4
"1195",1,3,4,3
"1196",2,3,5,4
"1197",1,3,4,3
"1198",3,10,13,12
"1199",3,18,21,18
"1200",12,4,16,14
"1201",1,2,3,2
"1202",1,1,2,1
"1203",6,3,9,8
"1204",1,4,5,4
"1205",1,2,3,2
"1206",1,8,9,8
"1207",2,4,6,4
"1208",1,2,3,2
"1209",1,5,6,5
"1210",2,4,6,5
"1211",1,2,3,2
"1212",3,10,13,12
"1213",2,12,14,13
"1214",2,15,17,16
"1215",4,9,13,11
"1216",1,3,4,3
"1217",1,4,5,4
"1218",1,1,2,1
"1219",3,3,6,5
"1220",1,7,8,7
"1221",1,11,12,11
"1222",1,6,7,6
"1223",1,3,4,3
"1224",1,1,2,1
"1225",1,5,6,5
"1226",2,13,15,13
"1227",1,2,3,2
"1228",13,13,26,22
"1229",1,16,17,16
"1230",3,1,4,3
"1231",1,3,4,3
"1232",9,1,10,9
"1233",20,1,21,20
"1234",3,12,15,14
"1235",1,17,18,17
"1236",5,14,19,17
"1237",5,8,13,9
"1238",1,1,2,1
"1239",1,1,2,1
"1240",7,2,9,8
"1241",1,3,4,3
"1242",1,5,6,5
"1243",5,41,46,42
"1244",1,7,8,7
"1245",1,2,3,2
"1246",2,2,4,2
"1247",3,1,4,3
"1248",2,3,5,3
"1249",3,17,20,18
"1250",5,3,8,7
"1251",1,10,11,10
"1252",1,13,14,13
"1253",1,17,18,17
"1254",1,4,5,4
"1255",1,3,4,3
"1256",2,14,16,14
"1257",1,1,2,1
"1258",3,5,8,5
"1259",2,5,7,6
"1260",1,2,3,2
"1261",2,17,19,18
"1262",9,4,13,12
"1263",6,7,13,12
"1264",2,8,10,8
"1265",1,3,4,3
"1266",2,11,13,12
"1267",1,2,3,2
"1268",1,3,4,3
"1269",1,1,2,1
"1270",1,1,2,1
"1271",1,2,3,2
"1272",3,3,6,3
"1273",1,1,2,1
"1274",1,1,2,1
"1275",2,3,5,4
"1276",1,2,3,2
"1277",4,5,9,5
"1278",1,2,3,2
"1279",6,1,7,6
"1280",1,3,4,3
"1281",2,8,10,9
"1282",1,2,3,2
"1283",3,24,27,26
"1284",1,1,2,1
"1285",1,18,19,18
"1286",1,3,4,3
"1287",2,9,11,9
"1288",1,11,12,11
"1289",2,12,14,13
"1290",2,20,22,21
"1291",4,7,11,10
"1292",6,6,12,6
"1293",4,6,10,7
"1294",12,4,16,15
"1295",3,3,6,3
"1296",1,5,6,5
"1297",1,5,6,5
"1298",1,4,5,4
"1299",1,8,9,8
"1300",1,1,2,1
"1301",2,2,4,3
"1302",1,2,3,2
"1303",1,5,6,5
"1304",1,6,7,6
"1305",1,10,11,10
"1306",1,1,2,1
"1307",2,6,8,6
"1308",1,1,2,1
"1309",1,1,2,1
"1310",1,5,6,5
"1311",3,10,13,11
"1312",5,8,13,10
"1313",1,13,14,13
"1314",1,2,3,2
"1315",3,14,17,14
"1316",1,2,3,2
"1317",1,27,28,27
"1318",1,1,2,1
"1319",1,8,9,8
"1320",1,1,2,1
"1321",1,1,2,1
"1322",1,1,2,1
"1323",1,2,3,2
"1324",2,19,21,19
"1325",1,8,9,8
"1326",1,4,5,4
"1327",2,19,21,19
"1328",2,23,25,24
"1329",2,2,4,2
"1330",1,1,2,1
"1331",1,6,7,6
"1332",2,16,18,16
"1333",2,16,18,16
"1334",4,7,11,10
"1335",1,7,8,7
"1336",2,4,6,5
"1337",1,3,4,3
"1338",3,18,21,19
"1339",1,2,3,2
"1340",1,12,13,12
"1341",1,16,17,16
"1342",1,1,2,1
"1343",5,22,27,23
"1344",2,20,22,21
"1345",4,7,11,10
"1346",1,20,21,20
"1347",1,2,3,2
"1348",1,4,5,4
"1349",1,5,6,5
"1350",1,2,3,2
"1351",1,3,4,3
"1352",1,1,2,1
"1353",1,1,2,1
"1354",1,1,2,1
"1355",1,6,7,6
"1356",1,1,2,1
"1357",2,4,6,5
"1358",6,6,12,10
"1359",1,1,2,1
"1360",2,7,9,8
"1361",3,2,5,3
"1362",1,5,6,5
"1363",2,3,5,4
"1364",1,1,2,1
"1365",4,4,8,5
"1366",1,2,3,2
"1367",3,7,10,7
"1368",1,3,4,3
"1369",1,2,3,2
"1370",1,11,12,11
"1371",3,13,16,13
"1372",1,1,2,1
"1373",1,7,8,7
"1374",1,2,3,2
"1375",1,3,4,3
"1376",1,14,15,14
"1377",1,2,3,2
"1378",1,6,7,6
"1379",2,5,7,6
"1380",1,42,43,42
"1381",12,4,16,14
"1382",1,2,3,2
"1383",1,16,17,16
"1384",2,21,23,21
"1385",12,2,14,13
"1386",6,2,8,6
"1387",1,3,4,3
"1388",1,1,2,1
"1389",7,35,42,39
"1390",10,2,12,11
"1391",3,1,4,3
"1392",2,5,7,5
"1393",1,3,4,3
"1394",1,5,6,5
"1395",4,37,41,40
"1396",6,5,11,8
"1397",1,20,21,20
"1398",1,1,2,1
"1399",5,7,12,9
"1400",2,7,9,7
"1401",2,6,8,7
"1402",1,1,2,1
"1403",1,2,3,2
"1404",2,2,4,2
"1405",1,3,4,3
"1406",3,3,6,5
"1407",2,7,9,8
"1408",1,2,3,2
"1409",1,8,9,8
"1410",1,1,2,1
"1411",1,1,2,1
"1412",1,6,7,6
"1413",1,10,11,10
"1414",1,11,12,11
"1415",6,10,16,14
"1416",4,4,8,6
"1417",2,3,5,3
"1418",2,2,4,3
"1419",12,5,17,16
"1420",1,1,2,1
"1421",1,2,3,2
"1422",1,1,2,1
"1423",1,2,3,2
"1424",1,4,5,4
"1425",1,3,4,3
"1426",1,2,3,2
"1427",1,5,6,5
"1428",3,5,8,7
"1429",1,1,2,1
"1430",23,4,27,24
"1431",1,6,7,6
"1432",2,1,3,2
"1433",2,4,6,4
"1434",1,1,2,1
"1435",1,1,2,1
"1436",1,1,2,1
"1437",1,1,2,1
"1438",1,1,2,1
"1439",1,4,5,4
"1440",3,8,11,8
"1441",2,5,7,6
"1442",1,6,7,6
"1443",1,2,3,2
"1444",2,4,6,5
"1445",2,2,4,2
"1446",2,2,4,2
"1447",7,1,8,7
"1448",1,1,2,1
"1449",1,1,2,1
"1450",5,4,9,8
"1451",1,1,2,1
"1452",1,2,3,2
"1453",2,7,9,8
"1454",1,3,4,3
"1455",1,5,6,5
"1456",3,1,4,3
"1457",1,3,4,3
"1458",1,9,10,9
"1459",5,5,10,5
"1460",2,4,6,5
"1461",1,9,10,9
"1462",1,14,15,14
"1463",2,3,5,4
"1464",1,2,3,2
"1465",1,5,6,5
"1466",4,5,9,5
"1467",5,12,17,15
"1468",2,24,26,24
"1469",3,28,31,28
"1470",3,19,22,21
"1471",3,23,26,24
"1472",3,8,11,10
"1473",2,6,8,6
"1474",2,2,4,3
"1475",1,1,2,1
"1476",1,1,2,1
"1477",1,2,3,2
"1478",3,17,20,18
"1479",1,10,11,10
"1480",2,5,7,5
"1481",13,13,26,22
"1482",1,1,2,1
"1483",7,2,9,7
"1484",1,3,4,3
"1485",1,3,4,3
"1486",1,2,3,2
"1487",1,26,27,26
"1488",1,2,3,2
"1489",2,19,21,19
"1490",1,13,14,13
"1491",2,7,9,7
"1492",1,1,2,1
"1493",7,5,12,9
"1494",1,4,5,4
"1495",1,1,2,1
"1496",1,1,2,1
"1497",1,1,2,1
"1498",1,1,2,1
"1499",1,5,6,5
"1500",3,2,5,3
"1501",2,4,6,5
"1502",3,1,4,3
"1503",3,8,11,10
"1504",3,8,11,8
"1505",5,169,174,173
"1506",1,6,7,6
"1507",1,6,7,6
"1508",3,28,31,29
"1509",2,2,4,2
"1510",1,4,5,4
"1511",2,2,4,2
"1512",2,9,11,10
"1513",1,2,3,2
"1514",1,6,7,6
"1515",6,17,23,22
"1516",4,1,5,4
"1517",3,11,14,13
"1518",1,5,6,5
"1519",4,10,14,13
"1520",1,4,5,4
"1521",4,35,39,35
"1522",1,17,18,17
"1523",1,17,18,17
"1524",2,16,18,16
"1525",3,8,11,10
"1526",1,2,3,2
"1527",12,2,14,13
"1528",2,1,3,2
"1529",4,4,8,7
"1530",2,38,40,38
"1531",1,1,2,1
"1532",2,1,3,2
"1533",1,1,2,1
"1534",3,5,8,6
"1535",1,1,2,1
"1536",1,1,2,1
"1537",1,18,19,18
"1538",4,12,16,14
"1539",1,1,2,1
"1540",1,1,2,1
"1541",2,41,43,42
"1542",1,5,6,5
"1543",1,1,2,1
"1544",3,1,4,3
"1545",1,2,3,2
"1546",1,1,2,1
"1547",1,1,2,1
"1548",1,20,21,20
"1549",1,1,2,1
"1550",1,4,5,4
"1551",2,5,7,6
"1552",6,1,7,6
"1553",9,2,11,9
"1554",1,2,3,2
"1555",1,3,4,3
"1556",4,7,11,10
"1557",1,1,2,1
"1558",1,2,3,2
"1559",1,2,3,2
"1560",1,1,2,1
"1561",1,2,3,2
"1562",1,1,2,1
"1563",1,6,7,6
"1564",1,17,18,17
"1565",1,11,12,11
"1566",2,2,4,3
"1567",2,3,5,4
"1568",2,24,26,24
"1569",1,5,6,5
"1570",1,1,2,1
"1571",3,13,16,15
"1572",3,4,7,4
"1573",3,10,13,12
"1574",1,19,20,19
"1575",1,1,2,1
"1576",1,6,7,6
"1577",1,1,2,1
"1578",2,9,11,10
"1579",1,1,2,1
"1580",2,6,8,6
"1581",3,4,7,6
"1582",1,37,38,37
"1583",3,5,8,5
"1584",3,2,5,4
"1585",3,6,9,8
"1586",1,5,6,5
"1587",1,3,4,3
"1588",1,5,6,5
"1589",2,8,10,8
"1590",1,3,4,3
"1591",3,8,11,9
"1592",1,8,9,8
"1593",1,2,3,2
"1594",7,1,8,7
"1595",3,4,7,4
"1596",1,3,4,3
"1597",2,12,14,12
"1598",13,1,14,13
"1599",2,8,10,9
"1600",1,1,2,1
"1601",2,14,16,14
"1602",1,3,4,3
"1603",1,3,4,3
"1604",2,4,6,4
"1605",1,4,5,4
"1606",1,1,2,1
"1607",2,3,5,3
"1608",1,2,3,2
"1609",3,4,7,6
"1610",1,3,4,3
"1611",1,6,7,6
"1612",2,10,12,11
"1613",5,2,7,5
"1614",1,176,177,176
"1615",2,24,26,24
"1616",2,1,3,2
"1617",1,4,5,4
"1618",2,35,37,35
"1619",4,12,16,15
"1620",4,4,8,4
"1621",1,6,7,6
"1622",1,2,3,2
"1623",3,5,8,6
"1624",1,1,2,1
"1625",2,4,6,5
"1626",1,14,15,14
"1627",3,1,4,3
"1628",1,2,3,2
"1629",2,25,27,26
"1630",4,41,45,42
"1631",2,10,12,11
"1632",1,6,7,6
"1633",1,1,2,1
"1634",2,3,5,3
"1635",1,6,7,6
"1636",2,8,10,9
"1637",12,11,23,17
"1638",23,2,25,23
"1639",2,23,25,24
"1640",11,12,23,20
"1641",5,5,10,9
"1642",1,1,2,1
"1643",1,7,8,7
"1644",4,1,5,4
"1645",1,3,4,3
"1646",1,1,2,1
"1647",1,2,3,2
"1648",1,1,2,1
"1649",1,1,2,1
"1650",1,1,2,1
"1651",1,8,9,8
"1652",1,1,2,1
"1653",3,11,14,12
"1654",2,1,3,2
"1655",7,5,12,11
"1656",3,6,9,8
"1657",12,22,34,30
"1658",1,4,5,4
"1659",1,1,2,1
"1660",3,1,4,3
"1661",1,3,4,3
"1662",1,1,2,1
"1663",1,1,2,1
"1664",3,10,13,11
"1665",2,10,12,10
"1666",1,5,6,5
"1667",4,23,27,25
"1668",3,5,8,6
"1669",2,2,4,2
"1670",1,1,2,1
"1671",6,8,14,13
"1672",4,6,10,9
"1673",1,7,8,7
"1674",1,7,8,7
"1675",1,21,22,21
"1676",2,9,11,9
"1677",4,5,9,8
"1678",2,1,3,2
"1679",11,12,23,17
"1680",2,14,16,15
"1681",1,3,4,3
"1682",1,1,2,1
"1683",1,3,4,3
"1684",1,9,10,9
"1685",1,1,2,1
"1686",2,19,21,19
"1687",1,1,2,1
"1688",2,3,5,3
"1689",3,21,24,23
"1690",1,1,2,1
"1691",1,14,15,14
"1692",1,13,14,13
"1693",1,2,3,2
"1694",19,19,38,19
"1695",1,38,39,38
"1696",3,1,4,3
"1697",2,3,5,4
"1698",1,6,7,6
"1699",2,2,4,3
"1700",1,2,3,2
"1701",1,1,2,1
"1702",1,2,3,2
"1703",1,2,3,2
"1704",1,1,2,1
"1705",1,4,5,4
"1706",2,3,5,3
"1707",1,1,2,1
"1708",1,8,9,8
"1709",2,5,7,5
"1710",6,4,10,9
"1711",2,9,11,10
"1712",1,9,10,9
"1713",3,3,6,5
"1714",3,27,30,29
"1715",1,6,7,6
"1716",2,13,15,14
"1717",1,1,2,1
"1718",1,2,3,2
"1719",1,1,2,1
"1720",4,3,7,5
"1721",2,4,6,4
"1722",1,2,3,2
"1723",3,13,16,13
"1724",1,4,5,4
"1725",2,5,7,5
"1726",1,1,2,1
"1727",2,3,5,4
"1728",4,41,45,42
"1729",1,2,3,2
"1730",1,1,2,1
"1731",1,2,3,2
"1732",3,21,24,21
"1733",11,6,17,16
"1734",2,2,4,2
"1735",1,6,7,6
"1736",17,2,19,17
"1737",9,1,10,9
"1738",7,28,35,33
"1739",1,1,2,1
"1740",6,2,8,7
"1741",1,3,4,3
"1742",1,6,7,6
"1743",9,6,15,14
"1744",5,8,13,12
"1745",1,1,2,1
"1746",2,1,3,2
"1747",1,1,2,1
"1748",1,7,8,7
"1749",2,6,8,6
"1750",1,2,3,2
"1751",2,13,15,13
"1752",2,29,31,30
"1753",2,2,4,2
"1754",1,1,2,1
"1755",3,5,8,6
"1756",1,1,2,1
"1757",1,2,3,2
"1758",1,8,9,8
"1759",3,14,17,14
"1760",1,5,6,5
"1761",2,4,6,5
"1762",5,4,9,8
"1763",9,9,18,9
"1764",3,1,4,3
"1765",2,3,5,4
"1766",1,1,2,1
"1767",1,1,2,1
"1768",4,1,5,4
"1769",1,22,23,22
"1770",5,1,6,5
"1771",2,11,13,12
"1772",1,4,5,4
"1773",1,6,7,6
"1774",1,2,3,2
"1775",1,5,6,5
"1776",1,1,2,1
"1777",2,6,8,6
"1778",1,4,5,4
"1779",1,10,11,10
"1780",1,3,4,3
"1781",1,6,7,6
"1782",1,6,7,6
"1783",1,5,6,5
"1784",1,2,3,2
"1785",1,2,3,2
"1786",1,4,5,4
"1787",2,4,6,4
"1788",9,2,11,9
"1789",1,1,2,1
"1790",1,1,2,1
"1791",1,2,3,2
"1792",1,1,2,1
"1793",2,5,7,6
"1794",2,2,4,3
"1795",20,6,26,23
"1796",2,1,3,2
"1797",1,13,14,13
"1798",1,8,9,8
"1799",15,1,16,15
"1800",6,17,23,20
"1801",1,17,18,17
"1802",1,16,17,16
"1803",1,25,26,25
"1804",2,1,3,2
"1805",1,19,20,19
"1806",1,2,3,2
"1807",1,5,6,5
"1808",2,11,13,12
"1809",1,2,3,2
"1810",3,1,4,3
"1811",1,1,2,1
"1812",2,8,10,8
"1813",4,5,9,7
"1814",1,3,4,3
"1815",6,25,31,30
"1816",3,37,40,37
"1817",1,25,26,25
"1818",1,21,22,21
"1819",1,10,11,10
"1820",4,21,25,21
"1821",1,25,26,25
"1822",2,7,9,7
"1823",2,10,12,10
"1824",2,9,11,9
"1825",1,4,5,4
"1826",1,2,3,2
"1827",4,7,11,10
"1828",1,14,15,14
"1829",1,4,5,4
"1830",1,11,12,11
"1831",2,3,5,3
"1832",3,3,6,5
"1833",2,6,8,6
"1834",19,1,20,19
"1835",2,1,3,2
"1836",1,6,7,6
"1837",22,14,36,32
"1838",3,5,8,6
"1839",2,26,28,26
"1840",8,4,12,10
"1841",3,18,21,18
"1842",1,16,17,16
"1843",2,1,3,2
"1844",1,7,8,7
"1845",2,6,8,6
"1846",3,6,9,8
"1847",3,5,8,5
"1848",1,6,7,6
"1849",2,4,6,5
"1850",9,1,10,9
"1851",1,2,3,2
"1852",1,18,19,18
"1853",4,6,10,9
"1854",1,4,5,4
"1855",2,19,21,19
"1856",1,4,5,4
"1857",1,6,7,6
"1858",1,5,6,5
"1859",1,38,39,38
"1860",2,10,12,10
"1861",2,2,4,3
"1862",1,44,45,44
"1863",6,13,19,14
"1864",1,4,5,4
"1865",2,1,3,2
"1866",1,9,10,9
"1867",1,2,3,2
"1868",4,41,45,42
"1869",5,13,18,16
"1870",2,30,32,31
"1871",1,6,7,6
"1872",2,2,4,2
"1873",1,7,8,7
"1874",7,3,10,8
"1875",9,4,13,12
"1876",1,6,7,6
"1877",1,1,2,1
"1878",6,14,20,19
"1879",1,2,3,2
"1880",1,5,6,5
"1881",1,2,3,2
"1882",1,5,6,5
"1883",4,22,26,22
"1884",2,11,13,11
"1885",1,1,2,1
"1886",5,2,7,5
"1887",1,8,9,8
"1888",1,23,24,23
"1889",1,4,5,4
"1890",2,11,13,11
"1891",2,3,5,3
"1892",2,7,9,8
"1893",2,1,3,2
"1894",2,2,4,3
"1895",2,2,4,2
"1896",17,56,73,68
"1897",1,10,11,10
"1898",1,3,4,3
"1899",1,2,3,2
"1900",1,2,3,2
"1901",1,1,2,1
"1902",1,1,2,1
"1903",1,1,2,1
"1904",2,6,8,6
"1905",5,34,39,34
"1906",5,13,18,17
"1907",6,35,41,38
"1908",4,9,13,12
"1909",2,4,6,5
"1910",10,26,36,29
"1911",2,10,12,11
"1912",4,1,5,4
"1913",1,1,2,1
"1914",6,5,11,10
"1915",1,45,46,45
"1916",1,1,2,1
"1917",1,2,3,2
"1918",1,1,2,1
"1919",2,2,4,2
"1920",2,10,12,11
"1921",1,24,25,24
"1922",1,5,6,5
"1923",7,5,12,10
"1924",1,2,3,2
"1925",1,5,6,5
"1926",1,4,5,4
"1927",3,2,5,4
"1928",7,13,20,18
"1929",2,6,8,6
"1930",2,1,3,2
"1931",4,7,11,9
"1932",1,2,3,2
"1933",1,2,3,2
"1934",1,8,9,8
"1935",1,4,5,4
"1936",1,14,15,14
"1937",2,2,4,2
"1938",1,3,4,3
"1939",1,1,2,1
"1940",3,1,4,3
"1941",1,1,2,1
"1942",1,1,2,1
"1943",5,4,9,6
"1944",1,7,8,7
"1945",17,5,22,20
"1946",1,1,2,1
"1947",2,7,9,7
"1948",1,2,3,2
"1949",1,4,5,4
"1950",2,7,9,7
"1951",2,2,4,3
"1952",3,3,6,3
"1953",1,3,4,3
"1954",1,2,3,2
"1955",8,1,9,8
"1956",2,6,8,7
"1957",1,1,2,1
"1958",1,2,3,2
"1959",2,3,5,4
"1960",1,1,2,1
"1961",19,13,32,28
"1962",3,6,9,6
"1963",3,1,4,3
"1964",5,1,6,5
"1965",9,41,50,47
"1966",7,24,31,28
"1967",1,4,5,4
"1968",1,1,2,1
"1969",5,3,8,7
"1970",15,8,23,21
"1971",12,9,21,19
"1972",1,22,23,22
"1973",3,2,5,4
"1974",1,2,3,2
"1975",1,22,23,22
"1976",2,2,4,3
"1977",1,8,9,8
"1978",1,1,2,1
"1979",1,1,2,1
"1980",1,4,5,4
"1981",1,4,5,4
"1982",1,4,5,4
"1983",1,2,3,2
"1984",1,6,7,6
"1985",1,2,3,2
"1986",1,6,7,6
"1987",4,8,12,10
"1988",1,1,2,1
"1989",1,23,24,23
"1990",2,6,8,6
"1991",1,6,7,6
"1992",1,4,5,4
"1993",1,2,3,2
"1994",1,2,3,2
"1995",1,2,3,2
"1996",1,2,3,2
"1997",1,2,3,2
"1998",1,1,2,1
"1999",1,5,6,5
"2000",1,1,2,1
"2001",2,2,4,2
"2002",2,8,10,8
"2003",6,22,28,24
"2004",3,17,20,17
"2005",2,19,21,19
"2006",1,4,5,4
"2007",1,8,9,8
"2008",1,5,6,5
"2009",5,4,9,8
"2010",1,1,2,1
"2011",7,2,9,7
"2012",3,11,14,13
"2013",1,1,2,1
"2014",1,1,2,1
"2015",3,1,4,3
"2016",1,34,35,34
"2017",1,1,2,1
"2018",1,1,2,1
"2019",1,7,8,7
"2020",2,2,4,3
"2021",4,5,9,8
"2022",9,38,47,44
"2023",1,2,3,2
"2024",2,4,6,4
"2025",1,8,9,8
"2026",1,1,2,1
"2027",3,6,9,8
"2028",3,18,21,19
"2029",2,22,24,22
"2030",4,18,22,19
"2031",1,3,4,3
"2032",1,4,5,4
"2033",1,1,2,1
"2034",4,6,10,9
"2035",5,3,8,6
"2036",2,2,4,3
"2037",1,14,15,14
"2038",1,1,2,1
"2039",17,3,20,19
"2040",1,13,14,13
"2041",2,1,3,2
"2042",3,1,4,3
"2043",1,4,5,4
"2044",3,17,20,18
"2045",4,20,24,22
"2046",1,4,5,4
"2047",26,4,30,28
"2048",17,5,22,20
"2049",2,1,3,2
"2050",1,1,2,1
"2051",2,3,5,4
"2052",15,8,23,21
"2053",1,5,6,5
"2054",2,3,5,4
"2055",6,24,30,27
"2056",1,2,3,2
"2057",4,4,8,4
"2058",6,8,14,13
"2059",1,2,3,2
"2060",1,4,5,4
"2061",1,20,21,20
"2062",1,4,5,4
"2063",1,1,2,1
"2064",1,2,3,2
"2065",2,3,5,3
"2066",1,4,5,4
"2067",2,2,4,3
"2068",2,6,8,7
"2069",1,1,2,1
"2070",1,1,2,1
"2071",5,18,23,19
"2072",1,1,2,1
"2073",1,1,2,1
"2074",1,2,3,2
"2075",2,8,10,9
"2076",1,17,18,17
"2077",2,4,6,5
"2078",3,14,17,15
"2079",1,1,2,1
"2080",2,4,6,5
"2081",2,2,4,2
"2082",3,1,4,3
"2083",6,1,7,6
"2084",1,28,29,28
"2085",2,15,17,15
"2086",1,23,24,23
"2087",1,1,2,1
"2088",2,27,29,27
"2089",2,4,6,5
"2090",1,2,3,2
"2091",2,2,4,3
"2092",1,11,12,11
"2093",5,35,40,39
"2094",1,8,9,8
"2095",2,1,3,2
"2096",1,1,2,1
"2097",3,8,11,8
"2098",3,4,7,5
"2099",6,21,27,25
"2100",5,22,27,23
"2101",5,9,14,12
"2102",1,2,3,2
"2103",1,2,3,2
"2104",1,4,5,4
"2105",1,2,3,2
"2106",8,2,10,8
"2107",1,5,6,5
"2108",1,6,7,6
"2109",2,2,4,3
"2110",2,1,3,2
"2111",1,1,2,1
"2112",1,4,5,4
"2113",1,1,2,1
"2114",2,7,9,7
"2115",2,9,11,9
"2116",1,2,3,2
"2117",1,1,2,1
"2118",1,12,13,12
"2119",1,22,23,22
"2120",3,16,19,18
"2121",2,7,9,8
"2122",2,1,3,2
"2123",7,6,13,9
"2124",5,3,8,7
"2125",1,8,9,8
"2126",1,4,5,4
"2127",1,1,2,1
"2128",1,3,4,3
"2129",1,15,16,15
"2130",3,1,4,3
"2131",3,1,4,3
"2132",1,2,3,2
"2133",1,1,2,1
"2134",1,8,9,8
"2135",1,1,2,1
"2136",2,15,17,15
"2137",1,2,3,2
"2138",2,28,30,28
"2139",1,1,2,1
"2140",1,5,6,5
"2141",3,1,4,3
"2142",3,12,15,12
"2143",1,5,6,5
"2144",3,12,15,14
"2145",2,18,20,19
"2146",12,16,28,22
"2147",1,1,2,1
"2148",5,19,24,22
"2149",1,1,2,1
"2150",2,1,3,2
"2151",3,17,20,18
"2152",3,2,5,3
"2153",5,5,10,5
"2154",2,2,4,3
"2155",2,1,3,2
"2156",1,1,2,1
"2157",2,14,16,14
"2158",1,2,3,2
"2159",1,2,3,2
"2160",5,9,14,12
"2161",5,14,19,18
"2162",5,3,8,7
"2163",2,38,40,39
"2164",2,12,14,13
"2165",1,3,4,3
"2166",3,40,43,40
"2167",1,7,8,7
"2168",3,2,5,4
"2169",3,12,15,13
"2170",1,2,3,2
"2171",1,5,6,5
"2172",8,5,13,9
"2173",1,7,8,7
"2174",2,3,5,4
"2175",1,38,39,38
"2176",1,1,2,1
"2177",3,4,7,6
"2178",1,30,31,30
"2179",1,7,8,7
"2180",1,11,12,11
"2181",8,14,22,20
"2182",2,4,6,5
"2183",3,5,8,6
"2184",3,1,4,3
"2185",1,4,5,4
"2186",1,5,6,5
"2187",4,5,9,5
"2188",2,3,5,4
"2189",2,3,5,4
"2190",2,1,3,2
"2191",1,3,4,3
"2192",3,8,11,8
"2193",4,8,12,10
"2194",3,4,7,4
"2195",3,13,16,15
"2196",6,35,41,38
"2197",3,2,5,3
"2198",1,3,4,3
"2199",2,1,3,2
"2200",1,1,2,1
"2201",1,1,2,1
"2202",1,4,5,4
"2203",3,16,19,17
"2204",1,4,5,4
"2205",1,2,3,2
"2206",1,4,5,4
"2207",2,2,4,3
"2208",5,4,9,8
"2209",1,2,3,2
"2210",6,6,12,10
"2211",1,1,2,1
"2212",1,3,4,3
"2213",1,1,2,1
"2214",3,9,12,9
"2215",2,1,3,2
"2216",2,16,18,16
"2217",2,21,23,21
"2218",2,1,3,2
"2219",8,2,10,9
"2220",1,24,25,24
"2221",6,15,21,20
"2222",1,169,170,169
"2223",1,2,3,2
"2224",8,1,9,8
"2225",5,34,39,34
"2226",9,1,10,9
"2227",1,8,9,8
"2228",9,12,21,20
"2229",1,3,4,3
"2230",1,10,11,10
"2231",1,14,15,14
"2232",7,4,11,10
"2233",7,5,12,11
"2234",1,1,2,1
"2235",1,1,2,1
"2236",5,38,43,40
"2237",5,1,6,5
"2238",4,27,31,29
"2239",1,4,5,4
"2240",1,34,35,34
"2241",1,3,4,3
"2242",1,19,20,19
"2243",1,1,2,1
"2244",5,4,9,8
"2245",1,1,2,1
"2246",2,21,23,22
"2247",1,5,6,5
"2248",2,2,4,2
"2249",1,1,2,1
"2250",2,1,3,2
"2251",1,2,3,2
"2252",2,4,6,4
"2253",1,5,6,5
"2254",1,4,5,4
"2255",2,22,24,22
"2256",5,5,10,6
"2257",1,3,4,3
"2258",2,13,15,14
"2259",6,29,35,34
"2260",6,13,19,14
"2261",1,9,10,9
"2262",3,1,4,3
"2263",1,1,2,1
"2264",1,8,9,8
"2265",2,1,3,2
"2266",2,3,5,4
"2267",6,8,14,11
"2268",1,14,15,14
"2269",2,6,8,7
"2270",1,1,2,1
"2271",1,3,4,3
"2272",4,1,5,4
"2273",1,4,5,4
"2274",3,1,4,3
"2275",3,7,10,8
"2276",2,1,3,2
"2277",2,1,3,2
"2278",2,20,22,20
"2279",2,2,4,2
"2280",2,6,8,7
"2281",2,4,6,5
"2282",1,2,3,2
"2283",1,3,4,3
"2284",5,13,18,16
"2285",16,8,24,23
"2286",1,16,17,16
"2287",1,3,4,3
"2288",5,2,7,6
"2289",3,21,24,21
"2290",5,16,21,20
"2291",25,3,28,27
"2292",3,5,8,6
"2293",1,3,4,3
"2294",1,2,3,2
"2295",1,3,4,3
"2296",2,8,10,9
"2297",1,2,3,2
"2298",1,3,4,3
"2299",5,2,7,5
"2300",2,3,5,4
"2301",1,2,3,2
"2302",1,1,2,1
"2303",2,4,6,5
"2304",5,1,6,5
"2305",15,46,61,59
"2306",8,3,11,9
"2307",1,9,10,9
"2308",7,38,45,43
"2309",2,5,7,5
"2310",2,16,18,17
"2311",2,4,6,5
"2312",11,1,12,11
"2313",12,11,23,20
"2314",1,1,2,1
"2315",3,3,6,3
"2316",2,7,9,7
"2317",11,12,23,17
"2318",1,12,13,12
"2319",4,11,15,12
"2320",2,6,8,6
"2321",1,1,2,1
"2322",2,52,54,52
"2323",1,25,26,25
"2324",1,56,57,56
"2325",7,10,17,16
"2326",2,10,12,11
"2327",4,1,5,4
"2328",1,2,3,2
"2329",1,6,7,6
"2330",1,4,5,4
"2331",1,14,15,14
"2332",1,4,5,4
"2333",1,14,15,14
"2334",1,6,7,6
"2335",3,3,6,5
"2336",4,3,7,6
"2337",5,1,6,5
"2338",1,2,3,2
"2339",2,2,4,2
"2340",2,4,6,4
"2341",5,1,6,5
"2342",6,2,8,6
"2343",2,1,3,2
"2344",1,4,5,4
"2345",1,6,7,6
"2346",1,22,23,22
"2347",1,1,2,1
"2348",1,3,4,3
"2349",4,16,20,19
"2350",1,3,4,3
"2351",2,3,5,3
"2352",2,1,3,2
"2353",1,1,2,1
"2354",3,2,5,4
"2355",5,14,19,17
"2356",4,1,5,4
"2357",1,2,3,2
"2358",3,2,5,4
"2359",4,30,34,33
"2360",3,2,5,3
"2361",1,1,2,1
"2362",1,1,2,1
"2363",1,14,15,14
"2364",3,1,4,3
"2365",1,4,5,4
"2366",1,3,4,3
"2367",4,176,180,176
"2368",6,6,12,6
"2369",1,2,3,2
"2370",3,3,6,5
"2371",2,2,4,2
"2372",5,4,9,8
"2373",2,10,12,11
"2374",9,2,11,9
"2375",3,10,13,10
"2376",4,23,27,26
"2377",2,7,9,7
"2378",3,14,17,14
"2379",1,7,8,7
"2380",1,1,2,1
"2381",1,1,2,1
"2382",2,3,5,4
"2383",23,2,25,23
"2384",2,13,15,14
"2385",3,13,16,15
"2386",1,17,18,17
"2387",2,8,10,8
"2388",15,15,30,15
"2389",38,15,53,49
"2390",1,4,5,4
"2391",3,36,39,38
"2392",2,17,19,17
"2393",1,10,11,10
"2394",5,8,13,10
"2395",1,6,7,6
"2396",1,18,19,18
"2397",6,7,13,11
"2398",4,9,13,12
"2399",2,41,43,42
"2400",1,1,2,1
"2401",2,1,3,2
"2402",1,1,2,1
"2403",1,29,30,29
"2404",7,1,8,7
"2405",2,2,4,2
"2406",1,1,2,1
"2407",1,4,5,4
"2408",2,6,8,7
"2409",1,6,7,6
"2410",1,4,5,4
"2411",1,1,2,1
"2412",6,1,7,6
"2413",2,38,40,38
"2414",1,1,2,1
"2415",10,8,18,17
"2416",3,7,10,9
"2417",1,10,11,10
"2418",1,2,3,2
"2419",1,5,6,5
"2420",1,1,2,1
"2421",1,3,4,3
"2422",1,1,2,1
"2423",1,8,9,8
"2424",2,8,10,9
"2425",1,1,2,1
"2426",9,5,14,12
"2427",1,6,7,6
"2428",1,2,3,2
"2429",1,5,6,5
"2430",1,3,4,3
"2431",5,26,31,30
"2432",7,5,12,10
"2433",1,11,12,11
"2434",7,14,21,18
"2435",2,9,11,10
"2436",3,3,6,5
"2437",16,16,32,16
"2438",2,26,28,26
"2439",3,3,6,3
"2440",1,29,30,29
"2441",1,2,3,2
"2442",1,1,2,1
"2443",1,1,2,1
"2444",1,22,23,22
"2445",2,1,3,2
"2446",1,1,2,1
"2447",11,1,12,11
"2448",6,3,9,8
"2449",1,1,2,1
"2450",1,4,5,4
"2451",1,1,2,1
"2452",1,6,7,6
"2453",2,2,4,2
"2454",1,3,4,3
"2455",15,38,53,49
"2456",1,15,16,15
"2457",6,1,7,6
"2458",3,1,4,3
"2459",2,1,3,2
"2460",2,5,7,5
"2461",2,1,3,2
"2462",4,5,9,8
"2463",1,19,20,19
"2464",1,1,2,1
"2465",2,8,10,9
"2466",1,14,15,14
"2467",2,20,22,20
"2468",2,7,9,8
"2469",3,8,11,10
"2470",1,4,5,4
"2471",1,9,10,9
"2472",11,3,14,13
"2473",2,20,22,21
"2474",1,4,5,4
"2475",2,29,31,29
"2476",1,1,2,1
"2477",1,4,5,4
"2478",1,6,7,6
"2479",26,9,35,30
"2480",5,8,13,9
"2481",1,10,11,10
"2482",2,2,4,3
"2483",1,1,2,1
"2484",2,1,3,2
"2485",1,2,3,2
"2486",3,6,9,7
"2487",6,5,11,9
"2488",3,3,6,3
"2489",1,4,5,4
"2490",2,1,3,2
"2491",1,10,11,10
"2492",1,1,2,1
"2493",3,4,7,4
"2494",1,1,2,1
"2495",1,3,4,3
"2496",1,4,5,4
"2497",1,4,5,4
"2498",18,1,19,18
"2499",2,14,16,15
"2500",4,29,33,31
"2501",12,3,15,14
"2502",1,1,2,1
"2503",3,4,7,5
"2504",7,13,20,19
"2505",1,15,16,15
"2506",2,1,3,2
"2507",5,5,10,5
"2508",1,1,2,1
"2509",1,5,6,5
"2510",2,25,27,26
"2511",3,22,25,24
"2512",6,1,7,6
"2513",2,5,7,5
"2514",3,17,20,19
"2515",2,24,26,24
"2516",2,6,8,7
"2517",2,15,17,16
"2518",4,23,27,25
"2519",2,3,5,4
"2520",3,9,12,11
"2521",2,11,13,11
"2522",2,3,5,4
"2523",2,35,37,36
"2524",3,2,5,4
"2525",2,2,4,2
"2526",1,4,5,4
"2527",3,6,9,7
"2528",2,3,5,4
"2529",1,3,4,3
"2530",1,12,13,12
"2531",2,2,4,2
"2532",1,5,6,5
"2533",3,16,19,18
"2534",3,19,22,20
"2535",1,4,5,4
"2536",2,2,4,2
"2537",1,1,2,1
"2538",1,9,10,9
"2539",1,16,17,16
"2540",1,34,35,34
"2541",1,6,7,6
"2542",6,2,8,6
"2543",2,3,5,4
"2544",2,3,5,3
"2545",1,3,4,3
"2546",1,4,5,4
"2547",1,2,3,2
"2548",1,1,2,1
"2549",2,8,10,8
"2550",3,6,9,6
"2551",1,1,2,1
"2552",1,1,2,1
"2553",2,2,4,3
"2554",1,3,4,3
"2555",1,12,13,12
"2556",2,19,21,19
"2557",1,3,4,3
"2558",2,1,3,2
"2559",1,1,2,1
"2560",6,56,62,57
"2561",12,16,28,22
"2562",2,5,7,6
"2563",1,1,2,1
"2564",1,8,9,8
"2565",3,7,10,8
"2566",1,2,3,2
"2567",1,3,4,3
"2568",1,7,8,7
"2569",1,2,3,2
"2570",1,13,14,13
"2571",3,1,4,3
"2572",1,1,2,1
"2573",18,4,22,20
"2574",2,7,9,8
"2575",1,9,10,9
"2576",1,4,5,4
"2577",1,4,5,4
"2578",3,3,6,3
"2579",1,8,9,8
"2580",12,6,18,16
"2581",2,3,5,3
"2582",6,17,23,20
"2583",2,4,6,5
"2584",1,2,3,2
"2585",8,1,9,8
"2586",2,5,7,6
"2587",1,6,7,6
"2588",1,2,3,2
"2589",1,1,2,1
"2590",4,14,18,17
"2591",1,7,8,7
"2592",11,60,71,69
"2593",1,7,8,7
"2594",1,4,5,4
"2595",3,3,6,4
"2596",1,1,2,1
"2597",3,4,7,6
"2598",1,12,13,12
"2599",1,2,3,2
"2600",1,9,10,9
"2601",1,1,2,1
"2602",7,1,8,7
"2603",3,2,5,4
"2604",11,1,12,11
"2605",1,1,2,1
"2606",1,6,7,6
"2607",1,4,5,4
"2608",1,2,3,2
"2609",1,3,4,3
"2610",6,10,16,14
"2611",1,3,4,3
"2612",1,1,2,1
"2613",2,5,7,5
"2614",1,1,2,1
"2615",2,9,11,10
"2616",2,4,6,5
"2617",1,1,2,1
"2618",1,1,2,1
"2619",4,1,5,4
"2620",15,38,53,49
"2621",1,2,3,2
"2622",2,3,5,4
"2623",1,4,5,4
"2624",1,18,19,18
"2625",1,1,2,1
"2626",1,2,3,2
"2627",3,1,4,3
"2628",1,8,9,8
"2629",1,1,2,1
"2630",1,2,3,2
"2631",1,3,4,3
"2632",9,15,24,23
"2633",1,2,3,2
"2634",2,7,9,8
"2635",4,4,8,5
"2636",1,3,4,3
"2637",1,4,5,4
"2638",5,20,25,23
"2639",1,7,8,7
"2640",5,1,6,5
"2641",1,1,2,1
"2642",1,23,24,23
"2643",1,6,7,6
"2644",2,6,8,6
"2645",1,2,3,2
"2646",1,7,8,7
"2647",6,5,11,10
"2648",9,1,10,9
"2649",1,1,2,1
"2650",1,4,5,4
"2651",1,13,14,13
"2652",2,6,8,6
"2653",4,2,6,4
"2654",2,2,4,2
"2655",2,2,4,2
"2656",3,7,10,8
"2657",1,3,4,3
"2658",1,4,5,4
"2659",3,2,5,4
"2660",3,1,4,3
"2661",5,3,8,6
"2662",1,1,2,1
"2663",2,12,14,12
"2664",2,1,3,2
"2665",3,3,6,5
"2666",1,7,8,7
"2667",1,8,9,8
"2668",2,3,5,4
"2669",2,2,4,3
"2670",1,5,6,5
"2671",4,14,18,17
"2672",3,8,11,9
"2673",4,25,29,28
"2674",1,8,9,8
"2675",3,22,25,23
"2676",3,1,4,3
"2677",1,2,3,2
"2678",1,1,2,1
"2679",1,8,9,8
"2680",3,2,5,4
"2681",3,1,4,3
"2682",4,3,7,5
"2683",2,29,31,30
"2684",1,1,2,1
"2685",3,2,5,4
"2686",1,8,9,8
"2687",37,19,56,54
"2688",2,2,4,2
"2689",2,12,14,13
"2690",2,3,5,3
"2691",7,2,9,8
"2692",1,3,4,3
"2693",13,23,36,33
"2694",1,1,2,1
"2695",1,4,5,4
"2696",1,2,3,2
"2697",2,10,12,10
"2698",1,2,3,2
"2699",6,8,14,13
"2700",8,4,12,11
"2701",1,2,3,2
"2702",4,1,5,4
"2703",1,4,5,4
"2704",3,4,7,6
"2705",5,4,9,8
"2706",1,2,3,2
"2707",10,1,11,10
"2708",2,12,14,12
"2709",9,11,20,15
"2710",6,5,11,10
"2711",1,1,2,1
"2712",1,5,6,5
"2713",1,19,20,19
"2714",1,1,2,1
"2715",4,2,6,5
"2716",2,3,5,3
"2717",2,3,5,3
"2718",2,9,11,9
"2719",1,9,10,9
"2720",2,1,3,2
"2721",12,7,19,18
"2722",6,7,13,11
"2723",2,4,6,4
"2724",2,4,6,5
"2725",1,2,3,2
"2726",2,9,11,9
"2727",1,7,8,7
"2728",1,1,2,1
"2729",3,2,5,4
"2730",5,22,27,23
"2731",1,2,3,2
"2732",1,3,4,3
"2733",1,3,4,3
"2734",2,1,3,2
"2735",1,1,2,1
"2736",1,1,2,1
"2737",3,8,11,8
"2738",1,2,3,2
"2739",2,1,3,2
"2740",3,3,6,3
"2741",1,1,2,1
"2742",2,15,17,15
"2743",4,22,26,22
"2744",1,6,7,6
"2745",3,11,14,12
"2746",1,11,12,11
"2747",5,9,14,13
"2748",1,2,3,2
"2749",2,3,5,4
"2750",7,1,8,7
"2751",3,24,27,26
"2752",4,18,22,20
"2753",6,38,44,43
"2754",1,12,13,12
"2755",2,1,3,2
"2756",1,2,3,2
"2757",1,9,10,9
"2758",2,12,14,13
"2759",1,34,35,34
"2760",3,4,7,4
"2761",1,16,17,16
"2762",1,1,2,1
"2763",7,14,21,17
"2764",2,6,8,7
"2765",3,4,7,4
"2766",4,20,24,22
"2767",2,1,3,2
"2768",1,14,15,14
"2769",1,4,5,4
"2770",2,2,4,2
"2771",2,1,3,2
"2772",3,15,18,16
"2773",1,2,3,2
"2774",3,3,6,4
"2775",3,7,10,8
"2776",1,1,2,1
"2777",1,2,3,2
"2778",2,2,4,2
"2779",1,1,2,1
"2780",1,1,2,1
"2781",2,2,4,3
"2782",3,15,18,17
"2783",2,28,30,28
"2784",1,1,2,1
"2785",1,2,3,2
"2786",1,1,2,1
"2787",1,3,4,3
"2788",2,7,9,7
"2789",26,9,35,30
"2790",15,38,53,49
"2791",2,3,5,4
"2792",1,7,8,7
"2793",6,5,11,8
"2794",5,10,15,14
"2795",2,3,5,4
"2796",1,3,4,3
"2797",6,9,15,13
"2798",2,6,8,6
"2799",1,14,15,14
"2800",1,27,28,27
"2801",1,5,6,5
"2802",3,3,6,5
"2803",13,2,15,13
"2804",1,6,7,6
"2805",2,1,3,2
"2806",3,2,5,4
"2807",2,2,4,2
"2808",1,4,5,4
"2809",1,8,9,8
"2810",1,8,9,8
"2811",1,3,4,3
"2812",2,12,14,12
"2813",1,8,9,8
"2814",4,19,23,22
"2815",4,176,180,176
"2816",1,9,10,9
"2817",1,1,2,1
"2818",10,9,19,17
"2819",1,5,6,5
"2820",7,41,48,47
"2821",1,5,6,5
"2822",1,6,7,6
"2823",4,4,8,7
"2824",1,4,5,4
"2825",1,1,2,1
"2826",1,22,23,22
"2827",2,7,9,7
"2828",1,8,9,8
"2829",1,1,2,1
"2830",4,21,25,21
"2831",14,8,22,21
"2832",11,2,13,12
"2833",17,23,40,39
"2834",2,2,4,3
"2835",3,2,5,4
"2836",1,2,3,2
"2837",8,4,12,11
"2838",3,56,59,57
"2839",5,34,39,34
"2840",1,3,4,3
"2841",1,14,15,14
"2842",2,12,14,13
"2843",15,38,53,49
"2844",10,9,19,16
"2845",1,1,2,1
"2846",1,20,21,20
"2847",1,2,3,2
"2848",4,2,6,5
"2849",1,3,4,3
"2850",2,27,29,27
"2851",1,2,3,2
"2852",1,1,2,1
"2853",1,5,6,5
"2854",1,1,2,1
"2855",1,4,5,4
"2856",1,1,2,1
"2857",2,4,6,5
"2858",5,3,8,6
"2859",13,5,18,17
"2860",1,2,3,2
"2861",1,6,7,6
"2862",1,5,6,5
"2863",3,14,17,14
"2864",4,3,7,6
"2865",1,44,45,44
"2866",1,3,4,3
"2867",2,1,3,2
"2868",1,6,7,6
"2869",1,3,4,3
"2870",1,1,2,1
"2871",5,1,6,5
"2872",1,7,8,7
"2873",1,8,9,8
"2874",1,1,2,1
"2875",4,4,8,7
"2876",2,2,4,3
"2877",1,11,12,11
"2878",1,1,2,1
"2879",1,1,2,1
"2880",1,5,6,5
"2881",2,1,3,2
"2882",1,34,35,34
"2883",1,16,17,16
"2884",4,1,5,4
"2885",1,1,2,1
"2886",1,8,9,8
"2887",1,5,6,5
"2888",1,16,17,16
"2889",2,2,4,3
"2890",1,5,6,5
"2891",1,5,6,5
"2892",2,8,10,9
"2893",1,6,7,6
"2894",2,4,6,5
"2895",5,3,8,7
"2896",1,1,2,1
"2897",1,15,16,15
"2898",2,1,3,2
"2899",2,19,21,20
"2900",1,1,2,1
"2901",1,3,4,3
"2902",1,1,2,1
"2903",16,4,20,18
"2904",1,8,9,8
"2905",1,12,13,12
"2906",2,1,3,2
"2907",3,3,6,3
"2908",1,1,2,1
"2909",1,1,2,1
"2910",1,4,5,4
"2911",1,25,26,25
"2912",3,1,4,3
"2913",1,5,6,5
"2914",6,1,7,6
"2915",2,2,4,3
"2916",2,8,10,9
"2917",2,1,3,2
"2918",1,7,8,7
"2919",1,5,6,5
"2920",4,1,5,4
"2921",1,2,3,2
"2922",1,2,3,2
"2923",1,6,7,6
"2924",3,6,9,8
"2925",2,1,3,2
"2926",3,7,10,7
"2927",1,1,2,1
"2928",6,4,10,7
"2929",3,2,5,4
"2930",1,29,30,29
"2931",8,5,13,11
"2932",9,2,11,9
"2933",2,25,27,25
"2934",2,9,11,9
"2935",2,12,14,13
"2936",1,1,2,1
"2937",1,4,5,4
"2938",2,2,4,2
"2939",3,2,5,3
"2940",1,1,2,1
"2941",4,4,8,4
"2942",3,8,11,10
"2943",1,3,4,3
"2944",2,11,13,11
"2945",1,7,8,7
"2946",1,5,6,5
"2947",1,1,2,1
"2948",4,22,26,24
"2949",1,1,2,1
"2950",4,20,24,22
"2951",1,2,3,2
"2952",9,2,11,10
"2953",5,2,7,5
"2954",3,12,15,13
"2955",1,4,5,4
"2956",1,3,4,3
"2957",1,1,2,1
"2958",4,11,15,13
"2959",1,4,5,4
"2960",1,8,9,8
"2961",5,35,40,36
"2962",10,2,12,10
"2963",8,3,11,10
"2964",1,2,3,2
"2965",8,9,17,11
"2966",1,10,11,10
"2967",2,1,3,2
"2968",11,26,37,35
"2969",4,11,15,12
"2970",2,2,4,3
"2971",1,1,2,1
"2972",2,16,18,17
"2973",3,34,37,35
"2974",3,18,21,20
"2975",2,11,13,12
"2976",3,4,7,6
"2977",2,1,3,2
"2978",1,4,5,4
"2979",3,2,5,4
"2980",1,4,5,4
"2981",1,2,3,2
"2982",1,3,4,3
"2983",2,6,8,7
"2984",1,2,3,2
"2985",1,3,4,3
"2986",1,3,4,3
"2987",1,1,2,1
"2988",2,3,5,4
"2989",6,8,14,13
"2990",2,3,5,3
"2991",3,6,9,8
"2992",1,8,9,8
"2993",1,1,2,1
"2994",5,10,15,14
"2995",1,8,9,8
"2996",2,15,17,15
"2997",1,1,2,1
"2998",3,3,6,5
"2999",1,1,2,1
"3000",3,7,10,7
"3001",7,2,9,8
"3002",1,2,3,2
"3003",6,2,8,6
"3004",2,2,4,3
"3005",4,4,8,4
"3006",1,35,36,35
"3007",1,5,6,5
"3008",1,4,5,4
"3009",2,5,7,5
"3010",1,5,6,5
"3011",2,6,8,6
"3012",1,4,5,4
"3013",1,4,5,4
"3014",1,6,7,6
"3015",5,5,10,6
"3016",1,2,3,2
"3017",1,1,2,1
"3018",2,4,6,5
"3019",1,1,2,1
"3020",1,5,6,5
"3021",2,3,5,4
"3022",1,7,8,7
"3023",2,1,3,2
"3024",1,1,2,1
"3025",1,11,12,11
"3026",1,18,19,18
"3027",2,1,3,2
"3028",8,8,16,8
"3029",9,11,20,19
"3030",1,22,23,22
"3031",1,22,23,22
"3032",3,2,5,3
"3033",1,29,30,29
"3034",1,2,3,2
"3035",3,22,25,23
"3036",5,5,10,9
"3037",16,11,27,25
"3038",1,1,2,1
"3039",1,4,5,4
"3040",1,2,3,2
"3041",2,2,4,3
"3042",1,4,5,4
"3043",1,6,7,6
"3044",1,1,2,1
"3045",3,3,6,3
"3046",1,6,7,6
"3047",17,2,19,17
"3048",23,38,61,58
"3049",11,12,23,17
"3050",1,13,14,13
"3051",15,11,26,25
"3052",1,11,12,11
"3053",13,6,19,18
"3054",3,1,4,3
"3055",8,3,11,9
"3056",1,4,5,4
"3057",2,8,10,9
"3058",11,26,37,35
"3059",11,60,71,69
"3060",2,1,3,2
"3061",2,5,7,6
"3062",1,3,4,3
"3063",1,7,8,7
"3064",1,1,2,1
"3065",2,5,7,6
"3066",2,13,15,13
"3067",2,2,4,3
"3068",1,2,3,2
"3069",1,2,3,2
"3070",1,7,8,7
"3071",1,1,2,1
"3072",1,3,4,3
"3073",4,2,6,5
"3074",2,4,6,4
"3075",3,8,11,9
"3076",1,5,6,5
"3077",1,5,6,5
"3078",1,2,3,2
"3079",2,1,3,2
"3080",1,3,4,3
"3081",2,9,11,10
"3082",2,4,6,5
"3083",1,1,2,1
"3084",2,7,9,7
"3085",1,41,42,41
"3086",4,5,9,5
"3087",1,2,3,2
"3088",1,1,2,1
"3089",1,9,10,9
"3090",1,2,3,2
"3091",1,4,5,4
"3092",1,7,8,7
"3093",1,6,7,6
"3094",3,1,4,3
"3095",1,4,5,4
"3096",1,4,5,4
"3097",2,5,7,5
"3098",13,17,30,22
"3099",2,2,4,3
"3100",8,2,10,8
"3101",1,6,7,6
"3102",7,14,21,17
"3103",14,1,15,14
"3104",1,1,2,1
"3105",5,6,11,8
"3106",1,1,2,1
"3107",1,4,5,4
"3108",1,2,3,2
"3109",3,4,7,4
"3110",2,4,6,4
"3111",1,6,7,6
"3112",2,2,4,3
"3113",2,3,5,4
"3114",9,10,19,16
"3115",2,2,4,3
"3116",2,1,3,2
"3117",1,4,5,4
"3118",3,1,4,3
"3119",1,1,2,1
"3120",1,19,20,19
"3121",2,6,8,6
"3122",1,8,9,8
"3123",5,38,43,40
"3124",1,3,4,3
"3125",9,5,14,12
"3126",1,2,3,2
"3127",1,4,5,4
"3128",2,11,13,11
"3129",3,10,13,10
"3130",1,2,3,2
"3131",1,4,5,4
"3132",1,4,5,4
"3133",1,20,21,20
"3134",4,1,5,4
"3135",1,10,11,10
"3136",3,56,59,57
"3137",1,4,5,4
"3138",5,2,7,6
"3139",4,5,9,8
"3140",1,6,7,6
"3141",25,25,50,25
"3142",3,3,6,5
"3143",1,2,3,2
"3144",1,5,6,5
"3145",2,60,62,60
"3146",4,1,5,4
"3147",1,4,5,4
"3148",31,8,39,36
"3149",1,4,5,4
"3150",1,2,3,2
"3151",3,8,11,8
"3152",4,8,12,10
"3153",1,1,2,1
"3154",1,3,4,3
"3155",2,6,8,7
"3156",1,1,2,1
"3157",1,2,3,2
"3158",1,1,2,1
"3159",2,3,5,4
"3160",1,9,10,9
"3161",1,2,3,2
"3162",5,4,9,8
"3163",1,25,26,25
"3164",7,1,8,7
"3165",4,5,9,7
"3166",4,9,13,12
"3167",3,3,6,5
"3168",6,3,9,8
"3169",3,3,6,3
"3170",3,35,38,37
"3171",1,1,2,1
"3172",5,11,16,14
"3173",1,11,12,11
"3174",1,11,12,11
"3175",5,4,9,7
"3176",5,3,8,6
"3177",5,35,40,36
"3178",5,35,40,35
"3179",1,1,2,1
"3180",1,1,2,1
"3181",2,1,3,2
"3182",1,34,35,34
"3183",1,4,5,4
"3184",4,5,9,5
"3185",1,42,43,42
"3186",1,13,14,13
"3187",3,10,13,12
"3188",1,11,12,11
"3189",1,28,29,28
"3190",1,12,13,12
"3191",1,8,9,8
"3192",2,2,4,3
"3193",1,9,10,9
"3194",2,4,6,4
"3195",1,3,4,3
"3196",2,5,7,6
"3197",7,9,16,15
"3198",1,3,4,3
"3199",1,5,6,5
"3200",1,5,6,5
"3201",1,3,4,3
"3202",2,4,6,5
"3203",2,2,4,3
"3204",2,2,4,3
"3205",1,14,15,14
"3206",1,3,4,3
"3207",1,5,6,5
"3208",4,4,8,5
"3209",5,22,27,23
"3210",1,3,4,3
"3211",2,11,13,12
"3212",3,6,9,6
"3213",2,18,20,19
"3214",5,1,6,5
"3215",2,2,4,3
"3216",5,4,9,7
"3217",7,19,26,24
"3218",4,4,8,7
"3219",1,4,5,4
"3220",1,1,2,1
"3221",7,1,8,7
"3222",6,14,20,17
"3223",3,5,8,7
"3224",1,5,6,5
"3225",3,2,5,3
"3226",4,1,5,4
"3227",3,5,8,6
"3228",1,1,2,1
"3229",1,6,7,6
"3230",1,1,2,1
"3231",2,3,5,3
"3232",9,17,26,25
"3233",1,1,2,1
"3234",1,1,2,1
"3235",1,10,11,10
"3236",1,3,4,3
"3237",2,9,11,10
"3238",2,9,11,10
"3239",2,16,18,16
"3240",4,4,8,7
"3241",5,14,19,18
"3242",4,5,9,5
"3243",1,9,10,9
"3244",1,3,4,3
"3245",1,10,11,10
"3246",1,2,3,2
"3247",1,8,9,8
"3248",2,1,3,2
"3249",1,15,16,15
"3250",1,4,5,4
"3251",1,1,2,1
"3252",1,1,2,1
"3253",1,5,6,5
"3254",2,2,4,2
"3255",3,38,41,40
"3256",10,2,12,10
"3257",1,1,2,1
"3258",1,1,2,1
"3259",1,1,2,1
"3260",5,8,13,10
"3261",8,6,14,13
"3262",1,3,4,3
"3263",1,3,4,3
"3264",12,9,21,19
"3265",4,15,19,17
"3266",1,1,2,1
"3267",2,2,4,3
"3268",1,1,2,1
"3269",1,20,21,20
"3270",2,6,8,7
"3271",1,2,3,2
"3272",1,1,2,1
"3273",1,9,10,9
"3274",1,4,5,4
"3275",3,7,10,7
"3276",4,3,7,6
"3277",1,6,7,6
"3278",3,3,6,5
"3279",1,9,10,9
"3280",5,12,17,16
"3281",4,22,26,22
"3282",1,29,30,29
"3283",8,1,9,8
"3284",1,1,2,1
"3285",1,7,8,7
"3286",2,1,3,2
"3287",2,6,8,6
"3288",5,2,7,6
"3289",4,1,5,4
"3290",1,36,37,36
"3291",1,2,3,2
"3292",1,1,2,1
"3293",1,4,5,4
"3294",8,1,9,8
"3295",1,1,2,1
"3296",1,1,2,1
"3297",1,19,20,19
"3298",2,3,5,3
"3299",7,3,10,9
"3300",1,1,2,1
"3301",3,1,4,3
"3302",1,8,9,8
"3303",6,18,24,20
"3304",5,11,16,15
"3305",1,3,4,3
"3306",2,1,3,2
"3307",2,2,4,3
"3308",7,6,13,12
"3309",1,4,5,4
"3310",1,7,8,7
"3311",1,1,2,1
"3312",2,1,3,2
"3313",2,17,19,17
"3314",2,8,10,9
"3315",3,11,14,13
"3316",12,12,24,12
"3317",2,11,13,12
"3318",1,5,6,5
"3319",4,3,7,5
"3320",1,1,2,1
"3321",1,1,2,1
"3322",2,7,9,8
"3323",1,1,2,1
"3324",3,27,30,29
"3325",2,20,22,21
"3326",2,6,8,7
"3327",1,7,8,7
"3328",1,3,4,3
"3329",2,8,10,8
"3330",4,3,7,4
"3331",4,3,7,4
"3332",3,4,7,4
"3333",1,2,3,2
"3334",2,14,16,15
"3335",1,6,7,6
"3336",2,4,6,5
"3337",3,9,12,10
"3338",1,10,11,10
"3339",2,41,43,41
"3340",1,1,2,1
"3341",1,176,177,176
"3342",1,1,2,1
"3343",2,8,10,8
"3344",1,1,2,1
"3345",4,21,25,24
"3346",5,5,10,9
"3347",1,9,10,9
"3348",10,35,45,44
"3349",11,38,49,48
"3350",19,9,28,27
"3351",4,8,12,10
"3352",2,25,27,25
"3353",1,1,2,1
"3354",13,40,53,51
"3355",2,5,7,6
"3356",1,3,4,3
"3357",3,5,8,6
"3358",2,2,4,2
"3359",2,1,3,2
"3360",9,4,13,10
"3361",1,1,2,1
"3362",2,1,3,2
"3363",2,6,8,6
"3364",1,1,2,1
"3365",1,2,3,2
"3366",3,1,4,3
"3367",1,2,3,2
"3368",1,2,3,2
"3369",2,21,23,21
"3370",7,5,12,9
"3371",1,7,8,7
"3372",1,2,3,2
"3373",6,21,27,25
"3374",3,8,11,9
"3375",5,18,23,22
"3376",6,5,11,8
"3377",2,1,3,2
"3378",5,8,13,10
"3379",1,3,4,3
"3380",11,5,16,15
"3381",3,23,26,23
"3382",2,3,5,4
"3383",3,14,17,15
"3384",1,7,8,7
"3385",4,27,31,30
"3386",1,1,2,1
"3387",1,1,2,1
"3388",2,4,6,4
"3389",4,8,12,11
"3390",1,1,2,1
"3391",1,2,3,2
"3392",1,3,4,3
"3393",1,3,4,3
"3394",2,3,5,4
"3395",7,8,15,14
"3396",1,6,7,6
"3397",3,5,8,7
"3398",1,1,2,1
"3399",1,5,6,5
"3400",1,5,6,5
"3401",5,6,11,10
"3402",22,39,61,58
"3403",4,38,42,41
"3404",8,9,17,16
"3405",8,2,10,9
"3406",2,2,4,2
"3407",1,1,2,1
"3408",2,27,29,27
"3409",1,2,3,2
"3410",2,4,6,4
"3411",9,2,11,10
"3412",1,2,3,2
"3413",1,2,3,2
"3414",10,10,20,18
"3415",1,1,2,1
"3416",3,5,8,7
"3417",2,23,25,23
"3418",1,1,2,1
"3419",1,20,21,20
"3420",1,1,2,1
"3421",1,2,3,2
"3422",3,3,6,5
"3423",1,6,7,6
"3424",1,3,4,3
"3425",1,28,29,28
"3426",5,25,30,28
"3427",6,8,14,12
"3428",8,9,17,11
"3429",1,7,8,7
"3430",17,3,20,19
"3431",1,17,18,17
"3432",2,8,10,8
"3433",7,5,12,9
"3434",1,19,20,19
"3435",1,7,8,7
"3436",11,5,16,14
"3437",15,4,19,17
"3438",2,1,3,2
"3439",12,7,19,17
"3440",4,1,5,4
"3441",7,35,42,39
"3442",2,7,9,8
"3443",17,1,18,17
"3444",3,42,45,44
"3445",4,1,5,4
"3446",1,1,2,1
"3447",2,3,5,4
"3448",1,2,3,2
"3449",1,1,2,1
"3450",7,11,18,16
"3451",7,38,45,41
"3452",2,3,5,4
"3453",1,6,7,6
"3454",5,5,10,9
"3455",4,22,26,24
"3456",1,2,3,2
"3457",1,1,2,1
"3458",7,14,21,19
"3459",3,8,11,10
"3460",19,1,20,19
"3461",6,45,51,50
"3462",1,1,2,1
"3463",1,2,3,2
"3464",2,6,8,7
"3465",21,8,29,28
"3466",2,5,7,6
"3467",1,9,10,9
"3468",1,9,10,9
"3469",5,15,20,17
"3470",2,1,3,2
"3471",1,3,4,3
"3472",3,176,179,178
"3473",2,13,15,13
"3474",1,2,3,2
"3475",11,1,12,11
"3476",2,1,3,2
"3477",6,1,7,6
"3478",11,2,13,12
"3479",4,22,26,22
"3480",4,6,10,9
"3481",1,1,2,1
"3482",4,4,8,5
"3483",5,4,9,7
"3484",5,6,11,10
"3485",6,4,10,7
"3486",1,4,5,4
"3487",1,1,2,1
"3488",3,15,18,17
"3489",3,1,4,3
"3490",1,3,4,3
"3491",22,14,36,35
"3492",6,38,44,43
"3493",1,5,6,5
"3494",1,2,3,2
"3495",2,1,3,2
"3496",1,10,11,10
"3497",2,11,13,11
"3498",1,1,2,1
"3499",1,5,6,5
"3500",1,28,29,28
"3501",1,3,4,3
"3502",4,42,46,45
"3503",2,3,5,4
"3504",2,12,14,13
"3505",1,2,3,2
"3506",1,5,6,5
"3507",2,1,3,2
"3508",1,1,2,1
"3509",1,7,8,7
"3510",10,1,11,10
"3511",1,1,2,1
"3512",7,1,8,7
"3513",7,5,12,9
"3514",1,4,5,4
"3515",7,12,19,18
"3516",1,1,2,1
"3517",6,1,7,6
"3518",3,11,14,11
"3519",2,4,6,4
"3520",3,1,4,3
"3521",2,9,11,10
"3522",1,1,2,1
"3523",2,1,3,2
"3524",1,2,3,2
"3525",3,1,4,3
"3526",5,12,17,16
"3527",2,5,7,6
"3528",3,1,4,3
"3529",2,41,43,42
"3530",1,30,31,30
"3531",1,2,3,2
"3532",2,24,26,25
"3533",6,7,13,11
"3534",1,6,7,6
"3535",6,17,23,20
"3536",1,1,2,1
"3537",1,2,3,2
"3538",23,11,34,33
"3539",5,1,6,5
"3540",11,1,12,11
"3541",1,3,4,3
"3542",2,8,10,9
"3543",12,26,38,37
"3544",2,6,8,6
"3545",1,1,2,1
"3546",6,6,12,6
"3547",2,4,6,5
"3548",4,19,23,21
"3549",1,4,5,4
"3550",1,2,3,2
"3551",2,4,6,4
"3552",1,1,2,1
"3553",7,20,27,25
"3554",1,1,2,1
"3555",2,1,3,2
"3556",4,1,5,4
"3557",1,8,9,8
"3558",3,3,6,4
"3559",2,9,11,9
"3560",1,2,3,2
"3561",1,1,2,1
"3562",3,8,11,10
"3563",3,3,6,4
"3564",8,9,17,16
"3565",4,22,26,22
"3566",2,4,6,4
"3567",1,1,2,1
"3568",2,1,3,2
"3569",1,4,5,4
"3570",1,2,3,2
"3571",2,4,6,5
"3572",1,1,2,1
"3573",2,1,3,2
"3574",4,1,5,4
"3575",9,1,10,9
"3576",12,6,18,16
"3577",1,1,2,1
"3578",2,4,6,4
"3579",5,3,8,6
"3580",1,19,20,19
"3581",4,2,6,5
"3582",2,2,4,3
"3583",1,1,2,1
"3584",2,3,5,3
"3585",1,2,3,2
"3586",6,7,13,11
"3587",1,24,25,24
"3588",1,30,31,30
"3589",1,28,29,28
"3590",7,2,9,8
"3591",4,14,18,15
"3592",2,1,3,2
"3593",2,1,3,2
"3594",1,27,28,27
"3595",4,3,7,6
"3596",1,4,5,4
"3597",1,4,5,4
"3598",2,4,6,4
"3599",4,11,15,14
"3600",3,13,16,14
"3601",1,8,9,8
"3602",1,15,16,15
"3603",1,1,2,1
"3604",4,5,9,7
"3605",6,5,11,8
"3606",1,5,6,5
"3607",2,3,5,4
"3608",14,3,17,16
"3609",3,20,23,20
"3610",1,1,2,1
"3611",1,1,2,1
"3612",1,5,6,5
"3613",4,1,5,4
"3614",1,5,6,5
"3615",2,1,3,2
"3616",1,34,35,34
"3617",1,8,9,8
"3618",1,1,2,1
"3619",2,14,16,14
"3620",3,3,6,4
"3621",4,5,9,5
"3622",1,7,8,7
"3623",3,2,5,3
"3624",1,2,3,2
"3625",4,11,15,12
"3626",4,3,7,6
"3627",2,4,6,4
"3628",1,6,7,6
"3629",1,21,22,21
"3630",2,24,26,24
"3631",4,1,5,4
"3632",1,4,5,4
"3633",1,11,12,11
"3634",3,7,10,9
"3635",1,1,2,1
"3636",2,2,4,3
"3637",1,6,7,6
"3638",2,4,6,5
"3639",22,176,198,186
"3640",1,28,29,28
"3641",1,7,8,7
"3642",2,25,27,26
"3643",2,15,17,16
"3644",2,1,3,2
"3645",2,2,4,3
"3646",6,5,11,10
"3647",1,7,8,7
"3648",3,2,5,3
"3649",1,5,6,5
"3650",3,14,17,15
"3651",2,9,11,9
"3652",1,1,2,1
"3653",1,6,7,6
"3654",2,6,8,6
"3655",1,1,2,1
"3656",1,3,4,3
"3657",1,2,3,2
"3658",2,6,8,7
"3659",1,2,3,2
"3660",1,10,11,10
"3661",3,13,16,15
"3662",1,6,7,6
"3663",2,7,9,7
"3664",2,14,16,14
"3665",1,2,3,2
"3666",3,5,8,7
"3667",1,6,7,6
"3668",1,5,6,5
"3669",7,2,9,8
"3670",1,6,7,6
"3671",5,1,6,5
"3672",12,176,188,185
"3673",1,4,5,4
"3674",1,6,7,6
"3675",2,2,4,3
"3676",1,7,8,7
"3677",1,1,2,1
"3678",2,2,4,2
"3679",1,3,4,3
"3680",1,1,2,1
"3681",2,27,29,27
"3682",4,27,31,29
"3683",5,5,10,6
"3684",1,5,6,5
"3685",1,5,6,5
"3686",4,1,5,4
"3687",4,3,7,6
"3688",1,2,3,2
"3689",1,1,2,1
"3690",8,3,11,10
"3691",1,1,2,1
"3692",1,17,18,17
"3693",7,8,15,14
"3694",1,2,3,2
"3695",2,1,3,2
"3696",1,1,2,1
"3697",6,1,7,6
"3698",1,5,6,5
"3699",1,1,2,1
"3700",1,8,9,8
"3701",1,2,3,2
"3702",2,4,6,4
"3703",1,3,4,3
"3704",3,3,6,5
"3705",1,3,4,3
"3706",4,8,12,11
"3707",1,4,5,4
"3708",1,12,13,12
"3709",3,3,6,3
"3710",13,23,36,33
"3711",11,4,15,14
"3712",2,2,4,3
"3713",5,3,8,7
"3714",1,2,3,2
"3715",1,2,3,2
"3716",1,14,15,14
"3717",1,8,9,8
"3718",2,8,10,9
"3719",1,8,9,8
"3720",2,1,3,2
"3721",10,9,19,16
"3722",4,2,6,5
"3723",2,4,6,4
"3724",2,15,17,15
"3725",1,7,8,7
"3726",1,4,5,4
"3727",1,11,12,11
"3728",11,14,25,23
"3729",1,1,2,1
"3730",4,1,5,4
"3731",1,10,11,10
"3732",1,1,2,1
"3733",1,1,2,1
"3734",9,6,15,13
"3735",1,1,2,1
"3736",1,4,5,4
"3737",2,4,6,5
"3738",18,1,19,18
"3739",1,3,4,3
"3740",6,2,8,6
"3741",6,17,23,20
"3742",1,9,10,9
"3743",1,1,2,1
"3744",3,7,10,8
"3745",18,1,19,18
"3746",1,3,4,3
"3747",1,4,5,4
"3748",11,1,12,11
"3749",1,2,3,2
"3750",8,6,14,13
"3751",4,7,11,9
"3752",5,14,19,17
"3753",1,2,3,2
"3754",1,4,5,4
"3755",16,6,22,17
"3756",18,38,56,53
"3757",6,1,7,6
"3758",1,1,2,1
"3759",1,1,2,1
"3760",2,1,3,2
"3761",2,36,38,37
"3762",1,5,6,5
"3763",2,2,4,3
"3764",1,1,2,1
"3765",7,3,10,8
"3766",1,2,3,2
"3767",3,3,6,5
"3768",4,10,14,13
"3769",1,7,8,7
"3770",4,3,7,6
"3771",13,1,14,13
"3772",2,2,4,3
"3773",1,1,2,1
"3774",1,1,2,1
"3775",7,1,8,7
"3776",1,1,2,1
"3777",3,4,7,4
"3778",2,27,29,27
"3779",2,2,4,3
"3780",1,1,2,1
"3781",1,7,8,7
"3782",1,2,3,2
"3783",6,5,11,8
"3784",3,5,8,7
"3785",2,1,3,2
"3786",2,8,10,8
"3787",3,1,4,3
"3788",1,3,4,3
"3789",1,2,3,2
"3790",1,2,3,2
"3791",1,2,3,2
"3792",3,7,10,7
"3793",1,12,13,12
"3794",2,11,13,12
"3795",1,1,2,1
"3796",1,1,2,1
"3797",4,1,5,4
"3798",1,9,10,9
"3799",1,27,28,27
"3800",1,1,2,1
"3801",2,29,31,30
"3802",5,6,11,10
"3803",3,2,5,3
"3804",1,1,2,1
"3805",2,11,13,12
"3806",3,3,6,4
"3807",1,28,29,28
"3808",3,11,14,13
"3809",2,41,43,41
"3810",3,27,30,29
"3811",5,9,14,12
"3812",1,2,3,2
"3813",2,9,11,10
"3814",6,22,28,27
"3815",3,9,12,10
"3816",4,35,39,36
"3817",8,9,17,11
"3818",2,4,6,5
"3819",1,2,3,2
"3820",1,1,2,1
"3821",12,36,48,47
"3822",4,1,5,4
"3823",1,25,26,25
"3824",1,6,7,6
"3825",6,13,19,16
"3826",5,24,29,28
"3827",3,3,6,3
"3828",2,6,8,7
"3829",2,13,15,13
"3830",16,4,20,17
"3831",1,1,2,1
"3832",16,17,33,29
"3833",2,1,3,2
"3834",1,1,2,1
"3835",6,11,17,16
"3836",4,25,29,27
"3837",3,1,4,3
"3838",1,1,2,1
"3839",2,1,3,2
"3840",1,4,5,4
"3841",2,2,4,2
"3842",2,1,3,2
"3843",1,5,6,5
"3844",1,1,2,1
"3845",15,1,16,15
"3846",2,27,29,27
"3847",9,2,11,10
"3848",20,2,22,21
"3849",1,4,5,4
"3850",1,1,2,1
"3851",1,2,3,2
"3852",2,38,40,38
"3853",3,2,5,3
"3854",1,1,2,1
"3855",2,3,5,3
"3856",2,10,12,10
"3857",1,3,4,3
"3858",5,2,7,6
"3859",1,8,9,8
"3860",9,4,13,11
"3861",2,2,4,2
"3862",1,1,2,1
"3863",1,1,2,1
"3864",1,12,13,12
"3865",3,1,4,3
"3866",1,7,8,7
"3867",1,13,14,13
"3868",3,3,6,5
"3869",3,1,4,3
"3870",2,7,9,8
"3871",1,1,2,1
"3872",2,6,8,6
"3873",1,1,2,1
"3874",26,10,36,30
"3875",3,8,11,10
"3876",1,9,10,9
"3877",1,5,6,5
"3878",4,9,13,12
"3879",1,1,2,1
"3880",3,1,4,3
"3881",6,7,13,11
"3882",2,2,4,3
"3883",1,1,2,1
"3884",1,4,5,4
"3885",3,8,11,8
"3886",3,28,31,29
"3887",4,1,5,4
"3888",4,2,6,4
"3889",2,15,17,16
"3890",10,17,27,25
"3891",1,8,9,8
"3892",1,1,2,1
"3893",1,2,3,2
"3894",1,2,3,2
"3895",1,4,5,4
"3896",2,1,3,2
"3897",1,1,2,1
"3898",4,3,7,6
"3899",4,35,39,36
"3900",42,8,50,49
"3901",1,1,2,1
"3902",1,2,3,2
"3903",1,21,22,21
"3904",5,9,14,12
"3905",2,2,4,3
"3906",2,25,27,26
"3907",7,3,10,8
"3908",14,2,16,15
"3909",5,1,6,5
"3910",13,25,38,36
"3911",5,1,6,5
"3912",4,3,7,6
"3913",14,23,37,35
"3914",1,1,2,1
"3915",6,12,18,16
"3916",3,38,41,38
"3917",2,15,17,15
"3918",2,1,3,2
"3919",1,6,7,6
"3920",2,1,3,2
"3921",5,29,34,31
"3922",4,4,8,4
"3923",1,1,2,1
"3924",22,176,198,186
"3925",7,2,9,8
"3926",6,11,17,15
"3927",1,9,10,9
"3928",4,5,9,5
"3929",1,7,8,7
"3930",2,16,18,16
"3931",3,15,18,17
"3932",2,5,7,5
"3933",4,3,7,6
"3934",2,4,6,4
"3935",2,3,5,3
"3936",1,1,2,1
"3937",12,10,22,21
"3938",1,1,2,1
"3939",1,2,3,2
"3940",5,35,40,35
"3941",2,16,18,16
"3942",2,1,3,2
"3943",1,4,5,4
"3944",17,16,33,32
"3945",5,29,34,31
"3946",2,15,17,15
"3947",2,24,26,25
"3948",1,1,2,1
"3949",1,7,8,7
"3950",2,7,9,7
"3951",3,2,5,4
"3952",1,4,5,4
"3953",2,4,6,4
"3954",1,1,2,1
"3955",2,1,3,2
"3956",5,8,13,12
"3957",1,3,4,3
"3958",12,7,19,17
"3959",1,2,3,2
"3960",1,1,2,1
"3961",1,8,9,8
"3962",4,1,5,4
"3963",5,44,49,47
"3964",2,5,7,6
"3965",1,1,2,1
"3966",4,28,32,30
"3967",2,1,3,2
"3968",6,5,11,8
"3969",12,6,18,16
"3970",2,11,13,12
"3971",2,5,7,6
"3972",1,1,2,1
"3973",1,2,3,2
"3974",1,2,3,2
"3975",3,7,10,9
"3976",1,1,2,1
"3977",31,40,71,67
"3978",15,14,29,27
"3979",1,2,3,2
"3980",1,1,2,1
"3981",2,38,40,38
"3982",1,1,2,1
"3983",6,5,11,10
"3984",2,2,4,2
"3985",6,9,15,13
"3986",5,1,6,5
"3987",23,5,28,27
"3988",2,2,4,3
"3989",4,1,5,4
"3990",1,9,10,9
"3991",2,4,6,4
"3992",1,4,5,4
"3993",4,2,6,5
"3994",2,3,5,4
"3995",1,1,2,1
"3996",2,10,12,11
"3997",3,3,6,5
"3998",1,1,2,1
"3999",16,16,32,31
"4000",1,4,5,4
"4001",3,9,12,10
"4002",19,1,20,19
"4003",2,8,10,8
"4004",1,1,2,1
"4005",1,12,13,12
"4006",18,8,26,25
"4007",1,1,2,1
"4008",1,2,3,2
"4009",3,38,41,38
"4010",5,6,11,10
"4011",3,2,5,4
"4012",1,2,3,2
"4013",1,4,5,4
"4014",3,1,4,3
"4015",1,2,3,2
"4016",7,5,12,9
"4017",1,3,4,3
"4018",3,8,11,8
"4019",2,4,6,4
"4020",5,1,6,5
"4021",1,2,3,2
"4022",3,2,5,4
"4023",3,1,4,3
"4024",1,17,18,17
"4025",6,10,16,15
"4026",1,1,2,1
"4027",2,4,6,5
"4028",2,1,3,2
"4029",2,8,10,8
"4030",2,9,11,9
"4031",1,16,17,16
"4032",2,14,16,15
"4033",1,1,2,1
"4034",2,1,3,2
"4035",3,14,17,16
"4036",4,1,5,4
"4037",2,7,9,8
"4038",2,1,3,2
"4039",1,13,14,13
"4040",2,7,9,7
"4041",1,17,18,17
"4042",2,13,15,14
"4043",16,27,43,42
"4044",3,38,41,38
"4045",34,4,38,36
"4046",1,1,2,1
"4047",1,2,3,2
"4048",1,2,3,2
"4049",1,3,4,3
"4050",1,1,2,1
"4051",2,2,4,3
"4052",1,1,2,1
"4053",1,1,2,1
"4054",3,6,9,7
"4055",1,7,8,7
"4056",1,2,3,2
"4057",2,4,6,4
"4058",1,4,5,4
"4059",2,1,3,2
"4060",2,14,16,14
"4061",3,6,9,8
"4062",1,12,13,12
"4063",1,9,10,9
"4064",1,2,3,2
"4065",1,25,26,25
"4066",3,2,5,4
"4067",2,56,58,57
"4068",6,2,8,7
"4069",1,1,2,1
"4070",1,2,3,2
"4071",1,5,6,5
"4072",18,38,56,53
"4073",1,1,2,1
"4074",9,8,17,16
"4075",6,1,7,6
"4076",4,1,5,4
"4077",1,7,8,7
"4078",2,2,4,2
"4079",1,24,25,24
"4080",1,15,16,15
"4081",1,5,6,5
"4082",1,3,4,3
"4083",5,2,7,5
"4084",2,3,5,4
"4085",3,2,5,4
"4086",4,3,7,5
"4087",3,8,11,8
"4088",35,3,38,36
"4089",2,13,15,14
"4090",3,13,16,15
"4091",7,23,30,29
"4092",1,2,3,2
"4093",1,1,2,1
"4094",2,7,9,7
"4095",1,3,4,3
"4096",2,2,4,3
"4097",1,2,3,2
"4098",5,2,7,5
"4099",1,1,2,1
"4100",2,2,4,3
"4101",1,3,4,3
"4102",8,4,12,11
"4103",2,20,22,21
"4104",2,2,4,3
"4105",1,5,6,5
"4106",3,9,12,9
"4107",7,5,12,9
"4108",2,3,5,3
"4109",9,18,27,26
"4110",5,31,36,35
"4111",1,14,15,14
"4112",2,8,10,9
"4113",1,2,3,2
"4114",15,4,19,18
"4115",7,1,8,7
"4116",7,3,10,8
"4117",2,21,23,22
"4118",1,1,2,1
"4119",2,4,6,5
"4120",9,4,13,10
"4121",2,14,16,15
"4122",1,1,2,1
"4123",6,17,23,20
"4124",1,2,3,2
"4125",1,21,22,21
"4126",1,8,9,8
"4127",2,29,31,30
"4128",6,13,19,18
"4129",2,8,10,9
"4130",1,5,6,5
"4131",5,3,8,7
"4132",1,2,3,2
"4133",2,17,19,17
"4134",5,3,8,7
"4135",2,5,7,5
"4136",1,8,9,8
"4137",6,2,8,7
"4138",1,9,10,9
"4139",1,2,3,2
"4140",8,9,17,16
"4141",3,1,4,3
"4142",1,1,2,1
"4143",2,2,4,3
"4144",1,5,6,5
"4145",3,4,7,6
"4146",3,3,6,4
"4147",1,1,2,1
"4148",3,2,5,4
"4149",3,2,5,4
"4150",3,10,13,12
"4151",16,11,27,25
"4152",2,7,9,8
"4153",1,8,9,8
"4154",1,2,3,2
"4155",1,2,3,2
"4156",1,4,5,4
"4157",1,1,2,1
"4158",4,27,31,29
"4159",2,25,27,25
"4160",7,2,9,8
"4161",5,29,34,31
"4162",1,2,3,2
"4163",1,8,9,8
"4164",1,1,2,1
"4165",1,8,9,8
"4166",6,15,21,18
"4167",1,13,14,13
"4168",1,2,3,2
"4169",1,1,2,1
"4170",2,16,18,16
"4171",1,2,3,2
"4172",1,5,6,5
"4173",6,1,7,6
"4174",2,4,6,5
"4175",1,1,2,1
"4176",2,4,6,4
"4177",1,4,5,4
"4178",27,6,33,32
"4179",2,176,178,176
"4180",1,3,4,3
"4181",3,3,6,4
"4182",3,2,5,4
"4183",4,14,18,15
"4184",1,3,4,3
"4185",1,1,2,1
"4186",1,9,10,9
"4187",16,17,33,29
"4188",16,1,17,16
"4189",1,38,39,38
"4190",1,16,17,16
"4191",2,13,15,14
"4192",3,8,11,10
"4193",1,2,3,2
"4194",1,1,2,1
"4195",1,4,5,4
"4196",1,26,27,26
"4197",1,2,3,2
"4198",3,3,6,3
"4199",5,19,24,22
"4200",3,3,6,5
"4201",1,8,9,8
"4202",1,1,2,1
"4203",4,28,32,30
"4204",1,2,3,2
"4205",3,1,4,3
"4206",1,10,11,10
"4207",12,5,17,16
"4208",2,15,17,15
"4209",1,4,5,4
"4210",7,8,15,13
"4211",2,13,15,14
"4212",6,4,10,6
"4213",10,9,19,16
"4214",1,1,2,1
"4215",1,1,2,1
"4216",1,3,4,3
"4217",2,2,4,3
"4218",21,21,42,21
"4219",3,6,9,6
"4220",5,1,6,5
"4221",1,41,42,41
"4222",1,1,2,1
"4223",1,7,8,7
"4224",6,40,46,45
"4225",1,3,4,3
"4226",3,5,8,7
"4227",1,19,20,19
"4228",1,1,2,1
"4229",7,6,13,12
"4230",1,13,14,13
"4231",3,6,9,8
"4232",1,1,2,1
"4233",2,24,26,25
"4234",22,11,33,29
"4235",3,2,5,4
"4236",28,1,29,28
"4237",2,27,29,27
"4238",1,2,3,2
"4239",1,2,3,2
"4240",2,9,11,9
"4241",5,10,15,14
"4242",3,28,31,29
"4243",4,1,5,4
"4244",1,1,2,1
"4245",2,2,4,3
"4246",1,2,3,2
"4247",2,56,58,56
"4248",1,3,4,3
"4249",13,40,53,49
"4250",1,20,21,20
"4251",1,1,2,1
"4252",11,1,12,11
"4253",1,1,2,1
"4254",6,16,22,17
"4255",3,26,29,26
"4256",1,1,2,1
"4257",1,1,2,1
"4258",3,3,6,3
"4259",2,4,6,4
"4260",6,5,11,8
"4261",1,25,26,25
"4262",6,9,15,14
"4263",2,13,15,14
"4264",2,2,4,3
"4265",1,1,2,1
"4266",1,1,2,1
"4267",4,1,5,4
"4268",1,2,3,2
"4269",24,8,32,26
"4270",1,12,13,12
"4271",2,6,8,7
"4272",1,2,3,2
"4273",1,25,26,25
"4274",1,9,10,9
"4275",1,7,8,7
"4276",11,4,15,14
"4277",11,6,17,16
"4278",1,1,2,1
"4279",2,15,17,16
"4280",2,1,3,2
"4281",5,1,6,5
"4282",2,5,7,5
"4283",1,4,5,4
"4284",3,1,4,3
"4285",1,3,4,3
"4286",2,3,5,4
"4287",16,19,35,34
"4288",1,1,2,1
"4289",2,6,8,7
"4290",4,38,42,41
"4291",2,2,4,3
"4292",1,1,2,1
"4293",22,11,33,29
"4294",1,4,5,4
"4295",2,5,7,6
"4296",1,3,4,3
"4297",5,1,6,5
"4298",37,27,64,60
"4299",2,2,4,3
"4300",1,2,3,2
"4301",1,33,34,33
"4302",12,8,20,17
"4303",4,27,31,29
"4304",4,4,8,4
"4305",1,13,14,13
"4306",1,1,2,1
"4307",1,4,5,4
"4308",3,3,6,5
"4309",2,17,19,17
"4310",8,10,18,16
"4311",5,7,12,7
"4312",1,1,2,1
"4313",1,1,2,1
"4314",17,6,23,20
"4315",1,3,4,3
"4316",1,6,7,6
"4317",1,1,2,1
"4318",4,19,23,21
"4319",3,2,5,4
"4320",9,4,13,12
"4321",3,1,4,3
"4322",1,16,17,16
"4323",4,3,7,5
"4324",1,2,3,2
"4325",2,1,3,2
"4326",1,1,2,1
"4327",3,1,4,3
"4328",11,1,12,11
"4329",3,1,4,3
"4330",1,2,3,2
"4331",1,2,3,2
"4332",2,6,8,7
"4333",1,4,5,4
"4334",1,1,2,1
"4335",1,2,3,2
"4336",1,3,4,3
"4337",3,6,9,7
"4338",1,1,2,1
"4339",1,4,5,4
"4340",8,1,9,8
"4341",1,7,8,7
"4342",16,38,54,51
"4343",1,1,2,1
"4344",2,3,5,4
"4345",5,35,40,35
"4346",1,5,6,5
"4347",8,1,9,8
"4348",1,3,4,3
"4349",1,2,3,2
"4350",2,4,6,4
"4351",2,14,16,15
"4352",2,1,3,2
"4353",1,6,7,6
"4354",5,1,6,5
"4355",1,6,7,6
"4356",1,45,46,45
"4357",8,3,11,9
"4358",16,16,32,29
"4359",2,4,6,4
"4360",1,11,12,11
"4361",6,1,7,6
"4362",2,2,4,2
"4363",8,2,10,9
"4364",1,1,2,1
"4365",1,1,2,1
"4366",1,10,11,10
"4367",2,7,9,7
"4368",1,4,5,4
"4369",15,1,16,15
"4370",2,2,4,2
"4371",1,1,2,1
"4372",1,1,2,1
"4373",1,3,4,3
"4374",8,1,9,8
"4375",1,21,22,21
"4376",2,14,16,14
"4377",14,32,46,43
"4378",16,5,21,20
"4379",1,2,3,2
"4380",1,13,14,13
"4381",4,4,8,7
"4382",2,6,8,6
"4383",15,14,29,27
"4384",13,5,18,16
"4385",2,4,6,5
"4386",1,4,5,4
"4387",1,9,10,9
"4388",5,30,35,34
"4389",4,8,12,10
"4390",2,2,4,3
"4391",5,35,40,35
"4392",3,21,24,22
"4393",2,2,4,2
"4394",6,15,21,20
"4395",9,32,41,40
"4396",16,3,19,18
"4397",5,3,8,6
"4398",2,1,3,2
"4399",1,2,3,2
"4400",2,1,3,2
"4401",2,16,18,16
"4402",6,5,11,8
"4403",1,2,3,2
"4404",16,11,27,25
"4405",13,5,18,16
"4406",2,5,7,5
"4407",3,4,7,6
"4408",1,34,35,34
"4409",1,31,32,31
"4410",15,2,17,15
"4411",1,1,2,1
"4412",1,7,8,7
"4413",7,1,8,7
"4414",4,4,8,4
"4415",2,2,4,2
"4416",2,2,4,2
"4417",16,38,54,52
"4418",2,14,16,15
"4419",1,4,5,4
"4420",1,26,27,26
"4421",2,17,19,18
"4422",1,8,9,8
"4423",52,2,54,52
"4424",1,7,8,7
"4425",14,1,15,14
"4426",1,5,6,5
"4427",8,1,9,8
"4428",1,2,3,2
"4429",1,5,6,5
"4430",5,5,10,5
"4431",1,6,7,6
"4432",1,1,2,1
"4433",34,4,38,36
"4434",2,3,5,4
"4435",1,2,3,2
"4436",1,19,20,19
"4437",4,5,9,7
"4438",1,1,2,1
"4439",2,3,5,4
"4440",1,11,12,11
"4441",31,6,37,36
"4442",18,27,45,41
"4443",2,8,10,9
"4444",4,1,5,4
"4445",3,1,4,3
"4446",1,4,5,4
"4447",2,7,9,7
"4448",2,176,178,176
"4449",25,2,27,26
"4450",2,6,8,6
"4451",2,15,17,15
"4452",9,4,13,10
"4453",7,1,8,7
"4454",11,36,47,46
"4455",24,6,30,29
"4456",1,9,10,9
"4457",2,2,4,2
"4458",2,2,4,2
"4459",2,3,5,4
"4460",2,1,3,2
"4461",22,176,198,186
"4462",6,7,13,11
"4463",17,24,41,39
"4464",2,6,8,7
"4465",1,1,2,1
"4466",1,25,26,25
"4467",1,14,15,14
"4468",1,1,2,1
"4469",1,2,3,2
"4470",2,8,10,9
"4471",2,5,7,5
"4472",2,1,3,2
"4473",16,5,21,20
"4474",3,3,6,5
"4475",5,8,13,12
"4476",5,1,6,5
"4477",1,2,3,2
"4478",1,56,57,56
"4479",22,11,33,29
"4480",1,7,8,7
"4481",1,1,2,1
"4482",1,5,6,5
"4483",1,2,3,2
"4484",1,1,2,1
"4485",4,4,8,7
"4486",7,16,23,22
"4487",1,1,2,1
"4488",1,19,20,19
"4489",2,1,3,2
"4490",3,2,5,4
"4491",4,8,12,9
"4492",3,13,16,15
"4493",3,2,5,3
"4494",1,3,4,3
"4495",2,11,13,12
"4496",2,11,13,12
"4497",1,2,3,2
"4498",7,3,10,8
"4499",1,19,20,19
"4500",1,1,2,1
"4501",2,1,3,2
"4502",1,6,7,6
"4503",1,12,13,12
"4504",4,6,10,7
"4505",1,2,3,2
"4506",1,3,4,3
"4507",1,2,3,2
"4508",2,15,17,15
"4509",1,2,3,2
"4510",6,31,37,34
"4511",2,1,3,2
"4512",5,16,21,19
"4513",1,2,3,2
"4514",2,8,10,8
"4515",10,1,11,10
"4516",2,7,9,7
"4517",5,7,12,11
"4518",2,9,11,10
"4519",36,32,68,66
"4520",16,2,18,17
"4521",14,1,15,14
"4522",2,25,27,25
"4523",7,1,8,7
"4524",5,5,10,9
"4525",1,1,2,1
"4526",1,14,15,14
"4527",1,9,10,9
"4528",3,1,4,3
"4529",14,1,15,14
"4530",2,6,8,7
"4531",1,1,2,1
"4532",12,16,28,26
"4533",3,4,7,6
"4534",1,2,3,2
"4535",1,29,30,29
"4536",1,3,4,3
"4537",5,1,6,5
"4538",3,1,4,3
"4539",3,1,4,3
"4540",2,11,13,12
"4541",7,2,9,7
"4542",1,10,11,10
"4543",6,56,62,57
"4544",22,11,33,29
"4545",4,6,10,9
"4546",9,9,18,17
"4547",22,13,35,34
"4548",1,5,6,5
"4549",1,4,5,4
"4550",1,40,41,40
"4551",1,27,28,27
"4552",2,3,5,3
"4553",2,17,19,18
"4554",1,7,8,7
"4555",4,3,7,6
"4556",5,25,30,28
"4557",2,23,25,24
"4558",3,1,4,3
"4559",1,8,9,8
"4560",4,6,10,8
"4561",24,4,28,26
"4562",3,1,4,3
"4563",1,1,2,1
"4564",2,11,13,12
"4565",3,1,4,3
"4566",2,2,4,3
"4567",1,7,8,7
"4568",35,35,70,35
"4569",2,1,3,2
"4570",2,3,5,4
"4571",1,5,6,5
"4572",1,8,9,8
"4573",1,1,2,1
"4574",1,3,4,3
"4575",1,2,3,2
"4576",3,4,7,6
"4577",1,2,3,2
"4578",1,13,14,13
"4579",3,8,11,8
"4580",2,30,32,31
"4581",12,8,20,17
"4582",2,1,3,2
"4583",3,21,24,22
"4584",2,1,3,2
"4585",1,1,2,1
"4586",1,2,3,2
"4587",1,1,2,1
"4588",6,2,8,6
"4589",1,45,46,45
"4590",25,1,26,25
"4591",2,1,3,2
"4592",4,6,10,6
"4593",2,6,8,7
"4594",4,3,7,6
"4595",2,17,19,17
"4596",4,2,6,4
"4597",5,12,17,16
"4598",9,20,29,26
"4599",4,25,29,28
"4600",2,6,8,7
"4601",42,14,56,54
"4602",2,1,3,2
"4603",24,14,38,37
"4604",1,11,12,11
"4605",6,27,33,32
"4606",2,3,5,3
"4607",1,2,3,2
"4608",11,4,15,14
"4609",3,25,28,25
"4610",5,2,7,5
"4611",3,1,4,3
"4612",11,11,22,11
"4613",1,1,2,1
"4614",1,2,3,2
"4615",8,38,46,44
"4616",2,16,18,17
"4617",4,10,14,13
"4618",16,5,21,20
"4619",2,1,3,2
"4620",1,17,18,17
"4621",1,1,2,1
"4622",2,3,5,4
"4623",1,3,4,3
"4624",2,15,17,15
"4625",1,1,2,1
"4626",1,6,7,6
"4627",2,5,7,5
"4628",1,3,4,3
"4629",1,9,10,9
"4630",17,17,34,17
"4631",1,1,2,1
"4632",1,2,3,2
"4633",1,10,11,10
"4634",19,8,27,26
"4635",9,2,11,10
"4636",1,1,2,1
"4637",3,35,38,37
"4638",1,3,4,3
"4639",26,5,31,30
"4640",1,25,26,25
"4641",1,24,25,24
"4642",2,1,3,2
"4643",1,15,16,15
"4644",3,4,7,6
"4645",34,3,37,35
"4646",3,17,20,18
"4647",2,7,9,7
"4648",1,8,9,8
"4649",2,1,3,2
"4650",1,11,12,11
"4651",5,1,6,5
"4652",1,2,3,2
"4653",3,25,28,27
"4654",1,3,4,3
"4655",7,5,12,11
"4656",6,1,7,6
"4657",1,4,5,4
"4658",1,1,2,1
"4659",4,3,7,6
"4660",2,2,4,2
"4661",1,13,14,13
"4662",2,2,4,2
"4663",2,2,4,2
"4664",1,9,10,9
"4665",3,15,18,17
"4666",1,1,2,1
"4667",1,1,2,1
"4668",1,2,3,2
"4669",2,2,4,3
"4670",17,2,19,18
"4671",1,1,2,1
"4672",1,2,3,2
"4673",15,3,18,16
"4674",1,2,3,2
"4675",1,2,3,2
"4676",1,25,26,25
"4677",12,15,27,26
"4678",15,1,16,15
"4679",3,1,4,3
"4680",2,14,16,14
"4681",1,1,2,1
"4682",1,3,4,3
"4683",1,1,2,1
"4684",1,25,26,25
"4685",6,4,10,9
"4686",1,8,9,8
"4687",1,5,6,5
"4688",3,38,41,39
"4689",1,2,3,2
"4690",3,3,6,4
"4691",3,13,16,13
"4692",1,1,2,1
"4693",1,1,2,1
"4694",5,1,6,5
"4695",43,13,56,53
"4696",8,1,9,8
"4697",8,1,9,8
"4698",4,9,13,11
"4699",4,3,7,5
"4700",4,14,18,15
"4701",2,17,19,17
"4702",8,5,13,12
"4703",1,2,3,2
"4704",13,1,14,13
"4705",1,1,2,1
"4706",1,1,2,1
"4707",1,1,2,1
"4708",3,24,27,26
"4709",8,2,10,9
"4710",2,7,9,8
"4711",1,2,3,2
"4712",2,1,3,2
"4713",3,4,7,6
"4714",1,28,29,28
"4715",1,3,4,3
"4716",1,7,8,7
"4717",6,2,8,6
"4718",4,1,5,4
"4719",1,3,4,3
"4720",7,2,9,7
"4721",14,35,49,48
"4722",1,1,2,1
"4723",4,4,8,4
"4724",1,4,5,4
"4725",1,1,2,1
"4726",1,1,2,1
"4727",13,36,49,48
"4728",2,1,3,2
"4729",11,5,16,15
"4730",1,1,2,1
"4731",38,1,39,38
"4732",1,2,3,2
"4733",1,9,10,9
"4734",2,4,6,4
"4735",5,19,24,22
"4736",1,4,5,4
"4737",1,2,3,2
"4738",1,2,3,2
"4739",11,1,12,11
"4740",1,1,2,1
"4741",1,24,25,24
"4742",1,4,5,4
"4743",1,2,3,2
"4744",2,23,25,24
"4745",2,1,3,2
"4746",1,1,2,1
"4747",1,1,2,1
"4748",1,4,5,4
"4749",1,1,2,1
"4750",1,1,2,1
"4751",1,8,9,8
"4752",1,8,9,8
"4753",5,11,16,14
"4754",1,8,9,8
"4755",3,26,29,26
"4756",14,2,16,14
"4757",1,6,7,6
"4758",3,11,14,12
"4759",1,1,2,1
"4760",4,6,10,9
"4761",7,7,14,7
"4762",4,9,13,11
"4763",31,8,39,38
"4764",6,13,19,18
"4765",9,5,14,13
"4766",6,16,22,20
"4767",4,52,56,53
"4768",1,13,14,13
"4769",1,13,14,13
"4770",7,23,30,28
"4771",2,8,10,8
"4772",1,20,21,20
"4773",6,2,8,7
"4774",17,24,41,39
"4775",3,25,28,27
"4776",15,3,18,17
"4777",12,8,20,17
"4778",1,24,25,24
"4779",8,4,12,10
"4780",1,1,2,1
"4781",3,5,8,6
"4782",1,4,5,4
"4783",1,1,2,1
"4784",3,30,33,31
"4785",4,6,10,6
"4786",4,6,10,6
"4787",1,7,8,7
"4788",2,3,5,3
"4789",7,2,9,7
"4790",3,4,7,5
"4791",3,3,6,3
"4792",2,25,27,25
"4793",2,25,27,25
"4794",1,1,2,1
"4795",1,38,39,38
"4796",5,14,19,17
"4797",4,30,34,33
"4798",1,3,4,3
"4799",2,2,4,3
"4800",1,2,3,2
"4801",3,30,33,32
"4802",2,1,3,2
"4803",4,6,10,7
"4804",2,2,4,3
"4805",2,2,4,2
"4806",1,1,2,1
"4807",7,1,8,7
"4808",3,21,24,22
"4809",8,25,33,31
"4810",1,3,4,3
"4811",1,7,8,7
"4812",1,44,45,44
"4813",1,16,17,16
"4814",2,1,3,2
"4815",2,2,4,2
"4816",2,5,7,5
"4817",1,1,2,1
"4818",2,176,178,177
"4819",1,1,2,1
"4820",1,1,2,1
"4821",1,2,3,2
"4822",35,17,52,48
"4823",1,3,4,3
"4824",1,1,2,1
"4825",1,6,7,6
"4826",2,4,6,5
"4827",9,23,32,27
"4828",2,1,3,2
"4829",2,10,12,10
"4830",6,4,10,8
"4831",1,2,3,2
"4832",4,1,5,4
"4833",5,25,30,28
"4834",1,2,3,2
"4835",1,23,24,23
"4836",1,15,16,15
"4837",2,6,8,7
"4838",3,25,28,25
"4839",1,2,3,2
"4840",1,10,11,10
"4841",1,1,2,1
"4842",19,176,195,194
"4843",1,1,2,1
"4844",5,52,57,56
"4845",3,25,28,25
"4846",22,6,28,25
"4847",3,38,41,39
"4848",2,17,19,18
"4849",18,25,43,38
"4850",3,3,6,3
"4851",2,8,10,8
"4852",2,8,10,8
"4853",1,3,4,3
"4854",1,7,8,7
"4855",2,1,3,2
"4856",2,1,3,2
"4857",4,25,29,28
"4858",4,1,5,4
"4859",1,4,5,4
"4860",3,1,4,3
"4861",1,1,2,1
"4862",6,9,15,13
"4863",54,2,56,55
"4864",2,25,27,26
"4865",2,13,15,14
"4866",1,2,3,2
"4867",1,20,21,20
"4868",1,1,2,1
"4869",9,8,17,16
"4870",15,1,16,15
"4871",2,2,4,3
"4872",2,35,37,36
"4873",56,176,232,230
"4874",2,1,3,2
"4875",1,7,8,7
"4876",2,1,3,2
"4877",1,1,2,1
"4878",3,7,10,9
"4879",4,1,5,4
"4880",3,1,4,3
"4881",1,11,12,11
"4882",17,32,49,48
"4883",4,6,10,9
"4884",1,4,5,4
"4885",3,2,5,4
"4886",4,1,5,4
"4887",2,1,3,2
"4888",7,6,13,12
"4889",1,2,3,2
"4890",1,15,16,15
"4891",2,30,32,31
"4892",5,1,6,5
"4893",2,2,4,3
"4894",2,5,7,6
"4895",1,3,4,3
"4896",4,10,14,13
"4897",6,2,8,6
"4898",1,10,11,10
"4899",1,3,4,3
"4900",2,25,27,26
"4901",1,1,2,1
"4902",1,3,4,3
"4903",1,4,5,4
"4904",1,1,2,1
"4905",6,1,7,6
"4906",3,2,5,4
"4907",1,2,3,2
"4908",1,2,3,2
"4909",4,1,5,4
"4910",5,1,6,5
"4911",1,3,4,3
"4912",1,2,3,2
"4913",3,1,4,3
"4914",7,3,10,8
"4915",7,3,10,8
"4916",6,4,10,8
"4917",4,2,6,5
"4918",3,6,9,8
"4919",1,1,2,1
"4920",19,7,26,25
"4921",1,1,2,1
"4922",1,4,5,4
"4923",2,8,10,8
"4924",4,2,6,5
"4925",1,17,18,17
"4926",6,13,19,18
"4927",1,1,2,1
"4928",3,21,24,22
"4929",1,38,39,38
"4930",6,3,9,8
"4931",1,2,3,2
"4932",15,6,21,19
"4933",2,9,11,9
"4934",2,9,11,9
"4935",1,3,4,3
"4936",2,11,13,12
"4937",2,4,6,5
"4938",11,1,12,11
"4939",1,6,7,6
"4940",1,6,7,6
"4941",1,5,6,5
"4942",2,2,4,3
"4943",2,1,3,2
"4944",2,1,3,2
"4945",2,2,4,2
"4946",1,7,8,7
"4947",6,22,28,25
"4948",18,32,50,49
"4949",3,1,4,3
"4950",35,8,43,36
"4951",6,1,7,6
"4952",3,8,11,8
"4953",1,40,41,40
"4954",5,11,16,14
"4955",17,1,18,17
"4956",9,7,16,14
"4957",10,27,37,35
"4958",1,1,2,1
"4959",1,2,3,2
"4960",1,1,2,1
"4961",15,5,20,17
"4962",1,1,2,1
"4963",1,2,3,2
"4964",6,2,8,6
"4965",2,2,4,2
"4966",8,8,16,15
"4967",2,2,4,2
"4968",1,1,2,1
"4969",3,3,6,5
"4970",1,1,2,1
"4971",1,1,2,1
"4972",7,23,30,28
"4973",5,15,20,17
"4974",3,7,10,9
"4975",14,4,18,17
"4976",10,9,19,18
"4977",9,30,39,38
"4978",3,1,4,3
"4979",1,1,2,1
"4980",1,1,2,1
"4981",8,17,25,23
"4982",25,9,34,32
"4983",16,3,19,18
"4984",25,176,201,195
"4985",25,176,201,195
"4986",1,7,8,7
"4987",1,1,2,1
"4988",13,169,182,178
"4989",12,11,23,21
"4990",1,46,47,46
"4991",1,1,2,1
"4992",8,5,13,11
"4993",8,5,13,11
"4994",30,20,50,48
"4995",1,1,2,1
"4996",2,2,4,2
"4997",1,14,15,14
"4998",2,1,3,2
"4999",3,1,4,3
"5000",1,1,2,1
"5001",5,3,8,6
"5002",4,1,5,4
"5003",11,7,18,17
"5004",5,1,6,5
"5005",13,6,19,17
"5006",1,3,4,3
"5007",11,2,13,11
"5008",1,4,5,4
"5009",2,2,4,2
"5010",3,38,41,39
"5011",1,7,8,7
"5012",3,11,14,12
"5013",1,31,32,31
"5014",2,1,3,2
"5015",1,1,2,1
"5016",1,1,2,1
"5017",2,2,4,2
"5018",1,2,3,2
"5019",19,46,65,64
"5020",2,6,8,6
"5021",1,3,4,3
"5022",2,3,5,4
"5023",5,2,7,6
"5024",13,1,14,13
"5025",1,1,2,1
"5026",9,7,16,14
"5027",2,2,4,2
"5028",6,16,22,17
"5029",4,25,29,28
"5030",3,2,5,4
"5031",1,3,4,3
"5032",4,15,19,17
"5033",1,14,15,14
"5034",2,1,3,2
"5035",7,2,9,7
"5036",3,1,4,3
"5037",1,1,2,1
"5038",1,13,14,13
"5039",2,3,5,4
"5040",13,169,182,178
"5041",3,3,6,5
"5042",1,1,2,1
"5043",2,2,4,3
"5044",6,4,10,8
"5045",3,6,9,8
"5046",1,3,4,3
"5047",1,1,2,1
"5048",1,27,28,27
"5049",3,17,20,19
"5050",1,3,4,3
"5051",4,7,11,9
"5052",35,9,44,43
"5053",1,1,2,1
"5054",1,27,28,27
"5055",1,7,8,7
"5056",1,17,18,17
"5057",2,9,11,10
"5058",3,1,4,3
"5059",1,2,3,2
"5060",1,1,2,1
"5061",3,4,7,6
"5062",1,2,3,2
"5063",7,2,9,7
"5064",6,17,23,22
"5065",6,3,9,7
"5066",1,1,2,1
"5067",27,2,29,28
"5068",17,3,20,17
"5069",2,176,178,176
"5070",4,3,7,6
"5071",3,8,11,9
"5072",3,4,7,6
"5073",1,23,24,23
"5074",2,1,3,2
"5075",1,1,2,1
"5076",1,3,4,3
"5077",1,39,40,39
"5078",4,6,10,7
"5079",10,1,11,10
"5080",1,6,7,6
"5081",2,1,3,2
"5082",2,9,11,9
"5083",2,11,13,12
"5084",1,4,5,4
"5085",1,28,29,28
"5086",1,1,2,1
"5087",2,1,3,2
"5088",1,34,35,34
"5089",14,14,28,27
"5090",4,4,8,7
"5091",4,17,21,18
"5092",1,2,3,2
"5093",2,1,3,2
"5094",2,1,3,2
"5095",1,4,5,4
"5096",2,14,16,15
"5097",18,1,19,18
"5098",5,2,7,5
"5099",12,11,23,21
"5100",1,1,2,1
"5101",1,1,2,1
"5102",6,10,16,15
"5103",56,40,96,95
"5104",1,1,2,1
"5105",1,2,3,2
"5106",14,1,15,14
"5107",1,5,6,5
"5108",1,1,2,1
"5109",1,1,2,1
"5110",1,2,3,2
"5111",14,5,19,18
"5112",3,6,9,7
"5113",2,1,3,2
"5114",3,1,4,3
"5115",16,12,28,27
"5116",56,176,232,230
"5117",1,2,3,2
"5118",6,1,7,6
"5119",5,38,43,42
"5120",2,1,3,2
"5121",2,2,4,2
"5122",11,11,22,20
"5123",1,3,4,3
"5124",1,2,3,2
"5125",2,4,6,5
"5126",4,1,5,4
"5127",2,4,6,5
"5128",2,9,11,10
"5129",1,4,5,4
"5130",3,24,27,26
"5131",1,2,3,2
"5132",10,27,37,35
"5133",1,2,3,2
"5134",1,1,2,1
"5135",15,6,21,19
"5136",15,2,17,16
"5137",1,1,2,1
"5138",1,1,2,1
"5139",1,8,9,8
"5140",1,6,7,6
"5141",4,24,28,26
"5142",34,1,35,34
"5143",1,17,18,17
"5144",15,1,16,15
"5145",2,2,4,3
"5146",1,1,2,1
"5147",3,1,4,3
"5148",1,2,3,2
"5149",1,1,2,1
"5150",1,8,9,8
"5151",2,1,3,2
"5152",1,7,8,7
"5153",1,1,2,1
"5154",1,1,2,1
"5155",1,1,2,1
"5156",1,1,2,1
"5157",1,8,9,8
"5158",3,3,6,5
"5159",1,27,28,27
"5160",2,2,4,2
"5161",8,2,10,9
"5162",1,1,2,1
"5163",1,27,28,27
"5164",1,1,2,1
"5165",4,4,8,4
"5166",1,3,4,3
"5167",1,8,9,8
"5168",2,1,3,2
"5169",1,3,4,3
"5170",4,24,28,26
"5171",1,2,3,2
"5172",1,1,2,1
"5173",2,7,9,8
"5174",1,1,2,1
"5175",1,1,2,1
"5176",1,2,3,2
"5177",1,2,3,2
"5178",1,2,3,2
"5179",5,1,6,5
"5180",6,1,7,6
"5181",3,2,5,4
"5182",1,1,2,1
"5183",8,9,17,16
"5184",35,7,42,40
"5185",2,5,7,6
"5186",1,1,2,1
"5187",1,2,3,2
"5188",3,1,4,3
"5189",2,2,4,3
"5190",1,1,2,1
"5191",8,8,16,8
"5192",1,24,25,24
"5193",1,1,2,1
"5194",9,3,12,9
"5195",13,2,15,14
"5196",1,5,6,5
"5197",2,1,3,2
"5198",1,11,12,11
"5199",2,11,13,12
"5200",1,1,2,1
"5201",1,6,7,6
"5202",11,2,13,11
"5203",1,1,2,1
"5204",1,6,7,6
"5205",15,30,45,44
"5206",1,2,3,2
"5207",1,1,2,1
"5208",3,6,9,8
"5209",1,2,3,2
"5210",1,3,4,3
"5211",3,2,5,4
"5212",7,14,21,17
"5213",3,8,11,8
"5214",2,1,3,2
"5215",30,40,70,68
"5216",3,7,10,8
"5217",1,1,2,1
"5218",4,16,20,18
"5219",1,3,4,3
"5220",1,25,26,25
"5221",17,3,20,18
"5222",1,1,2,1
"5223",1,1,2,1
"5224",2,6,8,6
"5225",3,11,14,12
"5226",2,2,4,3
"5227",11,11,22,11
"5228",3,1,4,3
"5229",2,6,8,6
"5230",3,4,7,6
"5231",1,1,2,1
"5232",1,3,4,3
"5233",2,1,3,2
"5234",3,17,20,18
"5235",1,1,2,1
"5236",4,7,11,9
"5237",2,8,10,8
"5238",1,16,17,16
"5239",4,1,5,4
"5240",1,6,7,6
"5241",1,1,2,1
"5242",28,1,29,28
"5243",1,2,3,2
"5244",5,1,6,5
"5245",6,4,10,6
"5246",1,1,2,1
"5247",2,1,3,2
"5248",1,11,12,11
"5249",1,2,3,2
"5250",1,1,2,1
"5251",3,1,4,3
"5252",1,3,4,3
"5253",1,2,3,2
"5254",3,17,20,17
"5255",2,1,3,2
"5256",3,1,4,3
"5257",3,8,11,8
"5258",2,6,8,6
"5259",2,2,4,2
"5260",22,8,30,29
"5261",1,2,3,2
"5262",1,1,2,1
"5263",1,1,2,1
"5264",31,176,207,204
"5265",2,2,4,3
"5266",2,24,26,24
"5267",4,7,11,9
"5268",2,1,3,2
"5269",6,5,11,10
"5270",1,1,2,1
"5271",2,28,30,28
"5272",1,2,3,2
"5273",1,3,4,3
"5274",1,1,2,1
"5275",1,3,4,3
"5276",1,1,2,1
"5277",1,2,3,2
"5278",9,3,12,11
"5279",6,9,15,13
"5280",1,1,2,1
"5281",1,2,3,2
"5282",11,1,12,11
"5283",18,2,20,19
"5284",3,3,6,3
"5285",2,6,8,7
"5286",25,176,201,195
"5287",19,38,57,56
"5288",1,6,7,6
"5289",11,3,14,12
"5290",8,38,46,44
"5291",1,1,2,1
"5292",3,4,7,6
"5293",11,11,22,20
"5294",10,2,12,11
"5295",2,2,4,3
"5296",2,8,10,8
"5297",1,9,10,9
"5298",1,1,2,1
"5299",3,3,6,5
"5300",31,1,32,31
"5301",4,4,8,4
"5302",2,2,4,2
"5303",2,2,4,2
"5304",2,6,8,7
"5305",1,5,6,5
"5306",22,6,28,25
"5307",2,2,4,2
"5308",2,2,4,2
"5309",1,1,2,1
"5310",10,1,11,10
"5311",2,1,3,2
"5312",3,6,9,7
"5313",1,2,3,2
"5314",2,2,4,2
"5315",2,2,4,2
"5316",7,2,9,7
"5317",6,16,22,20
"5318",1,11,12,11
"5319",1,1,2,1
"5320",11,1,12,11
"5321",22,39,61,58
"5322",1,1,2,1
"5323",4,1,5,4
"5324",1,1,2,1
"5325",15,17,32,30
"5326",1,23,24,23
"5327",1,7,8,7
"5328",35,8,43,36
"5329",1,1,2,1
"5330",11,3,14,12
"5331",2,13,15,14
"5332",2,6,8,6
"5333",1,27,28,27
"5334",21,23,44,43
"5335",2,1,3,2
"5336",5,1,6,5
"5337",1,7,8,7
"5338",1,1,2,1
"5339",1,1,2,1
"5340",5,17,22,20
"5341",1,13,14,13
"5342",15,2,17,15
"5343",1,17,18,17
"5344",2,1,3,2
"5345",2,2,4,2
"5346",3,1,4,3
"5347",1,1,2,1
"5348",2,6,8,7
"5349",9,31,40,39
"5350",1,40,41,40
"5351",5,169,174,173
"5352",3,12,15,14
"5353",3,3,6,5
"5354",5,2,7,5
"5355",1,1,2,1
"5356",1,1,2,1
"5357",1,2,3,2
"5358",1,16,17,16
"5359",5,1,6,5
"5360",33,2,35,34
"5361",1,19,20,19
"5362",2,8,10,9
"5363",5,2,7,6
"5364",6,13,19,16
"5365",1,9,10,9
"5366",2,1,3,2
"5367",1,1,2,1
"5368",2,8,10,8
"5369",3,8,11,10
"5370",1,2,3,2
"5371",2,2,4,2
"5372",1,1,2,1
"5373",2,2,4,2
"5374",2,2,4,2
"5375",1,1,2,1
"5376",2,1,3,2
"5377",10,1,11,10
"5378",1,2,3,2
"5379",1,4,5,4
"5380",2,24,26,24
"5381",2,13,15,14
"5382",5,8,13,12
"5383",11,2,13,12
"5384",7,19,26,24
"5385",8,17,25,23
"5386",6,1,7,6
"5387",2,9,11,10
"5388",1,2,3,2
"5389",1,2,3,2
"5390",8,3,11,10
"5391",2,5,7,5
"5392",1,13,14,13
"5393",1,1,2,1
"5394",2,25,27,25
"5395",2,25,27,25
"5396",8,40,48,47
"5397",1,38,39,38
"5398",2,2,4,3
"5399",3,1,4,3
"5400",1,1,2,1
"5401",1,2,3,2
"5402",2,6,8,7
"5403",1,3,4,3
"5404",2,28,30,28
"5405",6,1,7,6
"5406",1,1,2,1
"5407",2,2,4,2
"5408",2,1,3,2
"5409",15,17,32,30
"5410",1,17,18,17
"5411",13,5,18,17
"5412",7,17,24,22
"5413",3,38,41,39
"5414",7,1,8,7
"5415",2,1,3,2
"5416",18,2,20,19
"5417",2,1,3,2
"5418",5,17,22,20
"5419",34,2,36,35
"5420",2,3,5,4
"5421",20,6,26,24
"5422",1,1,2,1
"5423",1,1,2,1
"5424",2,2,4,3
"5425",1,2,3,2
"5426",1,1,2,1
"5427",9,1,10,9
"5428",1,27,28,27
"5429",35,8,43,36
"5430",35,27,62,61
"5431",1,4,5,4
"5432",1,1,2,1
"5433",1,2,3,2
"5434",3,3,6,5
"5435",1,4,5,4
"5436",1,1,2,1
"5437",1,7,8,7
"5438",1,1,2,1
"5439",1,1,2,1
"5440",1,1,2,1
"5441",2,8,10,8
"5442",3,11,14,11
"5443",1,1,2,1
"5444",1,1,2,1
"5445",1,1,2,1
"5446",3,4,7,6
"5447",2,2,4,2
"5448",1,1,2,1
"5449",3,8,11,9
"5450",6,4,10,6
"5451",3,35,38,37
"5452",1,1,2,1
"5453",1,4,5,4
"5454",1,1,2,1
"5455",1,1,2,1
"5456",36,1,37,36
"5457",1,1,2,1
"5458",9,24,33,32
"5459",15,2,17,15
"5460",1,2,3,2
"5461",3,9,12,9
"5462",1,1,2,1
"5463",1,1,2,1
"5464",1,1,2,1
"5465",8,1,9,8
"5466",1,1,2,1
"5467",1,1,2,1
"5468",1,2,3,2
"5469",1,6,7,6
"5470",1,1,2,1
"5471",1,1,2,1
"5472",2,2,4,2
"5473",1,2,3,2
"5474",1,1,2,1
"5475",1,1,2,1
"5476",1,2,3,2
"5477",1,23,24,23
"5478",1,3,4,3
"5479",1,4,5,4
"5480",3,2,5,4
"5481",4,23,27,26
"5482",1,2,3,2
"5483",1,10,11,10
"5484",15,3,18,16
"5485",1,1,2,1
"5486",6,3,9,7
"5487",4,4,8,4
"5488",1,1,2,1
"5489",1,1,2,1
"5490",1,4,5,4
"5491",1,2,3,2
"5492",1,35,36,35
"5493",2,1,3,2
"5494",1,1,2,1
"5495",1,1,2,1
"5496",1,1,2,1
"5497",12,2,14,13
"5498",5,5,10,5
"5499",4,3,7,6
"5500",1,1,2,1
"5501",11,1,12,11
"5502",3,1,4,3
"5503",1,1,2,1
"5504",1,1,2,1
"5505",1,2,3,2
"5506",1,1,2,1
"5507",1,1,2,1
"5508",3,1,4,3
"5509",1,3,4,3
"5510",1,1,2,1
"5511",1,1,2,1
"5512",7,14,21,17
"5513",1,1,2,1
"5514",1,1,2,1
"5515",5,1,6,5
"5516",4,1,5,4
"5517",1,8,9,8
"5518",1,1,2,1
"5519",3,9,12,9
"5520",1,1,2,1
"5521",1,1,2,1
"5522",1,1,2,1
"5523",1,1,2,1
"5524",4,2,6,5
"5525",1,1,2,1
"5526",1,1,2,1
"5527",1,1,2,1
"5528",1,2,3,2
"5529",1,8,9,8
"5530",2,5,7,5
"5531",4,21,25,22
"5532",1,1,2,1
"5533",1,2,3,2
"5534",2,3,5,3
"5535",1,1,2,1
"5536",1,4,5,4
"5537",1,2,3,2
"5538",3,4,7,6
"5539",4,45,49,46
"5540",1,1,2,1
"5541",4,26,30,27
"5542",4,8,12,10
"5543",1,21,22,21
"5544",1,10,11,10
"5545",2,16,18,17
"5546",1,15,16,15
"5547",1,2,3,2
"5548",1,4,5,4
"5549",1,5,6,5
"5550",1,18,19,18
"5551",2,3,5,3
"5552",1,6,7,6
"5553",2,3,5,3
"5554",3,18,21,19
"5555",6,6,12,9
"5556",1,14,15,14
"5557",1,2,3,2
"5558",1,8,9,8
"5559",1,15,16,15
"5560",3,6,9,6
"5561",9,3,12,9
"5562",1,7,8,7
"5563",1,5,6,5
"5564",1,9,10,9
"5565",1,1,2,1
"5566",2,5,7,6
"5567",1,15,16,15
"5568",1,4,5,4
"5569",4,19,23,22
"5570",2,2,4,3
"5571",1,3,4,3
"5572",7,6,13,10
"5573",1,1,2,1
"5574",2,3,5,4
"5575",1,15,16,15
"5576",1,11,12,11
"5577",1,3,4,3
"5578",1,4,5,4
"5579",2,2,4,3
"5580",1,7,8,7
"5581",2,4,6,5
"5582",1,3,4,3
"5583",1,4,5,4
"5584",14,7,21,20
"5585",1,2,3,2
"5586",3,7,10,8
"5587",1,2,3,2
"5588",1,5,6,5
"5589",1,8,9,8
"5590",1,14,15,14
"5591",1,2,3,2
"5592",3,11,14,12
"5593",1,5,6,5
"5594",2,3,5,4
"5595",1,25,26,25
"5596",1,13,14,13
"5597",1,1,2,1
"5598",3,12,15,14
"5599",1,4,5,4
"5600",1,25,26,25
"5601",1,14,15,14
"5602",2,2,4,3
"5603",4,12,16,14
"5604",2,7,9,8
"5605",1,8,9,8
"5606",1,6,7,6
"5607",1,2,3,2
"5608",1,5,6,5
"5609",2,3,5,4
"5610",1,1,2,1
"5611",9,9,18,9
"5612",13,13,26,13
"5613",1,3,4,3
"5614",3,3,6,5
"5615",1,1,2,1
"5616",3,3,6,5
"5617",8,2,10,9
"5618",4,1,5,4
"5619",1,3,4,3
"5620",2,1,3,2
"5621",2,2,4,3
"5622",1,1,2,1
"5623",2,1,3,2
"5624",3,2,5,4
"5625",4,2,6,5
"5626",4,8,12,11
"5627",7,2,9,8
"5628",2,1,3,2
"5629",5,9,14,11
"5630",2,7,9,7
"5631",1,11,12,11
"5632",2,6,8,6
"5633",1,2,3,2
"5634",1,5,6,5
"5635",1,6,7,6
"5636",1,1,2,1
"5637",2,32,34,32
"5638",1,6,7,6
"5639",2,8,10,8
"5640",2,5,7,5
"5641",5,22,27,25
"5642",1,1,2,1
"5643",3,8,11,9
"5644",1,4,5,4
"5645",1,2,3,2
"5646",1,1,2,1
"5647",1,8,9,8
"5648",1,1,2,1
"5649",1,1,2,1
"5650",2,24,26,25
"5651",1,12,13,12
"5652",2,14,16,15
"5653",1,4,5,4
"5654",1,8,9,8
"5655",1,31,32,31
"5656",1,1,2,1
"5657",1,1,2,1
"5658",2,14,16,15
"5659",1,4,5,4
"5660",1,33,34,33
"5661",1,2,3,2
"5662",3,4,7,4
"5663",2,18,20,19
"5664",1,1,2,1
"5665",1,3,4,3
"5666",1,6,7,6
"5667",1,3,4,3
"5668",1,6,7,6
"5669",2,9,11,10
"5670",1,22,23,22
"5671",1,5,6,5
"5672",4,3,7,6
"5673",3,41,44,42
"5674",1,17,18,17
"5675",1,2,3,2
"5676",3,32,35,33
"5677",1,10,11,10
"5678",1,14,15,14
"5679",3,6,9,8
"5680",3,14,17,15
"5681",2,23,25,24
"5682",5,1,6,5
"5683",1,12,13,12
"5684",2,7,9,7
"5685",1,7,8,7
"5686",1,5,6,5
"5687",1,2,3,2
"5688",2,2,4,2
"5689",4,21,25,21
"5690",1,4,5,4
"5691",1,19,20,19
"5692",5,4,9,8
"5693",2,7,9,7
"5694",1,8,9,8
"5695",1,5,6,5
"5696",2,19,21,19
"5697",1,15,16,15
"5698",3,4,7,6
"5699",3,1,4,3
"5700",1,3,4,3
"5701",1,1,2,1
"5702",1,10,11,10
"5703",3,4,7,5
"5704",6,7,13,11
"5705",2,19,21,19
"5706",1,17,18,17
"5707",1,3,4,3
"5708",1,5,6,5
"5709",1,2,3,2
"5710",1,4,5,4
"5711",1,30,31,30
"5712",2,31,33,31
"5713",1,4,5,4
"5714",1,12,13,12
"5715",1,4,5,4
"5716",1,6,7,6
"5717",1,2,3,2
"5718",1,2,3,2
"5719",1,3,4,3
"5720",4,18,22,21
"5721",1,4,5,4
"5722",1,5,6,5
"5723",1,3,4,3
"5724",2,11,13,12
"5725",3,5,8,7
"5726",1,12,13,12
"5727",2,15,17,16
"5728",2,13,15,14
"5729",4,9,13,12
"5730",2,10,12,11
"5731",1,14,15,14
"5732",2,15,17,15
"5733",1,26,27,26
"5734",3,1,4,3
"5735",1,4,5,4
"5736",1,1,2,1
"5737",1,7,8,7
"5738",3,11,14,13
"5739",2,12,14,13
"5740",1,13,14,13
"5741",5,14,19,17
"5742",1,6,7,6
"5743",1,23,24,23
"5744",2,6,8,6
"5745",1,32,33,32
"5746",1,3,4,3
"5747",2,37,39,37
"5748",2,9,11,9
"5749",2,3,5,4
"5750",10,9,19,18
"5751",1,19,20,19
"5752",2,2,4,2
"5753",2,7,9,7
"5754",3,11,14,12
"5755",1,8,9,8
"5756",1,5,6,5
"5757",3,36,39,38
"5758",1,2,3,2
"5759",1,1,2,1
"5760",1,8,9,8
"5761",1,10,11,10
"5762",1,3,4,3
"5763",2,3,5,3
"5764",1,1,2,1
"5765",1,9,10,9
"5766",1,9,10,9
"5767",1,25,26,25
"5768",6,14,20,19
"5769",2,23,25,24
"5770",1,1,2,1
"5771",1,6,7,6
"5772",1,4,5,4
"5773",3,7,10,9
"5774",3,14,17,15
"5775",1,1,2,1
"5776",1,7,8,7
"5777",2,10,12,10
"5778",8,8,16,8
"5779",1,3,4,3
"5780",3,17,20,18
"5781",1,13,14,13
"5782",1,2,3,2
"5783",3,24,27,24
"5784",2,15,17,15
"5785",1,5,6,5
"5786",1,14,15,14
"5787",5,19,24,23
"5788",2,1,3,2
"5789",1,7,8,7
"5790",1,9,10,9
"5791",1,18,19,18
"5792",4,26,30,28
"5793",8,10,18,17
"5794",2,5,7,5
"5795",1,2,3,2
"5796",1,4,5,4
"5797",1,4,5,4
"5798",1,38,39,38
"5799",1,5,6,5
"5800",2,13,15,14
"5801",1,9,10,9
"5802",1,8,9,8
"5803",3,18,21,18
"5804",5,176,181,178
"5805",1,13,14,13
"5806",1,1,2,1
"5807",1,3,4,3
"5808",1,7,8,7
"5809",1,4,5,4
"5810",1,1,2,1
"5811",4,8,12,9
"5812",3,8,11,10
"5813",1,10,11,10
"5814",1,4,5,4
"5815",1,4,5,4
"5816",1,1,2,1
"5817",1,4,5,4
"5818",1,8,9,8
"5819",1,9,10,9
"5820",1,16,17,16
"5821",7,8,15,8
"5822",3,26,29,26
"5823",1,8,9,8
"5824",1,1,2,1
"5825",1,5,6,5
"5826",2,6,8,6
"5827",2,2,4,3
"5828",1,1,2,1
"5829",1,13,14,13
"5830",1,6,7,6
"5831",1,11,12,11
"5832",1,2,3,2
"5833",2,1,3,2
"5834",1,3,4,3
"5835",1,40,41,40
"5836",1,24,25,24
"5837",1,1,2,1
"5838",1,3,4,3
"5839",1,9,10,9
"5840",2,2,4,2
"5841",4,34,38,34
"5842",1,2,3,2
"5843",1,1,2,1
"5844",1,3,4,3
"5845",1,3,4,3
"5846",1,5,6,5
"5847",2,11,13,11
"5848",1,2,3,2
"5849",1,13,14,13
"5850",5,24,29,26
"5851",1,3,4,3
"5852",2,11,13,11
"5853",3,28,31,30
"5854",1,13,14,13
"5855",1,2,3,2
"5856",1,10,11,10
"5857",2,3,5,4
"5858",1,3,4,3
"5859",1,3,4,3
"5860",1,3,4,3
"5861",3,19,22,20
"5862",4,5,9,8
"5863",1,1,2,1
"5864",1,8,9,8
"5865",1,11,12,11
"5866",4,8,12,10
"5867",2,12,14,13
"5868",1,7,8,7
"5869",1,7,8,7
"5870",2,12,14,12
"5871",1,4,5,4
"5872",1,3,4,3
"5873",1,29,30,29
"5874",1,1,2,1
"5875",6,20,26,25
"5876",1,24,25,24
"5877",1,6,7,6
"5878",2,9,11,10
"5879",1,1,2,1
"5880",10,21,31,30
"5881",1,4,5,4
"5882",1,3,4,3
"5883",2,3,5,4
"5884",1,2,3,2
"5885",1,4,5,4
"5886",1,4,5,4
"5887",1,2,3,2
"5888",2,10,12,10
"5889",3,10,13,12
"5890",1,4,5,4
"5891",1,5,6,5
"5892",1,1,2,1
"5893",1,5,6,5
"5894",2,10,12,10
"5895",2,7,9,7
"5896",1,8,9,8
"5897",1,6,7,6
"5898",4,3,7,6
"5899",1,9,10,9
"5900",1,1,2,1
"5901",1,4,5,4
"5902",1,4,5,4
"5903",2,13,15,13
"5904",1,3,4,3
"5905",4,1,5,4
"5906",1,1,2,1
"5907",1,9,10,9
"5908",1,19,20,19
"5909",1,6,7,6
"5910",2,16,18,16
"5911",1,1,2,1
"5912",1,21,22,21
"5913",1,8,9,8
"5914",1,4,5,4
"5915",1,21,22,21
"5916",1,4,5,4
"5917",1,51,52,51
"5918",1,11,12,11
"5919",1,17,18,17
"5920",1,1,2,1
"5921",1,5,6,5
"5922",5,5,10,7
"5923",5,3,8,7
"5924",1,4,5,4
"5925",1,45,46,45
"5926",2,10,12,11
"5927",1,7,8,7
"5928",1,3,4,3
"5929",1,18,19,18
"5930",1,3,4,3
"5931",1,6,7,6
"5932",1,2,3,2
"5933",1,7,8,7
"5934",1,4,5,4
"5935",3,5,8,5
"5936",1,2,3,2
"5937",1,6,7,6
"5938",1,1,2,1
"5939",1,3,4,3
"5940",1,3,4,3
"5941",4,3,7,5
"5942",1,2,3,2
"5943",3,6,9,8
"5944",1,2,3,2
"5945",1,4,5,4
"5946",1,4,5,4
"5947",2,9,11,9
"5948",2,8,10,9
"5949",5,10,15,13
"5950",1,1,2,1
"5951",1,2,3,2
"5952",1,7,8,7
"5953",3,6,9,6
"5954",1,1,2,1
"5955",1,29,30,29
"5956",1,2,3,2
"5957",1,5,6,5
"5958",2,3,5,4
"5959",1,5,6,5
"5960",1,5,6,5
"5961",1,4,5,4
"5962",1,3,4,3
"5963",1,2,3,2
"5964",1,7,8,7
"5965",1,4,5,4
"5966",1,1,2,1
"5967",1,29,30,29
"5968",3,8,11,10
"5969",2,21,23,22
"5970",1,1,2,1
"5971",1,47,48,47
"5972",1,4,5,4
"5973",1,14,15,14
"5974",1,1,2,1
"5975",1,2,3,2
"5976",1,12,13,12
"5977",2,29,31,30
"5978",1,13,14,13
"5979",1,7,8,7
"5980",1,16,17,16
"5981",2,8,10,9
"5982",3,14,17,16
"5983",2,6,8,7
"5984",1,2,3,2
"5985",1,14,15,14
"5986",1,8,9,8
"5987",1,13,14,13
"5988",2,1,3,2
"5989",1,2,3,2
"5990",1,2,3,2
"5991",1,1,2,1
"5992",1,15,16,15
"5993",1,2,3,2
"5994",7,6,13,10
"5995",1,10,11,10
"5996",2,10,12,11
"5997",2,6,8,6
"5998",1,8,9,8
"5999",1,4,5,4
"6000",2,36,38,36
"6001",2,10,12,10
"6002",1,1,2,1
"6003",1,20,21,20
"6004",1,5,6,5
"6005",3,6,9,6
"6006",1,5,6,5
"6007",1,1,2,1
"6008",1,5,6,5
"6009",2,48,50,49
"6010",1,7,8,7
"6011",1,3,4,3
"6012",1,4,5,4
"6013",4,15,19,18
"6014",1,2,3,2
"6015",1,1,2,1
"6016",2,30,32,31
"6017",1,12,13,12
"6018",1,3,4,3
"6019",1,12,13,12
"6020",2,2,4,3
"6021",2,7,9,7
"6022",2,9,11,10
"6023",2,6,8,6
"6024",1,5,6,5
"6025",6,21,27,26
"6026",1,5,6,5
"6027",1,10,11,10
"6028",1,3,4,3
"6029",1,2,3,2
"6030",1,1,2,1
"6031",2,18,20,18
"6032",1,6,7,6
"6033",2,9,11,9
"6034",1,6,7,6
"6035",1,2,3,2
"6036",1,4,5,4
"6037",2,4,6,5
"6038",3,19,22,20
"6039",2,3,5,3
"6040",1,2,3,2
"6041",2,5,7,5
"6042",2,4,6,4
"6043",1,6,7,6
"6044",2,4,6,5
"6045",3,5,8,7
"6046",1,5,6,5
"6047",1,3,4,3
"6048",1,1,2,1
"6049",1,1,2,1
"6050",2,3,5,4
"6051",2,6,8,7
"6052",1,2,3,2
"6053",1,2,3,2
"6054",1,10,11,10
"6055",2,3,5,3
"6056",1,5,6,5
"6057",1,5,6,5
"6058",1,3,4,3
"6059",5,12,17,16
"6060",1,3,4,3
"6061",1,3,4,3
"6062",1,5,6,5
"6063",2,31,33,32
"6064",1,1,2,1
"6065",1,2,3,2
"6066",1,18,19,18
"6067",2,24,26,24
"6068",6,2,8,6
"6069",1,30,31,30
"6070",1,3,4,3
"6071",4,66,70,68
"6072",2,3,5,3
"6073",1,12,13,12
"6074",1,4,5,4
"6075",1,4,5,4
"6076",2,12,14,12
"6077",1,3,4,3
"6078",1,23,24,23
"6079",2,6,8,7
"6080",6,11,17,16
"6081",1,3,4,3
"6082",4,2,6,4
"6083",2,4,6,4
"6084",1,5,6,5
"6085",1,11,12,11
"6086",1,4,5,4
"6087",1,3,4,3
"6088",2,5,7,6
"6089",2,11,13,11
"6090",6,25,31,30
"6091",1,3,4,3
"6092",1,3,4,3
"6093",1,9,10,9
"6094",1,6,7,6
"6095",3,11,14,13
"6096",2,27,29,27
"6097",1,1,2,1
"6098",3,9,12,11
"6099",1,4,5,4
"6100",1,7,8,7
"6101",1,15,16,15
"6102",1,11,12,11
"6103",1,5,6,5
"6104",1,1,2,1
"6105",1,7,8,7
"6106",2,31,33,31
"6107",1,15,16,15
"6108",1,5,6,5
"6109",1,6,7,6
"6110",1,8,9,8
"6111",2,2,4,3
"6112",1,2,3,2
"6113",1,7,8,7
"6114",2,1,3,2
"6115",1,4,5,4
"6116",3,8,11,8
"6117",1,12,13,12
"6118",1,8,9,8
"6119",1,1,2,1
"6120",1,7,8,7
"6121",2,3,5,4
"6122",2,12,14,12
"6123",3,40,43,40
"6124",1,14,15,14
"6125",5,27,32,30
"6126",6,13,19,16
"6127",1,2,3,2
"6128",2,2,4,2
"6129",1,32,33,32
"6130",1,2,3,2
"6131",2,15,17,16
"6132",1,6,7,6
"6133",1,2,3,2
"6134",2,7,9,8
"6135",1,3,4,3
"6136",1,4,5,4
"6137",2,2,4,2
"6138",1,2,3,2
"6139",1,7,8,7
"6140",1,2,3,2
"6141",3,15,18,17
"6142",2,7,9,7
"6143",3,35,38,35
"6144",2,7,9,7
"6145",1,5,6,5
"6146",4,26,30,28
"6147",1,16,17,16
"6148",4,20,24,21
"6149",2,3,5,4
"6150",1,7,8,7
"6151",1,5,6,5
"6152",2,7,9,7
"6153",1,5,6,5
"6154",1,9,10,9
"6155",2,19,21,19
"6156",11,11,22,11
"6157",1,2,3,2
"6158",1,4,5,4
"6159",22,1,23,22
"6160",1,1,2,1
"6161",1,3,4,3
"6162",1,11,12,11
"6163",1,3,4,3
"6164",2,19,21,19
"6165",2,13,15,13
"6166",1,4,5,4
"6167",1,2,3,2
"6168",1,2,3,2
"6169",1,4,5,4
"6170",1,2,3,2
"6171",1,3,4,3
"6172",1,2,3,2
"6173",1,4,5,4
"6174",1,16,17,16
"6175",1,1,2,1
"6176",1,9,10,9
"6177",1,1,2,1
"6178",2,18,20,19
"6179",2,5,7,5
"6180",1,11,12,11
"6181",1,2,3,2
"6182",1,15,16,15
"6183",1,9,10,9
"6184",1,5,6,5
"6185",2,5,7,6
"6186",1,13,14,13
"6187",1,7,8,7
"6188",3,10,13,10
"6189",3,8,11,8
"6190",4,7,11,10
"6191",1,4,5,4
"6192",5,2,7,6
"6193",1,3,4,3
"6194",1,13,14,13
"6195",2,1,3,2
"6196",1,1,2,1
"6197",2,6,8,6
"6198",6,3,9,8
"6199",2,9,11,9
"6200",1,2,3,2
"6201",1,16,17,16
"6202",4,11,15,14
"6203",1,4,5,4
"6204",1,4,5,4
"6205",1,31,32,31
"6206",1,7,8,7
"6207",1,2,3,2
"6208",3,4,7,6
"6209",2,11,13,11
"6210",2,9,11,10
"6211",1,3,4,3
"6212",1,15,16,15
"6213",1,4,5,4
"6214",1,16,17,16
"6215",2,3,5,4
"6216",1,4,5,4
"6217",1,9,10,9
"6218",2,8,10,8
"6219",6,4,10,8
"6220",2,27,29,27
"6221",2,5,7,6
"6222",1,8,9,8
"6223",6,1,7,6
"6224",1,10,11,10
"6225",2,21,23,21
"6226",2,12,14,12
"6227",1,6,7,6
"6228",2,16,18,16
"6229",1,30,31,30
"6230",1,6,7,6
"6231",1,16,17,16
"6232",2,34,36,34
"6233",7,1,8,7
"6234",4,4,8,4
"6235",1,15,16,15
"6236",1,10,11,10
"6237",1,9,10,9
"6238",1,1,2,1
"6239",2,2,4,3
"6240",1,1,2,1
"6241",2,2,4,3
"6242",1,1,2,1
"6243",1,1,2,1
"6244",3,15,18,17
"6245",3,20,23,22
"6246",1,7,8,7
"6247",2,13,15,13
"6248",3,2,5,4
"6249",1,15,16,15
"6250",4,11,15,12
"6251",1,4,5,4
"6252",1,10,11,10
"6253",4,29,33,30
"6254",1,13,14,13
"6255",1,1,2,1
"6256",1,10,11,10
"6257",1,10,11,10
"6258",1,21,22,21
"6259",1,6,7,6
"6260",1,2,3,2
"6261",1,15,16,15
"6262",3,15,18,15
"6263",1,14,15,14
"6264",1,3,4,3
"6265",1,7,8,7
"6266",1,15,16,15
"6267",1,2,3,2
"6268",3,12,15,13
"6269",3,21,24,23
"6270",2,20,22,20
"6271",2,1,3,2
"6272",1,10,11,10
"6273",6,35,41,35
"6274",1,6,7,6
"6275",1,4,5,4
"6276",1,5,6,5
"6277",1,6,7,6
"6278",3,9,12,9
"6279",7,13,20,18
"6280",2,7,9,7
"6281",1,16,17,16
"6282",1,2,3,2
"6283",1,1,2,1
"6284",1,15,16,15
"6285",1,1,2,1
"6286",4,7,11,7
"6287",3,19,22,20
"6288",3,10,13,10
"6289",2,8,10,9
"6290",1,6,7,6
"6291",1,26,27,26
"6292",1,8,9,8
"6293",1,7,8,7
"6294",2,7,9,7
"6295",3,10,13,12
"6296",1,1,2,1
"6297",1,9,10,9
"6298",1,9,10,9
"6299",2,7,9,8
"6300",4,21,25,21
"6301",1,12,13,12
"6302",1,34,35,34
"6303",2,5,7,5
"6304",1,5,6,5
"6305",2,5,7,6
"6306",5,5,10,5
"6307",1,6,7,6
"6308",1,8,9,8
"6309",1,3,4,3
"6310",1,2,3,2
"6311",1,8,9,8
"6312",4,30,34,32
"6313",4,1,5,4
"6314",1,2,3,2
"6315",1,6,7,6
"6316",1,16,17,16
"6317",1,4,5,4
"6318",2,32,34,32
"6319",2,5,7,5
"6320",2,5,7,5
"6321",1,8,9,8
"6322",1,11,12,11
"6323",2,14,16,14
"6324",5,16,21,17
"6325",1,6,7,6
"6326",4,33,37,36
"6327",1,5,6,5
"6328",1,2,3,2
"6329",1,7,8,7
"6330",1,2,3,2
"6331",2,2,4,3
"6332",1,6,7,6
"6333",3,5,8,6
"6334",1,1,2,1
"6335",2,7,9,8
"6336",1,6,7,6
"6337",2,4,6,5
"6338",1,11,12,11
"6339",3,1,4,3
"6340",1,15,16,15
"6341",1,9,10,9
"6342",1,1,2,1
"6343",2,16,18,17
"6344",1,8,9,8
"6345",3,5,8,6
"6346",1,14,15,14
"6347",1,4,5,4
"6348",1,12,13,12
"6349",1,7,8,7
"6350",1,6,7,6
"6351",1,1,2,1
"6352",2,14,16,15
"6353",2,1,3,2
"6354",1,4,5,4
"6355",5,16,21,17
"6356",1,3,4,3
"6357",1,2,3,2
"6358",1,10,11,10
"6359",1,5,6,5
"6360",3,21,24,22
"6361",1,2,3,2
"6362",1,12,13,12
"6363",2,19,21,19
"6364",2,19,21,19
"6365",1,6,7,6
"6366",3,5,8,7
"6367",3,5,8,7
"6368",1,7,8,7
"6369",1,10,11,10
"6370",1,36,37,36
"6371",2,4,6,5
"6372",1,8,9,8
"6373",2,18,20,19
"6374",1,7,8,7
"6375",1,6,7,6
"6376",1,36,37,36
"6377",1,6,7,6
"6378",4,9,13,10
"6379",1,4,5,4
"6380",1,1,2,1
"6381",1,11,12,11
"6382",1,7,8,7
"6383",3,12,15,13
"6384",1,2,3,2
"6385",1,1,2,1
"6386",1,11,12,11
"6387",2,2,4,2
"6388",3,10,13,11
"6389",2,23,25,24
"6390",1,5,6,5
"6391",1,2,3,2
"6392",2,13,15,13
"6393",1,10,11,10
"6394",1,2,3,2
"6395",3,2,5,4
"6396",1,9,10,9
"6397",1,19,20,19
"6398",9,1,10,9
"6399",1,2,3,2
"6400",7,7,14,13
"6401",10,5,15,14
"6402",7,4,11,10
"6403",2,7,9,8
"6404",10,1,11,10
"6405",8,5,13,12
"6406",1,1,2,1
"6407",15,26,41,40
"6408",8,2,10,9
"6409",6,4,10,9
"6410",8,4,12,11
"6411",2,6,8,6
"6412",1,4,5,4
"6413",3,34,37,34
"6414",1,1,2,1
"6415",1,5,6,5
"6416",2,6,8,7
"6417",1,3,4,3
"6418",1,1,2,1
"6419",1,8,9,8
"6420",1,20,21,20
"6421",4,20,24,20
"6422",7,7,14,7
"6423",1,32,33,32
"6424",1,11,12,11
"6425",1,9,10,9
"6426",2,11,13,11
"6427",1,10,11,10
"6428",3,7,10,8
"6429",1,2,3,2
"6430",1,8,9,8
"6431",5,4,9,5
"6432",3,7,10,7
"6433",1,19,20,19
"6434",1,4,5,4
"6435",4,10,14,10
"6436",3,4,7,6
"6437",7,11,18,16
"6438",1,5,6,5
"6439",1,4,5,4
"6440",1,6,7,6
"6441",1,7,8,7
"6442",1,5,6,5
"6443",1,6,7,6
"6444",1,1,2,1
"6445",1,4,5,4
"6446",2,2,4,2
"6447",3,8,11,9
"6448",1,8,9,8
"6449",2,2,4,3
"6450",2,2,4,2
"6451",2,1,3,2
"6452",1,7,8,7
"6453",1,5,6,5
"6454",8,52,60,57
"6455",1,5,6,5
"6456",2,5,7,5
"6457",2,16,18,17
"6458",1,5,6,5
"6459",1,1,2,1
"6460",1,3,4,3
"6461",2,8,10,8
"6462",1,1,2,1
"6463",1,15,16,15
"6464",1,3,4,3
"6465",1,8,9,8
"6466",2,9,11,9
"6467",3,30,33,32
"6468",2,14,16,15
"6469",1,3,4,3
"6470",3,14,17,14
"6471",1,4,5,4
"6472",6,13,19,16
"6473",2,3,5,3
"6474",2,13,15,13
"6475",3,7,10,9
"6476",1,11,12,11
"6477",1,4,5,4
"6478",44,17,61,60
"6479",4,1,5,4
"6480",1,9,10,9
"6481",1,5,6,5
"6482",1,24,25,24
"6483",2,5,7,5
"6484",2,20,22,21
"6485",2,30,32,30
"6486",1,13,14,13
"6487",2,4,6,5
"6488",1,43,44,43
"6489",1,2,3,2
"6490",1,8,9,8
"6491",1,8,9,8
"6492",2,8,10,8
"6493",7,11,18,16
"6494",2,5,7,5
"6495",5,6,11,10
"6496",1,10,11,10
"6497",6,22,28,27
"6498",1,3,4,3
"6499",1,7,8,7
"6500",2,40,42,41
"6501",6,10,16,15
"6502",12,15,27,26
"6503",2,3,5,3
"6504",1,8,9,8
"6505",3,29,32,30
"6506",1,40,41,40
"6507",1,13,14,13
"6508",1,3,4,3
"6509",1,1,2,1
"6510",1,7,8,7
"6511",3,20,23,20
"6512",12,13,25,24
"6513",2,1,3,2
"6514",1,5,6,5
"6515",1,9,10,9
"6516",1,6,7,6
"6517",1,3,4,3
"6518",1,7,8,7
"6519",2,3,5,4
"6520",1,4,5,4
"6521",1,5,6,5
"6522",1,36,37,36
"6523",1,9,10,9
"6524",1,40,41,40
"6525",1,2,3,2
"6526",1,11,12,11
"6527",2,5,7,5
"6528",1,2,3,2
"6529",1,1,2,1
"6530",2,6,8,6
"6531",2,7,9,8
"6532",1,7,8,7
"6533",10,6,16,15
"6534",1,10,11,10
"6535",1,22,23,22
"6536",1,2,3,2
"6537",2,8,10,9
"6538",1,6,7,6
"6539",1,7,8,7
"6540",2,5,7,5
"6541",2,41,43,41
"6542",1,2,3,2
"6543",3,5,8,6
"6544",1,16,17,16
"6545",2,14,16,15
"6546",1,4,5,4
"6547",1,17,18,17
"6548",1,13,14,13
"6549",1,7,8,7
"6550",1,6,7,6
"6551",1,13,14,13
"6552",1,8,9,8
"6553",1,1,2,1
"6554",1,12,13,12
"6555",1,18,19,18
"6556",5,42,47,42
"6557",1,4,5,4
"6558",2,10,12,10
"6559",4,23,27,25
"6560",2,3,5,4
"6561",1,2,3,2
"6562",1,8,9,8
"6563",1,7,8,7
"6564",3,2,5,4
"6565",3,8,11,8
"6566",4,6,10,8
"6567",1,7,8,7
"6568",4,9,13,11
"6569",2,11,13,12
"6570",3,24,27,26
"6571",1,4,5,4
"6572",1,4,5,4
"6573",2,24,26,24
"6574",2,8,10,8
"6575",2,43,45,44
"6576",2,9,11,10
"6577",1,4,5,4
"6578",1,5,6,5
"6579",2,5,7,5
"6580",1,6,7,6
"6581",1,5,6,5
"6582",2,4,6,4
"6583",1,10,11,10
"6584",1,9,10,9
"6585",1,4,5,4
"6586",1,6,7,6
"6587",1,1,2,1
"6588",1,3,4,3
"6589",2,12,14,13
"6590",1,15,16,15
"6591",1,18,19,18
"6592",1,2,3,2
"6593",1,13,14,13
"6594",1,4,5,4
"6595",1,3,4,3
"6596",1,27,28,27
"6597",4,10,14,13
"6598",1,2,3,2
"6599",1,1,2,1
"6600",1,1,2,1
"6601",1,2,3,2
"6602",1,4,5,4
"6603",1,3,4,3
"6604",1,4,5,4
"6605",1,1,2,1
"6606",1,1,2,1
"6607",3,14,17,14
"6608",1,2,3,2
"6609",2,7,9,7
"6610",2,5,7,6
"6611",1,1,2,1
"6612",6,16,22,16
"6613",1,21,22,21
"6614",2,23,25,24
"6615",1,4,5,4
"6616",4,29,33,32
"6617",1,7,8,7
"6618",1,2,3,2
"6619",3,23,26,23
"6620",8,6,14,11
"6621",1,8,9,8
"6622",1,5,6,5
"6623",1,4,5,4
"6624",1,1,2,1
"6625",1,4,5,4
"6626",1,5,6,5
"6627",1,10,11,10
"6628",1,3,4,3
"6629",2,18,20,19
"6630",1,1,2,1
"6631",1,7,8,7
"6632",1,12,13,12
"6633",1,2,3,2
"6634",1,5,6,5
"6635",1,7,8,7
"6636",1,20,21,20
"6637",1,16,17,16
"6638",1,8,9,8
"6639",1,16,17,16
"6640",1,2,3,2
"6641",2,4,6,4
"6642",1,3,4,3
"6643",1,2,3,2
"6644",1,8,9,8
"6645",19,10,29,20
"6646",1,42,43,42
"6647",1,3,4,3
"6648",1,4,5,4
"6649",5,2,7,6
"6650",2,11,13,12
"6651",1,8,9,8
"6652",1,7,8,7
"6653",1,1,2,1
"6654",1,10,11,10
"6655",1,2,3,2
"6656",2,5,7,6
"6657",2,1,3,2
"6658",4,16,20,17
"6659",6,2,8,7
"6660",1,14,15,14
"6661",1,6,7,6
"6662",1,4,5,4
"6663",1,3,4,3
"6664",1,1,2,1
"6665",5,15,20,18
"6666",2,28,30,29
"6667",1,3,4,3
"6668",2,7,9,7
"6669",2,15,17,15
"6670",3,9,12,10
"6671",5,20,25,23
"6672",11,3,14,13
"6673",1,4,5,4
"6674",1,4,5,4
"6675",1,10,11,10
"6676",1,7,8,7
"6677",1,18,19,18
"6678",1,9,10,9
"6679",1,11,12,11
"6680",3,30,33,31
"6681",1,3,4,3
"6682",1,15,16,15
"6683",3,1,4,3
"6684",1,2,3,2
"6685",1,6,7,6
"6686",2,6,8,7
"6687",2,16,18,16
"6688",2,41,43,41
"6689",1,13,14,13
"6690",2,11,13,11
"6691",1,13,14,13
"6692",1,3,4,3
"6693",5,3,8,7
"6694",3,13,16,15
"6695",3,6,9,8
"6696",6,13,19,16
"6697",1,2,3,2
"6698",1,5,6,5
"6699",2,7,9,8
"6700",3,7,10,7
"6701",1,6,7,6
"6702",2,47,49,48
"6703",2,2,4,2
"6704",1,14,15,14
"6705",1,12,13,12
"6706",1,40,41,40
"6707",2,6,8,6
"6708",1,18,19,18
"6709",1,1,2,1
"6710",1,5,6,5
"6711",1,1,2,1
"6712",1,12,13,12
"6713",1,6,7,6
"6714",1,3,4,3
"6715",1,15,16,15
"6716",3,11,14,12
"6717",2,20,22,20
"6718",2,12,14,13
"6719",2,4,6,5
"6720",1,9,10,9
"6721",1,4,5,4
"6722",1,16,17,16
"6723",1,2,3,2
"6724",1,1,2,1
"6725",1,2,3,2
"6726",1,11,12,11
"6727",3,29,32,30
"6728",1,6,7,6
"6729",1,18,19,18
"6730",1,9,10,9
"6731",5,169,174,173
"6732",1,2,3,2
"6733",1,30,31,30
"6734",1,1,2,1
"6735",1,1,2,1
"6736",1,1,2,1
"6737",1,1,2,1
"6738",2,4,6,5
"6739",1,2,3,2
"6740",1,3,4,3
"6741",1,13,14,13
"6742",1,3,4,3
"6743",2,8,10,9
"6744",8,18,26,22
"6745",3,7,10,7
"6746",1,9,10,9
"6747",1,2,3,2
"6748",1,7,8,7
"6749",2,2,4,3
"6750",2,2,4,3
"6751",1,22,23,22
"6752",1,6,7,6
"6753",2,24,26,24
"6754",1,13,14,13
"6755",1,4,5,4
"6756",1,3,4,3
"6757",1,1,2,1
"6758",4,8,12,11
"6759",1,1,2,1
"6760",2,3,5,4
"6761",2,11,13,11
"6762",1,3,4,3
"6763",3,13,16,13
"6764",2,4,6,5
"6765",1,3,4,3
"6766",1,1,2,1
"6767",1,1,2,1
"6768",1,18,19,18
"6769",1,1,2,1
"6770",1,3,4,3
"6771",2,21,23,21
"6772",1,4,5,4
"6773",6,2,8,7
"6774",1,5,6,5
"6775",2,18,20,18
"6776",3,13,16,14
"6777",1,7,8,7
"6778",1,10,11,10
"6779",1,7,8,7
"6780",1,3,4,3
"6781",1,4,5,4
"6782",1,3,4,3
"6783",1,3,4,3
"6784",1,18,19,18
"6785",1,17,18,17
"6786",1,8,9,8
"6787",2,7,9,7
"6788",2,36,38,36
"6789",1,16,17,16
"6790",1,4,5,4
"6791",1,1,2,1
"6792",1,1,2,1
"6793",1,3,4,3
"6794",6,5,11,8
"6795",1,2,3,2
"6796",5,45,50,49
"6797",14,1,15,14
"6798",1,4,5,4
"6799",1,11,12,11
"6800",1,9,10,9
"6801",1,8,9,8
"6802",1,4,5,4
"6803",1,19,20,19
"6804",1,1,2,1
"6805",1,6,7,6
"6806",2,5,7,5
"6807",1,1,2,1
"6808",1,4,5,4
"6809",2,7,9,7
"6810",1,2,3,2
"6811",1,2,3,2
"6812",1,1,2,1
"6813",2,4,6,4
"6814",4,8,12,11
"6815",1,12,13,12
"6816",1,10,11,10
"6817",1,4,5,4
"6818",7,1,8,7
"6819",1,1,2,1
"6820",1,3,4,3
"6821",1,8,9,8
"6822",1,3,4,3
"6823",2,3,5,4
"6824",1,6,7,6
"6825",1,9,10,9
"6826",2,6,8,6
"6827",1,11,12,11
"6828",2,5,7,5
"6829",2,21,23,22
"6830",2,12,14,12
"6831",2,10,12,11
"6832",2,18,20,19
"6833",2,11,13,11
"6834",1,1,2,1
"6835",5,5,10,7
"6836",1,8,9,8
"6837",1,1,2,1
"6838",1,3,4,3
"6839",2,7,9,7
"6840",4,15,19,15
"6841",1,5,6,5
"6842",1,3,4,3
"6843",1,4,5,4
"6844",1,1,2,1
"6845",1,2,3,2
"6846",1,4,5,4
"6847",2,4,6,5
"6848",1,1,2,1
"6849",1,7,8,7
"6850",2,6,8,6
"6851",3,32,35,33
"6852",1,5,6,5
"6853",1,5,6,5
"6854",1,3,4,3
"6855",1,2,3,2
"6856",2,6,8,6
"6857",1,4,5,4
"6858",2,4,6,4
"6859",1,11,12,11
"6860",1,7,8,7
"6861",1,31,32,31
"6862",1,1,2,1
"6863",3,14,17,15
"6864",4,20,24,22
"6865",2,5,7,5
"6866",6,18,24,23
"6867",1,6,7,6
"6868",1,12,13,12
"6869",1,4,5,4
"6870",4,12,16,13
"6871",5,3,8,6
"6872",1,9,10,9
"6873",1,7,8,7
"6874",5,11,16,14
"6875",1,9,10,9
"6876",1,2,3,2
"6877",1,5,6,5
"6878",1,2,3,2
"6879",1,6,7,6
"6880",1,7,8,7
"6881",4,1,5,4
"6882",2,12,14,12
"6883",1,3,4,3
"6884",1,7,8,7
"6885",1,17,18,17
"6886",1,13,14,13
"6887",1,7,8,7
"6888",3,30,33,32
"6889",1,3,4,3
"6890",1,9,10,9
"6891",3,5,8,7
"6892",7,18,25,24
"6893",1,18,19,18
"6894",1,1,2,1
"6895",1,7,8,7
"6896",2,19,21,20
"6897",2,11,13,11
"6898",1,3,4,3
"6899",1,19,20,19
"6900",3,21,24,21
"6901",4,11,15,14
"6902",2,31,33,31
"6903",4,1,5,4
"6904",1,2,3,2
"6905",1,35,36,35
"6906",1,10,11,10
"6907",5,14,19,17
"6908",3,13,16,15
"6909",1,3,4,3
"6910",1,2,3,2
"6911",1,1,2,1
"6912",7,3,10,9
"6913",1,3,4,3
"6914",3,6,9,8
"6915",2,5,7,5
"6916",1,13,14,13
"6917",1,6,7,6
"6918",4,16,20,16
"6919",1,6,7,6
"6920",1,4,5,4
"6921",3,16,19,16
"6922",1,1,2,1
"6923",1,14,15,14
"6924",1,6,7,6
"6925",7,1,8,7
"6926",1,7,8,7
"6927",6,1,7,6
"6928",1,11,12,11
"6929",1,5,6,5
"6930",3,3,6,3
"6931",1,9,10,9
"6932",1,1,2,1
"6933",1,3,4,3
"6934",2,32,34,33
"6935",1,1,2,1
"6936",12,176,188,183
"6937",1,17,18,17
"6938",1,7,8,7
"6939",1,2,3,2
"6940",1,4,5,4
"6941",1,2,3,2
"6942",1,9,10,9
"6943",1,3,4,3
"6944",3,26,29,26
"6945",3,6,9,6
"6946",2,9,11,9
"6947",1,2,3,2
"6948",1,28,29,28
"6949",1,3,4,3
"6950",1,2,3,2
"6951",2,5,7,5
"6952",3,32,35,33
"6953",2,5,7,5
"6954",1,9,10,9
"6955",3,10,13,11
"6956",1,3,4,3
"6957",5,32,37,34
"6958",2,7,9,7
"6959",1,2,3,2
"6960",1,10,11,10
"6961",1,20,21,20
"6962",1,7,8,7
"6963",10,10,20,17
"6964",1,28,29,28
"6965",1,17,18,17
"6966",1,2,3,2
"6967",1,7,8,7
"6968",1,7,8,7
"6969",1,2,3,2
"6970",1,1,2,1
"6971",1,8,9,8
"6972",3,34,37,34
"6973",1,4,5,4
"6974",2,6,8,6
"6975",2,14,16,14
"6976",1,9,10,9
"6977",1,3,4,3
"6978",1,1,2,1
"6979",1,3,4,3
"6980",1,29,30,29
"6981",1,3,4,3
"6982",2,13,15,13
"6983",1,9,10,9
"6984",1,6,7,6
"6985",1,4,5,4
"6986",1,31,32,31
"6987",3,7,10,8
"6988",1,8,9,8
"6989",1,5,6,5
"6990",5,24,29,27
"6991",1,9,10,9
"6992",1,1,2,1
"6993",2,4,6,4
"6994",1,21,22,21
"6995",5,2,7,5
"6996",3,11,14,12
"6997",1,17,18,17
"6998",2,12,14,13
"6999",1,10,11,10
"7000",1,3,4,3
"7001",1,2,3,2
"7002",2,8,10,8
"7003",2,30,32,30
"7004",1,4,5,4
"7005",3,2,5,4
"7006",2,11,13,11
"7007",1,1,2,1
"7008",4,11,15,11
"7009",1,13,14,13
"7010",2,7,9,7
"7011",5,6,11,9
"7012",1,13,14,13
"7013",1,5,6,5
"7014",1,1,2,1
"7015",2,11,13,11
"7016",1,3,4,3
"7017",1,12,13,12
"7018",1,13,14,13
"7019",2,6,8,6
"7020",1,4,5,4
"7021",1,1,2,1
"7022",2,11,13,11
"7023",2,16,18,17
"7024",2,2,4,2
"7025",1,1,2,1
"7026",2,8,10,9
"7027",1,4,5,4
"7028",1,1,2,1
"7029",2,7,9,8
"7030",3,11,14,13
"7031",1,3,4,3
"7032",1,3,4,3
"7033",2,8,10,9
"7034",3,16,19,16
"7035",2,15,17,16
"7036",1,4,5,4
"7037",1,3,4,3
"7038",1,3,4,3
"7039",2,23,25,23
"7040",1,3,4,3
"7041",1,1,2,1
"7042",1,23,24,23
"7043",2,9,11,9
"7044",7,4,11,10
"7045",2,7,9,7
"7046",1,4,5,4
"7047",1,1,2,1
"7048",3,9,12,10
"7049",1,10,11,10
"7050",1,3,4,3
"7051",1,1,2,1
"7052",1,8,9,8
"7053",1,4,5,4
"7054",2,16,18,16
"7055",2,16,18,17
"7056",1,7,8,7
"7057",1,4,5,4
"7058",1,1,2,1
"7059",1,1,2,1
"7060",1,21,22,21
"7061",7,8,15,9
"7062",1,1,2,1
"7063",1,2,3,2
"7064",1,7,8,7
"7065",1,10,11,10
"7066",1,13,14,13
"7067",2,12,14,12
"7068",1,8,9,8
"7069",2,35,37,35
"7070",1,4,5,4
"7071",1,6,7,6
"7072",1,13,14,13
"7073",1,1,2,1
"7074",1,4,5,4
"7075",1,1,2,1
"7076",1,15,16,15
"7077",1,4,5,4
"7078",1,14,15,14
"7079",1,1,2,1
"7080",1,2,3,2
"7081",10,21,31,24
"7082",1,5,6,5
"7083",1,3,4,3
"7084",1,1,2,1
"7085",4,27,31,28
"7086",35,35,70,35
"7087",1,45,46,45
"7088",1,6,7,6
"7089",2,3,5,4
"7090",3,25,28,27
"7091",2,16,18,16
"7092",1,10,11,10
"7093",1,1,2,1
"7094",2,4,6,4
"7095",1,16,17,16
"7096",2,12,14,13
"7097",1,6,7,6
"7098",1,8,9,8
"7099",1,2,3,2
"7100",4,8,12,9
"7101",1,3,4,3
"7102",2,5,7,6
"7103",2,1,3,2
"7104",2,30,32,30
"7105",1,1,2,1
"7106",1,2,3,2
"7107",1,2,3,2
"7108",1,3,4,3
"7109",2,7,9,7
"7110",2,8,10,8
"7111",2,5,7,5
"7112",1,2,3,2
"7113",2,15,17,15
"7114",1,6,7,6
"7115",1,1,2,1
"7116",1,4,5,4
"7117",1,3,4,3
"7118",11,9,20,16
"7119",7,8,15,8
"7120",2,9,11,9
"7121",3,3,6,5
"7122",2,2,4,3
"7123",1,7,8,7
"7124",2,11,13,11
"7125",1,1,2,1
"7126",2,5,7,5
"7127",1,4,5,4
"7128",1,4,5,4
"7129",1,1,2,1
"7130",2,5,7,5
"7131",28,28,56,28
"7132",2,47,49,48
"7133",3,2,5,4
"7134",2,5,7,6
"7135",2,1,3,2
"7136",2,15,17,15
"7137",5,2,7,6
"7138",6,1,7,6
"7139",1,8,9,8
"7140",3,6,9,7
"7141",2,11,13,11
"7142",1,11,12,11
"7143",2,10,12,11
"7144",2,3,5,3
"7145",1,5,6,5
"7146",2,3,5,4
"7147",1,2,3,2
"7148",3,7,10,7
"7149",1,3,4,3
"7150",1,15,16,15
"7151",1,2,3,2
"7152",1,12,13,12
"7153",2,13,15,14
"7154",1,16,17,16
"7155",3,7,10,8
"7156",2,38,40,38
"7157",2,38,40,39
"7158",1,3,4,3
"7159",2,4,6,5
"7160",1,6,7,6
"7161",1,4,5,4
"7162",1,3,4,3
"7163",1,36,37,36
"7164",5,2,7,6
"7165",1,3,4,3
"7166",4,2,6,5
"7167",2,2,4,3
"7168",1,7,8,7
"7169",1,3,4,3
"7170",2,5,7,5
"7171",1,1,2,1
"7172",1,13,14,13
"7173",1,5,6,5
"7174",1,7,8,7
"7175",2,26,28,27
"7176",4,20,24,22
"7177",1,6,7,6
"7178",6,6,12,6
"7179",3,3,6,3
"7180",2,32,34,33
"7181",1,1,2,1
"7182",1,5,6,5
"7183",6,18,24,22
"7184",2,16,18,16
"7185",5,10,15,13
"7186",1,2,3,2
"7187",2,21,23,22
"7188",3,4,7,6
"7189",2,4,6,4
"7190",1,6,7,6
"7191",1,26,27,26
"7192",4,20,24,22
"7193",4,8,12,9
"7194",3,15,18,17
"7195",2,3,5,3
"7196",3,4,7,6
"7197",1,10,11,10
"7198",3,10,13,11
"7199",3,9,12,9
"7200",7,8,15,9
"7201",2,1,3,2
"7202",1,7,8,7
"7203",1,6,7,6
"7204",1,1,2,1
"7205",1,3,4,3
"7206",1,11,12,11
"7207",1,5,6,5
"7208",2,6,8,7
"7209",3,2,5,3
"7210",4,1,5,4
"7211",1,4,5,4
"7212",2,15,17,16
"7213",4,10,14,11
"7214",2,10,12,10
"7215",7,30,37,35
"7216",2,7,9,7
"7217",1,7,8,7
"7218",2,20,22,20
"7219",2,6,8,7
"7220",1,4,5,4
"7221",1,8,9,8
"7222",1,2,3,2
"7223",1,2,3,2
"7224",1,3,4,3
"7225",2,9,11,9
"7226",1,6,7,6
"7227",2,19,21,20
"7228",1,5,6,5
"7229",1,3,4,3
"7230",1,22,23,22
"7231",2,6,8,6
"7232",1,7,8,7
"7233",2,13,15,13
"7234",1,8,9,8
"7235",2,3,5,4
"7236",1,14,15,14
"7237",1,2,3,2
"7238",1,7,8,7
"7239",1,2,3,2
"7240",2,8,10,9
"7241",3,29,32,30
"7242",1,8,9,8
"7243",13,8,21,20
"7244",1,1,2,1
"7245",2,2,4,2
"7246",2,4,6,4
"7247",1,12,13,12
"7248",1,4,5,4
"7249",1,2,3,2
"7250",6,13,19,16
"7251",2,16,18,16
"7252",1,27,28,27
"7253",1,7,8,7
"7254",1,15,16,15
"7255",1,24,25,24
"7256",4,20,24,21
"7257",2,2,4,3
"7258",1,18,19,18
"7259",2,15,17,15
"7260",1,7,8,7
"7261",1,10,11,10
"7262",2,3,5,3
"7263",2,2,4,2
"7264",2,13,15,13
"7265",4,6,10,6
"7266",1,6,7,6
"7267",2,8,10,9
"7268",1,12,13,12
"7269",4,21,25,23
"7270",2,20,22,20
"7271",1,1,2,1
"7272",5,15,20,18
"7273",9,22,31,30
"7274",3,45,48,47
"7275",4,7,11,7
"7276",1,2,3,2
"7277",1,6,7,6
"7278",1,20,21,20
"7279",2,18,20,19
"7280",2,31,33,31
"7281",1,20,21,20
"7282",1,2,3,2
"7283",3,10,13,10
"7284",2,8,10,8
"7285",1,23,24,23
"7286",1,5,6,5
"7287",2,4,6,5
"7288",1,9,10,9
"7289",2,4,6,4
"7290",1,14,15,14
"7291",3,1,4,3
"7292",5,14,19,15
"7293",1,1,2,1
"7294",1,10,11,10
"7295",1,4,5,4
"7296",2,6,8,7
"7297",1,9,10,9
"7298",1,8,9,8
"7299",1,4,5,4
"7300",2,32,34,33
"7301",1,3,4,3
"7302",2,34,36,34
"7303",1,28,29,28
"7304",10,11,21,20
"7305",1,2,3,2
"7306",1,1,2,1
"7307",1,18,19,18
"7308",3,9,12,11
"7309",1,1,2,1
"7310",5,9,14,11
"7311",1,17,18,17
"7312",1,2,3,2
"7313",3,26,29,28
"7314",1,15,16,15
"7315",2,2,4,2
"7316",2,5,7,5
"7317",1,13,14,13
"7318",1,4,5,4
"7319",1,30,31,30
"7320",1,11,12,11
"7321",1,13,14,13
"7322",1,2,3,2
"7323",1,1,2,1
"7324",2,7,9,8
"7325",1,17,18,17
"7326",3,4,7,6
"7327",1,3,4,3
"7328",1,17,18,17
"7329",3,1,4,3
"7330",5,5,10,5
"7331",2,3,5,4
"7332",2,2,4,3
"7333",21,8,29,28
"7334",1,21,22,21
"7335",1,43,44,43
"7336",1,1,2,1
"7337",10,4,14,13
"7338",1,9,10,9
"7339",3,1,4,3
"7340",1,2,3,2
"7341",1,2,3,2
"7342",18,13,31,30
"7343",3,33,36,35
"7344",1,1,2,1
"7345",1,3,4,3
"7346",2,6,8,6
"7347",2,8,10,9
"7348",1,4,5,4
"7349",1,32,33,32
"7350",16,30,46,39
"7351",1,7,8,7
"7352",1,3,4,3
"7353",1,10,11,10
"7354",1,2,3,2
"7355",1,11,12,11
"7356",2,5,7,6
"7357",2,5,7,6
"7358",1,12,13,12
"7359",1,4,5,4
"7360",3,17,20,17
"7361",1,2,3,2
"7362",1,1,2,1
"7363",1,10,11,10
"7364",1,16,17,16
"7365",1,4,5,4
"7366",1,1,2,1
"7367",13,10,23,21
"7368",2,15,17,16
"7369",1,6,7,6
"7370",1,8,9,8
"7371",1,1,2,1
"7372",1,3,4,3
"7373",1,3,4,3
"7374",2,4,6,4
"7375",1,8,9,8
"7376",1,4,5,4
"7377",1,3,4,3
"7378",1,5,6,5
"7379",3,2,5,4
"7380",1,5,6,5
"7381",1,5,6,5
"7382",1,20,21,20
"7383",1,3,4,3
"7384",1,2,3,2
"7385",1,4,5,4
"7386",1,10,11,10
"7387",18,20,38,37
"7388",5,7,12,10
"7389",1,13,14,13
"7390",1,7,8,7
"7391",3,6,9,8
"7392",1,5,6,5
"7393",1,5,6,5
"7394",1,10,11,10
"7395",2,10,12,10
"7396",1,15,16,15
"7397",1,12,13,12
"7398",2,8,10,9
"7399",1,5,6,5
"7400",2,8,10,8
"7401",5,10,15,12
"7402",1,10,11,10
"7403",4,20,24,23
"7404",1,3,4,3
"7405",15,15,30,15
"7406",9,9,18,9
"7407",1,7,8,7
"7408",3,15,18,16
"7409",2,7,9,8
"7410",1,4,5,4
"7411",1,6,7,6
"7412",1,3,4,3
"7413",1,8,9,8
"7414",4,17,21,18
"7415",2,2,4,3
"7416",3,7,10,8
"7417",2,10,12,11
"7418",1,14,15,14
"7419",3,10,13,11
"7420",1,1,2,1
"7421",2,11,13,11
"7422",1,7,8,7
"7423",1,9,10,9
"7424",1,3,4,3
"7425",4,21,25,22
"7426",2,20,22,20
"7427",2,8,10,8
"7428",1,10,11,10
"7429",1,2,3,2
"7430",1,5,6,5
"7431",1,6,7,6
"7432",3,25,28,27
"7433",1,1,2,1
"7434",1,4,5,4
"7435",2,3,5,4
"7436",1,1,2,1
"7437",1,8,9,8
"7438",1,7,8,7
"7439",10,1,11,10
"7440",1,1,2,1
"7441",1,2,3,2
"7442",1,5,6,5
"7443",1,1,2,1
"7444",2,18,20,19
"7445",2,24,26,24
"7446",1,15,16,15
"7447",1,2,3,2
"7448",1,2,3,2
"7449",1,11,12,11
"7450",1,1,2,1
"7451",1,2,3,2
"7452",1,18,19,18
"7453",1,2,3,2
"7454",2,9,11,9
"7455",1,4,5,4
"7456",2,5,7,6
"7457",1,4,5,4
"7458",1,1,2,1
"7459",2,5,7,6
"7460",1,5,6,5
"7461",1,15,16,15
"7462",3,32,35,33
"7463",1,2,3,2
"7464",1,1,2,1
"7465",1,5,6,5
"7466",1,6,7,6
"7467",1,13,14,13
"7468",2,12,14,12
"7469",1,6,7,6
"7470",1,1,2,1
"7471",2,10,12,10
"7472",1,7,8,7
"7473",1,7,8,7
"7474",1,6,7,6
"7475",3,6,9,6
"7476",1,8,9,8
"7477",1,5,6,5
"7478",4,51,55,53
"7479",5,8,13,11
"7480",4,56,60,59
"7481",3,3,6,5
"7482",3,23,26,23
"7483",1,1,2,1
"7484",1,4,5,4
"7485",2,13,15,13
"7486",1,1,2,1
"7487",5,14,19,14
"7488",1,6,7,6
"7489",1,34,35,34
"7490",1,4,5,4
"7491",1,9,10,9
"7492",1,2,3,2
"7493",2,22,24,23
"7494",1,8,9,8
"7495",1,3,4,3
"7496",2,5,7,5
"7497",4,26,30,28
"7498",2,5,7,5
"7499",2,42,44,42
"7500",1,2,3,2
"7501",1,5,6,5
"7502",1,6,7,6
"7503",2,22,24,23
"7504",3,7,10,9
"7505",3,22,25,22
"7506",1,1,2,1
"7507",1,18,19,18
"7508",1,1,2,1
"7509",2,14,16,15
"7510",1,11,12,11
"7511",1,3,4,3
"7512",1,5,6,5
"7513",1,2,3,2
"7514",1,3,4,3
"7515",1,2,3,2
"7516",1,6,7,6
"7517",1,4,5,4
"7518",1,2,3,2
"7519",1,22,23,22
"7520",2,15,17,15
"7521",2,47,49,48
"7522",2,3,5,4
"7523",1,6,7,6
"7524",3,10,13,11
"7525",2,14,16,14
"7526",2,4,6,4
"7527",1,19,20,19
"7528",1,4,5,4
"7529",1,1,2,1
"7530",1,4,5,4
"7531",2,15,17,16
"7532",2,10,12,11
"7533",2,13,15,13
"7534",1,2,3,2
"7535",1,2,3,2
"7536",3,3,6,5
"7537",2,6,8,6
"7538",2,6,8,6
"7539",4,5,9,6
"7540",1,4,5,4
"7541",6,17,23,22
"7542",1,4,5,4
"7543",1,2,3,2
"7544",1,6,7,6
"7545",1,1,2,1
"7546",1,25,26,25
"7547",1,1,2,1
"7548",3,9,12,9
"7549",1,12,13,12
"7550",2,13,15,13
"7551",1,20,21,20
"7552",1,34,35,34
"7553",2,7,9,7
"7554",1,3,4,3
"7555",4,15,19,18
"7556",2,13,15,13
"7557",1,1,2,1
"7558",2,16,18,17
"7559",2,5,7,5
"7560",2,11,13,12
"7561",1,1,2,1
"7562",1,17,18,17
"7563",1,6,7,6
"7564",1,1,2,1
"7565",1,4,5,4
"7566",2,9,11,9
"7567",1,18,19,18
"7568",1,1,2,1
"7569",2,23,25,23
"7570",1,1,2,1
"7571",2,7,9,7
"7572",2,5,7,5
"7573",1,26,27,26
"7574",3,2,5,4
"7575",1,14,15,14
"7576",1,1,2,1
"7577",1,7,8,7
"7578",1,1,2,1
"7579",1,2,3,2
"7580",2,2,4,3
"7581",1,1,2,1
"7582",1,41,42,41
"7583",6,14,20,19
"7584",1,4,5,4
"7585",3,20,23,21
"7586",4,10,14,10
"7587",1,9,10,9
"7588",2,11,13,11
"7589",2,3,5,3
"7590",1,10,11,10
"7591",2,30,32,30
"7592",3,3,6,5
"7593",3,4,7,5
"7594",1,15,16,15
"7595",1,1,2,1
"7596",2,2,4,2
"7597",1,3,4,3
"7598",1,2,3,2
"7599",1,3,4,3
"7600",1,1,2,1
"7601",1,3,4,3
"7602",3,21,24,22
"7603",5,3,8,5
"7604",1,2,3,2
"7605",1,3,4,3
"7606",4,25,29,28
"7607",2,10,12,10
"7608",2,1,3,2
"7609",5,13,18,15
"7610",2,10,12,10
"7611",4,7,11,7
"7612",1,12,13,12
"7613",2,13,15,13
"7614",1,7,8,7
"7615",1,6,7,6
"7616",3,6,9,7
"7617",2,17,19,17
"7618",7,11,18,14
"7619",6,6,12,11
"7620",1,19,20,19
"7621",3,7,10,9
"7622",1,7,8,7
"7623",1,13,14,13
"7624",1,4,5,4
"7625",2,19,21,19
"7626",2,40,42,40
"7627",1,8,9,8
"7628",1,2,3,2
"7629",1,9,10,9
"7630",1,2,3,2
"7631",2,12,14,12
"7632",1,3,4,3
"7633",3,2,5,4
"7634",12,3,15,14
"7635",1,3,4,3
"7636",2,10,12,10
"7637",1,2,3,2
"7638",3,12,15,14
"7639",1,9,10,9
"7640",2,17,19,18
"7641",6,8,14,13
"7642",2,36,38,36
"7643",1,11,12,11
"7644",1,7,8,7
"7645",1,2,3,2
"7646",2,5,7,5
"7647",1,6,7,6
"7648",1,3,4,3
"7649",1,2,3,2
"7650",1,7,8,7
"7651",4,5,9,6
"7652",5,8,13,10
"7653",1,10,11,10
"7654",3,9,12,9
"7655",1,11,12,11
"7656",2,2,4,3
"7657",1,5,6,5
"7658",2,2,4,2
"7659",1,11,12,11
"7660",1,7,8,7
"7661",1,42,43,42
"7662",1,2,3,2
"7663",1,2,3,2
"7664",10,38,48,46
"7665",5,12,17,12
"7666",2,27,29,28
"7667",5,12,17,12
"7668",1,5,6,5
"7669",2,6,8,6
"7670",1,8,9,8
"7671",2,7,9,8
"7672",1,3,4,3
"7673",1,8,9,8
"7674",3,3,6,5
"7675",1,2,3,2
"7676",1,2,3,2
"7677",1,10,11,10
"7678",1,6,7,6
"7679",1,2,3,2
"7680",1,2,3,2
"7681",1,4,5,4
"7682",1,7,8,7
"7683",1,22,23,22
"7684",1,3,4,3
"7685",1,6,7,6
"7686",1,25,26,25
"7687",1,5,6,5
"7688",2,11,13,12
"7689",1,10,11,10
"7690",1,22,23,22
"7691",2,10,12,10
"7692",2,2,4,2
"7693",1,12,13,12
"7694",3,7,10,9
"7695",11,4,15,11
"7696",1,2,3,2
"7697",1,2,3,2
"7698",1,8,9,8
"7699",3,10,13,11
"7700",1,1,2,1
"7701",1,14,15,14
"7702",4,3,7,4
"7703",1,2,3,2
"7704",3,10,13,11
"7705",3,12,15,12
"7706",4,18,22,19
"7707",1,18,19,18
"7708",3,1,4,3
"7709",3,9,12,11
"7710",1,1,2,1
"7711",3,12,15,13
"7712",1,4,5,4
"7713",1,1,2,1
"7714",6,17,23,20
"7715",1,18,19,18
"7716",1,10,11,10
"7717",1,6,7,6
"7718",1,9,10,9
"7719",1,13,14,13
"7720",3,6,9,6
"7721",1,15,16,15
"7722",2,15,17,15
"7723",1,10,11,10
"7724",1,10,11,10
"7725",2,66,68,67
"7726",1,18,19,18
"7727",1,6,7,6
"7728",1,4,5,4
"7729",4,6,10,9
"7730",3,3,6,3
"7731",4,11,15,11
"7732",2,16,18,16
"7733",4,3,7,5
"7734",1,6,7,6
"7735",1,6,7,6
"7736",1,6,7,6
"7737",1,5,6,5
"7738",1,4,5,4
"7739",2,10,12,10
"7740",2,3,5,4
"7741",1,16,17,16
"7742",1,5,6,5
"7743",1,11,12,11
"7744",1,7,8,7
"7745",1,13,14,13
"7746",1,10,11,10
"7747",2,3,5,3
"7748",1,8,9,8
"7749",1,6,7,6
"7750",5,41,46,41
"7751",1,19,20,19
"7752",1,3,4,3
"7753",3,3,6,4
"7754",2,5,7,6
"7755",1,7,8,7
"7756",1,1,2,1
"7757",1,1,2,1
"7758",1,6,7,6
"7759",1,7,8,7
"7760",1,5,6,5
"7761",2,9,11,9
"7762",1,18,19,18
"7763",1,6,7,6
"7764",1,3,4,3
"7765",1,6,7,6
"7766",1,2,3,2
"7767",1,11,12,11
"7768",2,5,7,5
"7769",2,11,13,11
"7770",1,2,3,2
"7771",1,4,5,4
"7772",1,13,14,13
"7773",1,10,11,10
"7774",1,2,3,2
"7775",2,14,16,14
"7776",1,3,4,3
"7777",1,8,9,8
"7778",1,2,3,2
"7779",1,6,7,6
"7780",2,18,20,19
"7781",1,6,7,6
"7782",1,1,2,1
"7783",1,2,3,2
"7784",1,5,6,5
"7785",1,5,6,5
"7786",1,7,8,7
"7787",3,3,6,5
"7788",2,4,6,4
"7789",1,17,18,17
"7790",1,4,5,4
"7791",1,8,9,8
"7792",3,22,25,23
"7793",1,3,4,3
"7794",2,2,4,3
"7795",1,1,2,1
"7796",1,3,4,3
"7797",4,8,12,10
"7798",1,5,6,5
"7799",1,2,3,2
"7800",1,8,9,8
"7801",1,1,2,1
"7802",2,11,13,11
"7803",5,6,11,10
"7804",1,18,19,18
"7805",2,7,9,8
"7806",1,2,3,2
"7807",2,11,13,12
"7808",4,14,18,16
"7809",1,4,5,4
"7810",2,9,11,9
"7811",1,9,10,9
"7812",1,2,3,2
"7813",2,2,4,2
"7814",1,5,6,5
"7815",2,1,3,2
"7816",1,13,14,13
"7817",1,15,16,15
"7818",2,10,12,10
"7819",1,3,4,3
"7820",1,11,12,11
"7821",1,6,7,6
"7822",1,8,9,8
"7823",1,9,10,9
"7824",1,1,2,1
"7825",1,4,5,4
"7826",12,2,14,13
"7827",1,5,6,5
"7828",1,28,29,28
"7829",3,7,10,7
"7830",2,17,19,17
"7831",1,8,9,8
"7832",1,7,8,7
"7833",7,8,15,8
"7834",3,42,45,42
"7835",1,3,4,3
"7836",1,3,4,3
"7837",1,1,2,1
"7838",1,1,2,1
"7839",2,7,9,7
"7840",1,2,3,2
"7841",1,9,10,9
"7842",1,4,5,4
"7843",1,5,6,5
"7844",1,7,8,7
"7845",1,4,5,4
"7846",2,10,12,11
"7847",1,7,8,7
"7848",1,7,8,7
"7849",1,17,18,17
"7850",1,2,3,2
"7851",1,2,3,2
"7852",2,20,22,21
"7853",2,3,5,3
"7854",1,3,4,3
"7855",1,14,15,14
"7856",3,1,4,3
"7857",3,17,20,17
"7858",2,12,14,13
"7859",2,24,26,24
"7860",2,81,83,81
"7861",1,6,7,6
"7862",4,9,13,10
"7863",4,13,17,15
"7864",1,4,5,4
"7865",1,10,11,10
"7866",1,2,3,2
"7867",2,6,8,6
"7868",1,2,3,2
"7869",1,3,4,3
"7870",2,6,8,6
"7871",1,35,36,35
"7872",3,21,24,21
"7873",3,3,6,5
"7874",1,8,9,8
"7875",1,7,8,7
"7876",1,4,5,4
"7877",6,24,30,27
"7878",2,1,3,2
"7879",2,1,3,2
"7880",1,1,2,1
"7881",2,1,3,2
"7882",1,7,8,7
"7883",1,4,5,4
"7884",1,8,9,8
"7885",3,35,38,36
"7886",2,13,15,14
"7887",2,21,23,21
"7888",1,3,4,3
"7889",1,7,8,7
"7890",3,11,14,11
"7891",1,3,4,3
"7892",4,20,24,22
"7893",7,17,24,21
"7894",1,6,7,6
"7895",1,3,4,3
"7896",1,4,5,4
"7897",2,1,3,2
"7898",1,5,6,5
"7899",1,14,15,14
"7900",1,10,11,10
"7901",1,6,7,6
"7902",4,4,8,6
"7903",1,3,4,3
"7904",1,4,5,4
"7905",2,17,19,18
"7906",1,1,2,1
"7907",5,2,7,6
"7908",1,2,3,2
"7909",6,21,27,22
"7910",1,1,2,1
"7911",7,23,30,27
"7912",1,1,2,1
"7913",1,2,3,2
"7914",3,6,9,8
"7915",1,4,5,4
"7916",2,31,33,31
"7917",1,7,8,7
"7918",4,20,24,20
"7919",2,1,3,2
"7920",1,7,8,7
"7921",1,1,2,1
"7922",2,81,83,81
"7923",2,3,5,4
"7924",1,9,10,9
"7925",1,1,2,1
"7926",3,32,35,34
"7927",1,19,20,19
"7928",3,6,9,6
"7929",2,43,45,43
"7930",5,3,8,6
"7931",4,15,19,18
"7932",1,7,8,7
"7933",1,8,9,8
"7934",2,6,8,7
"7935",1,3,4,3
"7936",2,6,8,6
"7937",1,1,2,1
"7938",1,3,4,3
"7939",1,42,43,42
"7940",1,5,6,5
"7941",4,5,9,8
"7942",2,2,4,3
"7943",2,10,12,10
"7944",2,4,6,5
"7945",5,5,10,7
"7946",2,2,4,3
"7947",2,10,12,11
"7948",2,9,11,9
"7949",6,57,63,57
"7950",1,5,6,5
"7951",2,2,4,3
"7952",1,7,8,7
"7953",2,3,5,4
"7954",1,2,3,2
"7955",1,5,6,5
"7956",1,6,7,6
"7957",1,18,19,18
"7958",1,7,8,7
"7959",1,1,2,1
"7960",1,3,4,3
"7961",1,2,3,2
"7962",1,1,2,1
"7963",1,25,26,25
"7964",3,33,36,34
"7965",2,1,3,2
"7966",2,3,5,3
"7967",1,3,4,3
"7968",8,3,11,10
"7969",2,2,4,3
"7970",2,3,5,4
"7971",1,12,13,12
"7972",2,7,9,8
"7973",2,8,10,8
"7974",3,12,15,13
"7975",1,11,12,11
"7976",1,21,22,21
"7977",1,11,12,11
"7978",2,3,5,3
"7979",2,11,13,11
"7980",2,37,39,37
"7981",1,7,8,7
"7982",1,2,3,2
"7983",1,11,12,11
"7984",1,1,2,1
"7985",1,7,8,7
"7986",3,5,8,5
"7987",1,4,5,4
"7988",1,4,5,4
"7989",1,5,6,5
"7990",1,6,7,6
"7991",1,3,4,3
"7992",2,36,38,36
"7993",4,26,30,28
"7994",16,1,17,16
"7995",2,9,11,9
"7996",1,13,14,13
"7997",2,9,11,9
"7998",1,1,2,1
"7999",1,9,10,9
"8000",3,14,17,16
"8001",3,10,13,10
"8002",1,7,8,7
"8003",3,16,19,18
"8004",3,40,43,42
"8005",2,3,5,3
"8006",1,3,4,3
"8007",1,4,5,4
"8008",1,13,14,13
"8009",1,11,12,11
"8010",4,14,18,16
"8011",1,25,26,25
"8012",1,20,21,20
"8013",5,3,8,7
"8014",1,2,3,2
"8015",3,14,17,15
"8016",3,12,15,14
"8017",1,9,10,9
"8018",4,4,8,7
"8019",1,3,4,3
"8020",1,4,5,4
"8021",1,16,17,16
"8022",1,11,12,11
"8023",1,4,5,4
"8024",1,4,5,4
"8025",3,20,23,20
"8026",1,3,4,3
"8027",1,12,13,12
"8028",1,15,16,15
"8029",1,9,10,9
"8030",2,10,12,11
"8031",4,37,41,39
"8032",1,1,2,1
"8033",2,14,16,14
"8034",1,3,4,3
"8035",1,18,19,18
"8036",1,4,5,4
"8037",1,14,15,14
"8038",1,22,23,22
"8039",3,5,8,5
"8040",1,20,21,20
"8041",2,13,15,13
"8042",9,2,11,9
"8043",1,5,6,5
"8044",3,7,10,8
"8045",6,13,19,18
"8046",2,3,5,4
"8047",1,1,2,1
"8048",2,16,18,16
"8049",1,1,2,1
"8050",1,1,2,1
"8051",1,6,7,6
"8052",1,11,12,11
"8053",1,35,36,35
"8054",1,8,9,8
"8055",1,11,12,11
"8056",4,1,5,4
"8057",1,1,2,1
"8058",1,8,9,8
"8059",15,2,17,15
"8060",3,6,9,7
"8061",1,5,6,5
"8062",7,27,34,27
"8063",1,8,9,8
"8064",1,2,3,2
"8065",2,15,17,15
"8066",2,4,6,4
"8067",1,21,22,21
"8068",1,15,16,15
"8069",5,40,45,44
"8070",1,3,4,3
"8071",2,7,9,7
"8072",1,11,12,11
"8073",1,4,5,4
"8074",3,5,8,7
"8075",3,4,7,4
"8076",4,11,15,14
"8077",1,15,16,15
"8078",1,1,2,1
"8079",1,11,12,11
"8080",1,4,5,4
"8081",3,17,20,18
"8082",3,4,7,5
"8083",2,10,12,10
"8084",2,8,10,9
"8085",2,23,25,24
"8086",1,7,8,7
"8087",10,19,29,20
"8088",1,4,5,4
"8089",1,1,2,1
"8090",1,1,2,1
"8091",3,13,16,13
"8092",1,5,6,5
"8093",1,12,13,12
"8094",1,1,2,1
"8095",2,3,5,4
"8096",2,11,13,11
"8097",4,15,19,18
"8098",1,14,15,14
"8099",2,5,7,5
"8100",2,22,24,22
"8101",7,7,14,12
"8102",1,11,12,11
"8103",1,1,2,1
"8104",1,13,14,13
"8105",2,5,7,6
"8106",2,7,9,7
"8107",2,10,12,10
"8108",1,4,5,4
"8109",1,15,16,15
"8110",1,9,10,9
"8111",2,17,19,17
"8112",2,7,9,7
"8113",6,41,47,43
"8114",1,4,5,4
"8115",1,3,4,3
"8116",1,7,8,7
"8117",2,8,10,9
"8118",1,5,6,5
"8119",1,9,10,9
"8120",1,9,10,9
"8121",2,5,7,5
"8122",1,1,2,1
"8123",5,19,24,23
"8124",2,5,7,5
"8125",1,1,2,1
"8126",1,6,7,6
"8127",2,28,30,29
"8128",1,6,7,6
"8129",2,6,8,7
"8130",9,20,29,28
"8131",1,3,4,3
"8132",2,13,15,13
"8133",2,13,15,13
"8134",3,12,15,13
"8135",2,1,3,2
"8136",2,16,18,16
"8137",1,7,8,7
"8138",3,1,4,3
"8139",3,28,31,29
"8140",2,17,19,18
"8141",1,4,5,4
"8142",1,2,3,2
"8143",2,5,7,5
"8144",1,6,7,6
"8145",1,2,3,2
"8146",1,1,2,1
"8147",3,14,17,15
"8148",1,4,5,4
"8149",1,2,3,2
"8150",1,1,2,1
"8151",1,6,7,6
"8152",2,30,32,30
"8153",1,8,9,8
"8154",1,2,3,2
"8155",1,2,3,2
"8156",1,2,3,2
"8157",1,24,25,24
"8158",1,4,5,4
"8159",1,2,3,2
"8160",1,5,6,5
"8161",1,11,12,11
"8162",1,11,12,11
"8163",3,17,20,19
"8164",1,1,2,1
"8165",4,13,17,13
"8166",1,14,15,14
"8167",1,2,3,2
"8168",2,2,4,3
"8169",2,4,6,5
"8170",1,1,2,1
"8171",2,18,20,19
"8172",3,14,17,15
"8173",2,13,15,13
"8174",2,18,20,18
"8175",3,5,8,7
"8176",1,1,2,1
"8177",3,8,11,8
"8178",1,9,10,9
"8179",1,4,5,4
"8180",1,15,16,15
"8181",1,12,13,12
"8182",5,4,9,5
"8183",1,8,9,8
"8184",2,6,8,6
"8185",1,23,24,23
"8186",2,9,11,9
"8187",3,17,20,19
"8188",3,16,19,16
"8189",4,11,15,14
"8190",1,5,6,5
"8191",4,10,14,10
"8192",17,15,32,29
"8193",1,2,3,2
"8194",1,1,2,1
"8195",2,18,20,19
"8196",1,3,4,3
"8197",1,15,16,15
"8198",1,2,3,2
"8199",1,4,5,4
"8200",1,18,19,18
"8201",2,1,3,2
"8202",3,6,9,7
"8203",3,12,15,12
"8204",2,2,4,2
"8205",1,30,31,30
"8206",1,8,9,8
"8207",2,2,4,2
"8208",6,13,19,14
"8209",2,3,5,3
"8210",2,11,13,11
"8211",1,7,8,7
"8212",1,17,18,17
"8213",2,11,13,12
"8214",5,18,23,22
"8215",1,10,11,10
"8216",2,9,11,10
"8217",1,21,22,21
"8218",1,4,5,4
"8219",3,5,8,6
"8220",2,2,4,2
"8221",1,4,5,4
"8222",1,1,2,1
"8223",2,7,9,7
"8224",1,7,8,7
"8225",2,14,16,14
"8226",2,5,7,5
"8227",1,11,12,11
"8228",1,8,9,8
"8229",3,6,9,7
"8230",3,15,18,17
"8231",1,5,6,5
"8232",6,13,19,14
"8233",1,15,16,15
"8234",1,7,8,7
"8235",3,25,28,27
"8236",3,2,5,4
"8237",5,10,15,11
"8238",3,8,11,10
"8239",1,10,11,10
"8240",2,14,16,15
"8241",1,7,8,7
"8242",3,13,16,13
"8243",1,2,3,2
"8244",1,3,4,3
"8245",2,2,4,3
"8246",2,19,21,19
"8247",2,4,6,5
"8248",1,1,2,1
"8249",4,17,21,19
"8250",2,13,15,13
"8251",1,57,58,57
"8252",2,3,5,4
"8253",1,13,14,13
"8254",1,9,10,9
"8255",1,21,22,21
"8256",2,9,11,9
"8257",1,4,5,4
"8258",3,4,7,6
"8259",2,29,31,29
"8260",1,1,2,1
"8261",1,20,21,20
"8262",1,2,3,2
"8263",1,15,16,15
"8264",1,5,6,5
"8265",2,8,10,8
"8266",1,9,10,9
"8267",3,8,11,8
"8268",1,1,2,1
"8269",3,41,44,41
"8270",1,8,9,8
"8271",3,5,8,5
"8272",1,2,3,2
"8273",1,10,11,10
"8274",2,4,6,5
"8275",1,8,9,8
"8276",2,27,29,27
"8277",1,9,10,9
"8278",1,23,24,23
"8279",5,1,6,5
"8280",1,7,8,7
"8281",3,26,29,28
"8282",2,7,9,8
"8283",2,23,25,23
"8284",2,18,20,19
"8285",1,4,5,4
"8286",1,6,7,6
"8287",2,2,4,3
"8288",1,9,10,9
"8289",1,3,4,3
"8290",3,6,9,8
"8291",1,1,2,1
"8292",1,1,2,1
"8293",1,6,7,6
"8294",2,10,12,11
"8295",1,3,4,3
"8296",1,19,20,19
"8297",2,7,9,7
"8298",3,4,7,4
"8299",1,2,3,2
"8300",1,8,9,8
"8301",2,15,17,15
"8302",1,7,8,7
"8303",1,15,16,15
"8304",4,20,24,20
"8305",1,18,19,18
"8306",2,3,5,3
"8307",1,12,13,12
"8308",1,1,2,1
"8309",2,19,21,20
"8310",1,5,6,5
"8311",1,5,6,5
"8312",1,9,10,9
"8313",2,66,68,67
"8314",5,5,10,7
"8315",1,1,2,1
"8316",1,18,19,18
"8317",2,39,41,39
"8318",1,15,16,15
"8319",2,5,7,5
"8320",1,3,4,3
"8321",2,5,7,6
"8322",2,5,7,6
"8323",2,4,6,4
"8324",1,29,30,29
"8325",1,3,4,3
"8326",1,7,8,7
"8327",1,12,13,12
"8328",5,6,11,9
"8329",2,3,5,3
"8330",2,3,5,3
"8331",1,2,3,2
"8332",2,9,11,9
"8333",1,21,22,21
"8334",3,8,11,9
"8335",4,31,35,31
"8336",1,6,7,6
"8337",1,4,5,4
"8338",2,1,3,2
"8339",3,10,13,10
"8340",2,1,3,2
"8341",2,7,9,8
"8342",3,3,6,5
"8343",1,35,36,35
"8344",1,7,8,7
"8345",3,17,20,19
"8346",1,4,5,4
"8347",1,8,9,8
"8348",1,1,2,1
"8349",7,3,10,9
"8350",1,15,16,15
"8351",1,2,3,2
"8352",2,34,36,35
"8353",1,2,3,2
"8354",3,40,43,40
"8355",1,6,7,6
"8356",3,5,8,7
"8357",2,6,8,6
"8358",1,4,5,4
"8359",3,8,11,10
"8360",2,6,8,7
"8361",3,2,5,3
"8362",1,3,4,3
"8363",1,4,5,4
"8364",1,1,2,1
"8365",2,1,3,2
"8366",2,7,9,7
"8367",1,18,19,18
"8368",2,10,12,10
"8369",1,2,3,2
"8370",2,1,3,2
"8371",1,2,3,2
"8372",5,4,9,7
"8373",2,8,10,8
"8374",1,3,4,3
"8375",2,15,17,15
"8376",9,14,23,22
"8377",1,2,3,2
"8378",1,6,7,6
"8379",1,2,3,2
"8380",1,6,7,6
"8381",1,4,5,4
"8382",1,3,4,3
"8383",2,23,25,24
"8384",1,1,2,1
"8385",1,8,9,8
"8386",4,35,39,35
"8387",2,12,14,13
"8388",1,1,2,1
"8389",1,10,11,10
"8390",1,1,2,1
"8391",4,20,24,21
"8392",3,13,16,14
"8393",2,9,11,9
"8394",1,19,20,19
"8395",3,5,8,5
"8396",5,17,22,20
"8397",2,7,9,7
"8398",2,10,12,10
"8399",1,1,2,1
"8400",1,2,3,2
"8401",1,1,2,1
"8402",1,4,5,4
"8403",1,5,6,5
"8404",2,10,12,11
"8405",1,24,25,24
"8406",1,9,10,9
"8407",1,3,4,3
"8408",1,2,3,2
"8409",1,8,9,8
"8410",4,36,40,37
"8411",1,4,5,4
"8412",3,17,20,17
"8413",1,16,17,16
"8414",3,8,11,9
"8415",2,30,32,31
"8416",1,16,17,16
"8417",1,9,10,9
"8418",1,4,5,4
"8419",2,15,17,15
"8420",1,4,5,4
"8421",1,2,3,2
"8422",1,12,13,12
"8423",1,10,11,10
"8424",1,9,10,9
"8425",1,7,8,7
"8426",2,10,12,10
"8427",1,6,7,6
"8428",1,31,32,31
"8429",2,2,4,3
"8430",13,6,19,18
"8431",2,1,3,2
"8432",1,4,5,4
"8433",1,11,12,11
"8434",2,18,20,18
"8435",1,13,14,13
"8436",1,5,6,5
"8437",3,14,17,16
"8438",1,4,5,4
"8439",1,3,4,3
"8440",1,16,17,16
"8441",1,6,7,6
"8442",3,7,10,9
"8443",3,2,5,4
"8444",3,4,7,6
"8445",15,26,41,40
"8446",3,1,4,3
"8447",1,2,3,2
"8448",2,26,28,27
"8449",1,2,3,2
"8450",4,4,8,7
"8451",6,35,41,40
"8452",4,7,11,10
"8453",9,27,36,35
"8454",4,13,17,16
"8455",4,13,17,16
"8456",2,4,6,4
"8457",18,5,23,20
"8458",3,19,22,20
"8459",2,2,4,3
"8460",1,7,8,7
"8461",1,1,2,1
"8462",1,3,4,3
"8463",2,6,8,6
"8464",1,2,3,2
"8465",1,12,13,12
"8466",5,7,12,8
"8467",1,6,7,6
"8468",2,6,8,6
"8469",2,10,12,11
"8470",1,8,9,8
"8471",1,2,3,2
"8472",1,13,14,13
"8473",2,3,5,4
"8474",1,57,58,57
"8475",1,14,15,14
"8476",1,17,18,17
"8477",1,3,4,3
"8478",1,3,4,3
"8479",1,29,30,29
"8480",1,5,6,5
"8481",1,1,2,1
"8482",1,1,2,1
"8483",1,5,6,5
"8484",1,2,3,2
"8485",1,5,6,5
"8486",4,12,16,15
"8487",1,4,5,4
"8488",1,4,5,4
"8489",1,7,8,7
"8490",2,3,5,4
"8491",1,2,3,2
"8492",5,14,19,15
"8493",1,16,17,16
"8494",3,6,9,8
"8495",2,5,7,5
"8496",1,6,7,6
"8497",1,9,10,9
"8498",1,4,5,4
"8499",2,19,21,19
"8500",1,1,2,1
"8501",1,2,3,2
"8502",2,24,26,25
"8503",1,11,12,11
"8504",1,5,6,5
"8505",1,17,18,17
"8506",1,7,8,7
"8507",1,6,7,6
"8508",6,4,10,8
"8509",3,2,5,3
"8510",2,2,4,3
"8511",1,7,8,7
"8512",5,15,20,17
"8513",1,15,16,15
"8514",2,30,32,30
"8515",3,9,12,10
"8516",2,24,26,24
"8517",1,6,7,6
"8518",2,1,3,2
"8519",1,7,8,7
"8520",2,16,18,16
"8521",1,8,9,8
"8522",3,5,8,7
"8523",1,7,8,7
"8524",2,3,5,3
"8525",1,11,12,11
"8526",3,8,11,10
"8527",1,1,2,1
"8528",3,14,17,15
"8529",1,3,4,3
"8530",1,3,4,3
"8531",1,12,13,12
"8532",1,17,18,17
"8533",1,7,8,7
"8534",4,4,8,5
"8535",1,7,8,7
"8536",7,19,26,25
"8537",5,8,13,10
"8538",2,12,14,13
"8539",5,6,11,10
"8540",5,16,21,20
"8541",1,2,3,2
"8542",4,22,26,22
"8543",2,2,4,3
"8544",2,3,5,4
"8545",1,1,2,1
"8546",1,1,2,1
"8547",1,4,5,4
"8548",3,5,8,6
"8549",1,2,3,2
"8550",1,11,12,11
"8551",1,3,4,3
"8552",2,12,14,12
"8553",1,1,2,1
"8554",1,7,8,7
"8555",1,3,4,3
"8556",1,6,7,6
"8557",5,27,32,28
"8558",6,3,9,8
"8559",1,2,3,2
"8560",1,14,15,14
"8561",1,20,21,20
"8562",1,13,14,13
"8563",3,7,10,9
"8564",1,1,2,1
"8565",3,4,7,6
"8566",2,42,44,42
"8567",2,8,10,8
"8568",2,16,18,17
"8569",1,7,8,7
"8570",1,22,23,22
"8571",1,20,21,20
"8572",1,4,5,4
"8573",1,12,13,12
"8574",1,1,2,1
"8575",3,11,14,12
"8576",2,12,14,12
"8577",1,6,7,6
"8578",3,35,38,35
"8579",1,17,18,17
"8580",6,4,10,8
"8581",4,12,16,13
"8582",2,1,3,2
"8583",3,21,24,21
"8584",1,9,10,9
"8585",5,15,20,17
"8586",1,7,8,7
"8587",1,8,9,8
"8588",1,7,8,7
"8589",3,24,27,24
"8590",3,7,10,7
"8591",1,4,5,4
"8592",1,15,16,15
"8593",1,1,2,1
"8594",1,20,21,20
"8595",1,1,2,1
"8596",1,3,4,3
"8597",1,6,7,6
"8598",4,6,10,7
"8599",4,9,13,10
"8600",1,1,2,1
"8601",1,8,9,8
"8602",1,5,6,5
"8603",4,18,22,19
"8604",2,35,37,35
"8605",1,9,10,9
"8606",1,12,13,12
"8607",1,11,12,11
"8608",1,3,4,3
"8609",1,5,6,5
"8610",1,9,10,9
"8611",2,4,6,4
"8612",1,5,6,5
"8613",1,30,31,30
"8614",1,4,5,4
"8615",1,3,4,3
"8616",3,2,5,4
"8617",9,5,14,13
"8618",1,6,7,6
"8619",4,20,24,21
"8620",4,20,24,22
"8621",1,5,6,5
"8622",2,5,7,6
"8623",2,15,17,15
"8624",2,17,19,17
"8625",2,1,3,2
"8626",2,15,17,15
"8627",1,8,9,8
"8628",1,3,4,3
"8629",3,4,7,4
"8630",1,4,5,4
"8631",2,12,14,13
"8632",1,2,3,2
"8633",3,4,7,5
"8634",8,169,177,175
"8635",1,4,5,4
"8636",1,15,16,15
"8637",4,17,21,19
"8638",2,5,7,6
"8639",1,8,9,8
"8640",1,6,7,6
"8641",5,27,32,30
"8642",1,1,2,1
"8643",12,18,30,25
"8644",2,3,5,3
"8645",2,9,11,9
"8646",1,6,7,6
"8647",6,15,21,19
"8648",1,1,2,1
"8649",8,1,9,8
"8650",1,2,3,2
"8651",1,34,35,34
"8652",1,4,5,4
"8653",3,21,24,23
"8654",1,18,19,18
"8655",1,2,3,2
"8656",2,5,7,6
"8657",1,2,3,2
"8658",5,176,181,178
"8659",1,3,4,3
"8660",1,39,40,39
"8661",1,14,15,14
"8662",1,4,5,4
"8663",3,3,6,3
"8664",1,2,3,2
"8665",2,10,12,10
"8666",1,3,4,3
"8667",2,4,6,5
"8668",2,14,16,15
"8669",2,10,12,11
"8670",3,11,14,12
"8671",1,6,7,6
"8672",2,2,4,2
"8673",1,3,4,3
"8674",2,7,9,7
"8675",1,17,18,17
"8676",1,23,24,23
"8677",3,6,9,7
"8678",1,3,4,3
"8679",2,2,4,3
"8680",1,2,3,2
"8681",1,5,6,5
"8682",1,4,5,4
"8683",1,5,6,5
"8684",1,1,2,1
"8685",1,1,2,1
"8686",3,37,40,39
"8687",2,4,6,5
"8688",1,2,3,2
"8689",1,25,26,25
"8690",1,5,6,5
"8691",4,18,22,18
"8692",3,2,5,3
"8693",2,30,32,30
"8694",1,10,11,10
"8695",1,5,6,5
"8696",2,22,24,22
"8697",1,6,7,6
"8698",3,24,27,25
"8699",3,9,12,11
"8700",1,3,4,3
"8701",3,16,19,16
"8702",3,19,22,20
"8703",1,8,9,8
"8704",1,5,6,5
"8705",1,25,26,25
"8706",2,3,5,3
"8707",2,7,9,7
"8708",2,3,5,4
"8709",1,12,13,12
"8710",1,11,12,11
"8711",2,8,10,8
"8712",3,3,6,3
"8713",4,20,24,22
"8714",2,2,4,3
"8715",1,7,8,7
"8716",1,3,4,3
"8717",4,11,15,12
"8718",2,8,10,8
"8719",2,2,4,3
"8720",1,17,18,17
"8721",1,1,2,1
"8722",1,41,42,41
"8723",1,3,4,3
"8724",5,5,10,8
"8725",1,7,8,7
"8726",1,19,20,19
"8727",2,4,6,5
"8728",3,10,13,10
"8729",3,34,37,35
"8730",1,3,4,3
"8731",5,7,12,11
"8732",1,5,6,5
"8733",1,4,5,4
"8734",2,1,3,2
"8735",1,13,14,13
"8736",2,3,5,3
"8737",2,18,20,19
"8738",1,4,5,4
"8739",1,2,3,2
"8740",1,6,7,6
"8741",1,1,2,1
"8742",1,16,17,16
"8743",1,9,10,9
"8744",1,2,3,2
"8745",3,51,54,52
"8746",1,5,6,5
"8747",1,3,4,3
"8748",3,1,4,3
"8749",1,10,11,10
"8750",2,4,6,5
"8751",1,5,6,5
"8752",1,39,40,39
"8753",1,1,2,1
"8754",3,10,13,10
"8755",1,9,10,9
"8756",1,18,19,18
"8757",3,4,7,6
"8758",11,4,15,11
"8759",1,7,8,7
"8760",1,8,9,8
"8761",1,5,6,5
"8762",1,8,9,8
"8763",1,4,5,4
"8764",2,39,41,40
"8765",10,10,20,10
"8766",3,176,179,178
"8767",4,7,11,9
"8768",1,6,7,6
"8769",5,25,30,27
"8770",1,14,15,14
"8771",3,7,10,7
"8772",1,2,3,2
"8773",1,1,2,1
"8774",7,15,22,21
"8775",1,16,17,16
"8776",4,2,6,5
"8777",2,7,9,7
"8778",2,14,16,14
"8779",2,10,12,10
"8780",1,7,8,7
"8781",1,6,7,6
"8782",2,16,18,16
"8783",1,2,3,2
"8784",1,4,5,4
"8785",10,10,20,19
"8786",1,1,2,1
"8787",2,15,17,16
"8788",1,1,2,1
"8789",1,6,7,6
"8790",1,19,20,19
"8791",1,3,4,3
"8792",1,7,8,7
"8793",1,19,20,19
"8794",1,5,6,5
"8795",2,10,12,11
"8796",2,4,6,4
"8797",2,1,3,2
"8798",1,12,13,12
"8799",1,6,7,6
"8800",1,7,8,7
"8801",1,9,10,9
"8802",2,14,16,14
"8803",2,10,12,10
"8804",1,6,7,6
"8805",1,5,6,5
"8806",3,3,6,5
"8807",1,10,11,10
"8808",1,2,3,2
"8809",1,3,4,3
"8810",1,37,38,37
"8811",2,21,23,22
"8812",1,22,23,22
"8813",1,2,3,2
"8814",1,9,10,9
"8815",1,1,2,1
"8816",1,1,2,1
"8817",1,7,8,7
"8818",1,6,7,6
"8819",1,7,8,7
"8820",1,3,4,3
"8821",1,10,11,10
"8822",1,8,9,8
"8823",2,17,19,18
"8824",1,3,4,3
"8825",1,7,8,7
"8826",7,12,19,18
"8827",1,9,10,9
"8828",1,6,7,6
"8829",1,6,7,6
"8830",1,15,16,15
"8831",1,1,2,1
"8832",1,1,2,1
"8833",1,3,4,3
"8834",1,5,6,5
"8835",1,5,6,5
"8836",1,10,11,10
"8837",3,4,7,6
"8838",3,11,14,12
"8839",5,14,19,16
"8840",1,5,6,5
"8841",1,8,9,8
"8842",2,11,13,12
"8843",1,6,7,6
"8844",2,2,4,2
"8845",13,24,37,29
"8846",11,56,67,61
"8847",1,8,9,8
"8848",1,26,27,26
"8849",1,4,5,4
"8850",2,7,9,7
"8851",6,6,12,6
"8852",6,13,19,18
"8853",1,3,4,3
"8854",1,8,9,8
"8855",1,1,2,1
"8856",1,2,3,2
"8857",2,19,21,19
"8858",1,6,7,6
"8859",5,8,13,11
"8860",3,3,6,3
"8861",1,16,17,16
"8862",2,5,7,6
"8863",1,11,12,11
"8864",2,14,16,15
"8865",7,1,8,7
"8866",2,33,35,34
"8867",1,11,12,11
"8868",1,7,8,7
"8869",1,3,4,3
"8870",1,26,27,26
"8871",3,4,7,5
"8872",1,13,14,13
"8873",1,4,5,4
"8874",3,35,38,37
"8875",2,3,5,4
"8876",1,5,6,5
"8877",1,4,5,4
"8878",1,15,16,15
"8879",8,43,51,50
"8880",2,21,23,22
"8881",1,4,5,4
"8882",1,5,6,5
"8883",1,5,6,5
"8884",1,4,5,4
"8885",2,4,6,5
"8886",1,1,2,1
"8887",1,4,5,4
"8888",1,4,5,4
"8889",1,12,13,12
"8890",2,5,7,5
"8891",5,18,23,21
"8892",3,25,28,27
"8893",2,5,7,5
"8894",1,3,4,3
"8895",1,3,4,3
"8896",1,6,7,6
"8897",2,7,9,7
"8898",1,6,7,6
"8899",1,1,2,1
"8900",2,4,6,4
"8901",4,8,12,9
"8902",1,6,7,6
"8903",1,6,7,6
"8904",1,1,2,1
"8905",2,7,9,8
"8906",1,9,10,9
"8907",1,20,21,20
"8908",1,1,2,1
"8909",2,17,19,17
"8910",1,5,6,5
"8911",2,12,14,12
"8912",8,2,10,8
"8913",1,3,4,3
"8914",3,10,13,11
"8915",3,20,23,20
"8916",2,19,21,19
"8917",2,12,14,12
"8918",2,1,3,2
"8919",4,26,30,28
"8920",2,4,6,4
"8921",1,1,2,1
"8922",2,8,10,9
"8923",2,1,3,2
"8924",4,11,15,11
"8925",2,10,12,11
"8926",1,4,5,4
"8927",3,42,45,42
"8928",1,14,15,14
"8929",1,22,23,22
"8930",2,11,13,12
"8931",1,1,2,1
"8932",1,5,6,5
"8933",2,21,23,22
"8934",1,7,8,7
"8935",5,10,15,13
"8936",1,6,7,6
"8937",15,7,22,20
"8938",1,6,7,6
"8939",1,2,3,2
"8940",1,2,3,2
"8941",2,2,4,3
"8942",3,17,20,18
"8943",2,11,13,11
"8944",1,4,5,4
"8945",1,8,9,8
"8946",1,23,24,23
"8947",1,3,4,3
"8948",1,13,14,13
"8949",5,7,12,10
"8950",1,18,19,18
"8951",2,13,15,14
"8952",1,1,2,1
"8953",1,5,6,5
"8954",1,13,14,13
"8955",3,7,10,7
"8956",1,11,12,11
"8957",9,4,13,12
"8958",5,3,8,7
"8959",2,18,20,18
"8960",1,6,7,6
"8961",2,6,8,6
"8962",2,7,9,7
"8963",1,2,3,2
"8964",1,10,11,10
"8965",1,2,3,2
"8966",1,1,2,1
"8967",1,2,3,2
"8968",6,37,43,40
"8969",2,37,39,37
"8970",1,3,4,3
"8971",1,2,3,2
"8972",1,2,3,2
"8973",1,5,6,5
"8974",1,8,9,8
"8975",1,3,4,3
"8976",1,3,4,3
"8977",2,7,9,7
"8978",1,3,4,3
"8979",1,3,4,3
"8980",1,2,3,2
"8981",2,3,5,4
"8982",1,11,12,11
"8983",4,6,10,6
"8984",1,1,2,1
"8985",1,1,2,1
"8986",2,13,15,13
"8987",1,3,4,3
"8988",2,7,9,7
"8989",2,18,20,19
"8990",1,4,5,4
"8991",5,2,7,5
"8992",1,16,17,16
"8993",4,8,12,10
"8994",7,1,8,7
"8995",1,1,2,1
"8996",1,21,22,21
"8997",2,13,15,14
"8998",1,1,2,1
"8999",2,5,7,6
"9000",1,7,8,7
"9001",1,4,5,4
"9002",3,11,14,13
"9003",1,2,3,2
"9004",1,11,12,11
"9005",1,9,10,9
"9006",2,10,12,11
"9007",2,15,17,15
"9008",1,9,10,9
"9009",2,13,15,14
"9010",1,5,6,5
"9011",1,1,2,1
"9012",11,19,30,29
"9013",2,16,18,17
"9014",1,2,3,2
"9015",1,4,5,4
"9016",1,11,12,11
"9017",4,6,10,7
"9018",1,2,3,2
"9019",1,4,5,4
"9020",1,8,9,8
"9021",6,14,20,16
"9022",3,18,21,20
"9023",1,10,11,10
"9024",1,9,10,9
"9025",1,7,8,7
"9026",1,8,9,8
"9027",4,9,13,11
"9028",12,14,26,25
"9029",1,26,27,26
"9030",7,5,12,11
"9031",2,5,7,6
"9032",3,17,20,19
"9033",5,24,29,26
"9034",3,9,12,9
"9035",1,2,3,2
"9036",1,4,5,4
"9037",1,1,2,1
"9038",1,7,8,7
"9039",2,9,11,9
"9040",4,10,14,13
"9041",2,14,16,15
"9042",6,18,24,22
"9043",2,1,3,2
"9044",3,24,27,26
"9045",1,4,5,4
"9046",1,18,19,18
"9047",1,9,10,9
"9048",2,20,22,20
"9049",2,7,9,8
"9050",4,8,12,9
"9051",1,2,3,2
"9052",1,3,4,3
"9053",2,13,15,13
"9054",1,14,15,14
"9055",2,4,6,4
"9056",1,7,8,7
"9057",1,6,7,6
"9058",1,1,2,1
"9059",2,1,3,2
"9060",3,34,37,35
"9061",1,1,2,1
"9062",1,1,2,1
"9063",1,5,6,5
"9064",2,7,9,7
"9065",2,4,6,4
"9066",1,26,27,26
"9067",3,12,15,13
"9068",1,3,4,3
"9069",2,3,5,3
"9070",1,10,11,10
"9071",1,10,11,10
"9072",2,16,18,16
"9073",2,16,18,17
"9074",5,14,19,17
"9075",2,15,17,15
"9076",3,8,11,9
"9077",2,6,8,6
"9078",6,41,47,43
"9079",1,10,11,10
"9080",4,7,11,7
"9081",1,5,6,5
"9082",1,13,14,13
"9083",1,5,6,5
"9084",1,1,2,1
"9085",2,2,4,2
"9086",1,2,3,2
"9087",1,4,5,4
"9088",1,2,3,2
"9089",4,36,40,37
"9090",1,5,6,5
"9091",2,10,12,11
"9092",1,7,8,7
"9093",1,1,2,1
"9094",6,35,41,35
"9095",1,3,4,3
"9096",2,4,6,4
"9097",3,11,14,12
"9098",1,5,6,5
"9099",1,11,12,11
"9100",1,4,5,4
"9101",1,6,7,6
"9102",1,1,2,1
"9103",1,7,8,7
"9104",1,4,5,4
"9105",1,3,4,3
"9106",2,9,11,10
"9107",2,16,18,17
"9108",2,44,46,45
"9109",1,3,4,3
"9110",1,2,3,2
"9111",1,25,26,25
"9112",1,5,6,5
"9113",1,21,22,21
"9114",1,13,14,13
"9115",1,3,4,3
"9116",1,6,7,6
"9117",1,2,3,2
"9118",5,25,30,28
"9119",1,29,30,29
"9120",1,1,2,1
"9121",1,12,13,12
"9122",2,2,4,3
"9123",1,2,3,2
"9124",2,13,15,13
"9125",5,14,19,14
"9126",2,8,10,8
"9127",1,2,3,2
"9128",1,5,6,5
"9129",1,16,17,16
"9130",1,9,10,9
"9131",1,13,14,13
"9132",1,3,4,3
"9133",1,21,22,21
"9134",4,8,12,9
"9135",2,8,10,9
"9136",2,4,6,4
"9137",4,16,20,16
"9138",1,6,7,6
"9139",2,4,6,4
"9140",2,4,6,4
"9141",1,9,10,9
"9142",3,14,17,15
"9143",3,8,11,8
"9144",1,8,9,8
"9145",1,3,4,3
"9146",1,15,16,15
"9147",1,17,18,17
"9148",1,1,2,1
"9149",1,12,13,12
"9150",3,19,22,20
"9151",2,6,8,6
"9152",2,37,39,37
"9153",1,7,8,7
"9154",1,8,9,8
"9155",2,12,14,12
"9156",1,4,5,4
"9157",2,7,9,8
"9158",1,6,7,6
"9159",1,5,6,5
"9160",3,16,19,17
"9161",1,4,5,4
"9162",3,4,7,6
"9163",1,18,19,18
"9164",1,5,6,5
"9165",3,13,16,14
"9166",3,14,17,16
"9167",2,1,3,2
"9168",1,3,4,3
"9169",1,5,6,5
"9170",1,2,3,2
"9171",1,8,9,8
"9172",8,18,26,23
"9173",1,9,10,9
"9174",1,8,9,8
"9175",1,3,4,3
"9176",1,6,7,6
"9177",2,2,4,2
"9178",3,12,15,14
"9179",13,30,43,42
"9180",1,5,6,5
"9181",1,5,6,5
"9182",5,10,15,13
"9183",1,1,2,1
"9184",1,14,15,14
"9185",2,34,36,34
"9186",4,12,16,12
"9187",1,14,15,14
"9188",2,45,47,45
"9189",1,7,8,7
"9190",1,7,8,7
"9191",1,12,13,12
"9192",4,5,9,8
"9193",7,4,11,10
"9194",4,4,8,7
"9195",1,18,19,18
"9196",3,22,25,23
"9197",4,28,32,30
"9198",2,7,9,7
"9199",1,8,9,8
"9200",3,36,39,38
"9201",3,7,10,9
"9202",1,2,3,2
"9203",4,28,32,31
"9204",2,9,11,9
"9205",1,6,7,6
"9206",2,5,7,5
"9207",2,14,16,15
"9208",2,7,9,7
"9209",2,5,7,5
"9210",1,3,4,3
"9211",3,19,22,20
"9212",2,24,26,25
"9213",1,1,2,1
"9214",1,5,6,5
"9215",1,2,3,2
"9216",3,6,9,8
"9217",1,8,9,8
"9218",1,36,37,36
"9219",14,38,52,43
"9220",1,6,7,6
"9221",1,3,4,3
"9222",1,3,4,3
"9223",1,9,10,9
"9224",3,14,17,14
"9225",2,3,5,4
"9226",1,3,4,3
"9227",1,3,4,3
"9228",3,7,10,7
"9229",1,3,4,3
"9230",1,5,6,5
"9231",1,21,22,21
"9232",1,9,10,9
"9233",1,11,12,11
"9234",3,40,43,40
"9235",7,16,23,19
"9236",1,26,27,26
"9237",1,2,3,2
"9238",1,21,22,21
"9239",2,14,16,15
"9240",2,28,30,29
"9241",3,1,4,3
"9242",1,4,5,4
"9243",1,12,13,12
"9244",1,2,3,2
"9245",2,15,17,15
"9246",1,10,11,10
"9247",5,48,53,52
"9248",2,2,4,2
"9249",1,9,10,9
"9250",1,11,12,11
"9251",3,6,9,7
"9252",1,14,15,14
"9253",3,25,28,26
"9254",2,3,5,4
"9255",4,10,14,11
"9256",2,31,33,31
"9257",1,8,9,8
"9258",1,4,5,4
"9259",1,3,4,3
"9260",3,7,10,7
"9261",1,11,12,11
"9262",2,6,8,6
"9263",2,6,8,7
"9264",1,3,4,3
"9265",2,8,10,9
"9266",1,5,6,5
"9267",2,4,6,4
"9268",2,14,16,14
"9269",1,2,3,2
"9270",5,10,15,12
"9271",2,15,17,15
"9272",3,21,24,23
"9273",1,10,11,10
"9274",1,9,10,9
"9275",2,37,39,38
"9276",1,1,2,1
"9277",8,15,23,21
"9278",2,35,37,35
"9279",1,7,8,7
"9280",1,4,5,4
"9281",7,30,37,35
"9282",2,14,16,14
"9283",1,4,5,4
"9284",2,2,4,3
"9285",1,1,2,1
"9286",11,9,20,16
"9287",1,1,2,1
"9288",1,3,4,3
"9289",1,3,4,3
"9290",4,16,20,18
"9291",1,4,5,4
"9292",1,6,7,6
"9293",2,8,10,9
"9294",1,2,3,2
"9295",1,7,8,7
"9296",2,14,16,15
"9297",1,5,6,5
"9298",2,2,4,3
"9299",4,12,16,15
"9300",4,21,25,22
"9301",3,12,15,12
"9302",1,2,3,2
"9303",1,9,10,9
"9304",5,13,18,16
"9305",2,11,13,11
"9306",1,1,2,1
"9307",1,4,5,4
"9308",2,10,12,10
"9309",5,1,6,5
"9310",3,21,24,21
"9311",1,2,3,2
"9312",3,4,7,6
"9313",2,7,9,7
"9314",4,23,27,25
"9315",2,17,19,17
"9316",1,37,38,37
"9317",2,2,4,3
"9318",2,1,3,2
"9319",1,7,8,7
"9320",7,28,35,31
"9321",1,4,5,4
"9322",2,11,13,12
"9323",1,4,5,4
"9324",1,3,4,3
"9325",2,12,14,12
"9326",1,3,4,3
"9327",1,3,4,3
"9328",1,5,6,5
"9329",2,25,27,26
"9330",5,11,16,13
"9331",2,3,5,4
"9332",2,4,6,5
"9333",1,6,7,6
"9334",1,22,23,22
"9335",4,8,12,11
"9336",2,9,11,10
"9337",2,9,11,10
"9338",2,4,6,5
"9339",2,2,4,3
"9340",1,2,3,2
"9341",1,2,3,2
"9342",2,7,9,7
"9343",2,7,9,8
"9344",3,18,21,19
"9345",2,9,11,10
"9346",4,81,85,83
"9347",2,11,13,11
"9348",1,6,7,6
"9349",2,3,5,3
"9350",1,18,19,18
"9351",1,1,2,1
"9352",1,7,8,7
"9353",3,26,29,26
"9354",1,16,17,16
"9355",2,45,47,46
"9356",1,10,11,10
"9357",1,4,5,4
"9358",2,13,15,14
"9359",31,7,38,34
"9360",2,23,25,23
"9361",3,3,6,3
"9362",2,18,20,19
"9363",3,8,11,8
"9364",1,12,13,12
"9365",4,4,8,7
"9366",2,26,28,27
"9367",2,43,45,43
"9368",2,5,7,6
"9369",1,2,3,2
"9370",4,18,22,18
"9371",2,7,9,7
"9372",5,5,10,5
"9373",2,3,5,3
"9374",7,8,15,8
"9375",1,1,2,1
"9376",2,10,12,11
"9377",1,2,3,2
"9378",2,16,18,16
"9379",1,1,2,1
"9380",2,15,17,15
"9381",4,4,8,4
"9382",1,9,10,9
"9383",1,18,19,18
"9384",1,1,2,1
"9385",1,1,2,1
"9386",2,35,37,35
"9387",2,2,4,2
"9388",2,14,16,15
"9389",1,7,8,7
"9390",2,3,5,3
"9391",1,5,6,5
"9392",3,1,4,3
"9393",1,1,2,1
"9394",2,9,11,10
"9395",1,7,8,7
"9396",1,13,14,13
"9397",1,13,14,13
"9398",2,8,10,8
"9399",3,23,26,23
"9400",2,21,23,22
"9401",1,16,17,16
"9402",1,4,5,4
"9403",1,5,6,5
"9404",3,5,8,7
"9405",1,10,11,10
"9406",1,2,3,2
"9407",1,5,6,5
"9408",1,1,2,1
"9409",1,8,9,8
"9410",2,4,6,5
"9411",1,6,7,6
"9412",1,3,4,3
"9413",1,19,20,19
"9414",3,25,28,25
"9415",5,13,18,15
"9416",2,12,14,13
"9417",1,3,4,3
"9418",1,1,2,1
"9419",2,7,9,7
"9420",2,6,8,7
"9421",1,6,7,6
"9422",3,26,29,26
"9423",2,12,14,12
"9424",2,9,11,10
"9425",2,5,7,6
"9426",2,5,7,5
"9427",1,14,15,14
"9428",1,6,7,6
"9429",1,51,52,51
"9430",1,2,3,2
"9431",1,1,2,1
"9432",1,2,3,2
"9433",1,5,6,5
"9434",1,2,3,2
"9435",2,2,4,2
"9436",2,7,9,7
"9437",4,13,17,14
"9438",5,17,22,18
"9439",16,54,70,54
"9440",1,10,11,10
"9441",1,16,17,16
"9442",2,10,12,10
"9443",1,19,20,19
"9444",3,22,25,22
"9445",1,18,19,18
"9446",2,4,6,5
"9447",2,18,20,18
"9448",3,5,8,6
"9449",1,4,5,4
"9450",4,6,10,7
"9451",1,1,2,1
"9452",2,18,20,19
"9453",1,2,3,2
"9454",4,6,10,8
"9455",1,8,9,8
"9456",2,23,25,23
"9457",2,20,22,20
"9458",1,9,10,9
"9459",1,4,5,4
"9460",2,1,3,2
"9461",1,8,9,8
"9462",2,12,14,13
"9463",1,6,7,6
"9464",1,9,10,9
"9465",4,3,7,6
"9466",2,3,5,3
"9467",1,6,7,6
"9468",1,3,4,3
"9469",1,7,8,7
"9470",1,27,28,27
"9471",1,3,4,3
"9472",2,7,9,8
"9473",2,9,11,9
"9474",1,1,2,1
"9475",1,22,23,22
"9476",1,10,11,10
"9477",1,9,10,9
"9478",3,11,14,11
"9479",1,7,8,7
"9480",1,3,4,3
"9481",2,4,6,5
"9482",1,31,32,31
"9483",1,1,2,1
"9484",2,3,5,4
"9485",1,2,3,2
"9486",2,15,17,15
"9487",1,7,8,7
"9488",1,1,2,1
"9489",2,10,12,10
"9490",1,1,2,1
"9491",1,2,3,2
"9492",1,1,2,1
"9493",2,4,6,5
"9494",1,7,8,7
"9495",1,2,3,2
"9496",1,6,7,6
"9497",2,8,10,9
"9498",1,2,3,2
"9499",5,15,20,18
"9500",3,19,22,20
"9501",1,3,4,3
"9502",1,23,24,23
"9503",1,7,8,7
"9504",1,14,15,14
"9505",2,18,20,19
"9506",1,13,14,13
"9507",1,5,6,5
"9508",1,19,20,19
"9509",1,5,6,5
"9510",3,12,15,13
"9511",1,31,32,31
"9512",1,2,3,2
"9513",1,4,5,4
"9514",2,1,3,2
"9515",1,4,5,4
"9516",1,9,10,9
"9517",1,8,9,8
"9518",10,10,20,17
"9519",1,3,4,3
"9520",1,4,5,4
"9521",2,6,8,6
"9522",1,9,10,9
"9523",2,10,12,11
"9524",1,6,7,6
"9525",3,8,11,10
"9526",1,6,7,6
"9527",4,16,20,19
"9528",1,2,3,2
"9529",14,13,27,25
"9530",6,35,41,35
"9531",3,6,9,8
"9532",1,30,31,30
"9533",1,18,19,18
"9534",3,24,27,26
"9535",4,7,11,10
"9536",1,4,5,4
"9537",1,2,3,2
"9538",5,4,9,6
"9539",3,14,17,15
"9540",6,9,15,14
"9541",1,10,11,10
"9542",1,5,6,5
"9543",3,3,6,5
"9544",1,26,27,26
"9545",1,3,4,3
"9546",3,5,8,5
"9547",1,1,2,1
"9548",1,12,13,12
"9549",2,4,6,5
"9550",4,39,43,40
"9551",1,13,14,13
"9552",3,5,8,7
"9553",2,4,6,5
"9554",1,32,33,32
"9555",1,5,6,5
"9556",5,37,42,38
"9557",4,41,45,43
"9558",1,9,10,9
"9559",1,3,4,3
"9560",1,7,8,7
"9561",1,2,3,2
"9562",1,4,5,4
"9563",1,8,9,8
"9564",1,4,5,4
"9565",1,5,6,5
"9566",27,3,30,29
"9567",1,4,5,4
"9568",1,11,12,11
"9569",1,2,3,2
"9570",1,2,3,2
"9571",5,3,8,6
"9572",1,8,9,8
"9573",2,11,13,12
"9574",1,4,5,4
"9575",1,7,8,7
"9576",3,27,30,29
"9577",2,17,19,17
"9578",1,6,7,6
"9579",1,6,7,6
"9580",1,3,4,3
"9581",1,3,4,3
"9582",1,7,8,7
"9583",3,31,34,32
"9584",5,4,9,8
"9585",2,2,4,2
"9586",2,9,11,10
"9587",3,7,10,7
"9588",1,13,14,13
"9589",1,6,7,6
"9590",2,34,36,34
"9591",17,15,32,29
"9592",2,8,10,9
"9593",1,1,2,1
"9594",11,23,34,23
"9595",1,4,5,4
"9596",4,8,12,9
"9597",2,4,6,4
"9598",1,5,6,5
"9599",1,18,19,18
"9600",2,1,3,2
"9601",1,30,31,30
"9602",1,4,5,4
"9603",2,3,5,4
"9604",4,16,20,18
"9605",1,9,10,9
"9606",2,5,7,6
"9607",2,8,10,9
"9608",1,40,41,40
"9609",1,16,17,16
"9610",1,10,11,10
"9611",3,1,4,3
"9612",1,2,3,2
"9613",2,4,6,5
"9614",1,6,7,6
"9615",6,41,47,43
"9616",1,11,12,11
"9617",6,12,18,17
"9618",1,6,7,6
"9619",1,4,5,4
"9620",1,9,10,9
"9621",1,11,12,11
"9622",1,5,6,5
"9623",1,4,5,4
"9624",3,5,8,7
"9625",1,25,26,25
"9626",1,4,5,4
"9627",7,16,23,20
"9628",3,3,6,4
"9629",2,7,9,8
"9630",4,3,7,6
"9631",3,19,22,21
"9632",2,30,32,30
"9633",1,8,9,8
"9634",1,12,13,12
"9635",1,12,13,12
"9636",1,1,2,1
"9637",2,3,5,4
"9638",1,2,3,2
"9639",1,2,3,2
"9640",1,15,16,15
"9641",2,16,18,17
"9642",1,3,4,3
"9643",1,3,4,3
"9644",2,9,11,10
"9645",1,3,4,3
"9646",1,3,4,3
"9647",1,18,19,18
"9648",1,1,2,1
"9649",4,15,19,16
"9650",5,12,17,12
"9651",1,3,4,3
"9652",1,7,8,7
"9653",3,27,30,27
"9654",4,10,14,10
"9655",1,30,31,30
"9656",2,5,7,5
"9657",1,7,8,7
"9658",3,7,10,7
"9659",3,36,39,38
"9660",1,2,3,2
"9661",1,11,12,11
"9662",3,13,16,14
"9663",1,4,5,4
"9664",3,3,6,4
"9665",2,4,6,4
"9666",1,5,6,5
"9667",2,34,36,34
"9668",2,17,19,18
"9669",1,18,19,18
"9670",2,11,13,11
"9671",1,2,3,2
"9672",3,30,33,31
"9673",1,2,3,2
"9674",2,5,7,5
"9675",1,1,2,1
"9676",1,2,3,2
"9677",3,7,10,9
"9678",1,15,16,15
"9679",1,3,4,3
"9680",7,29,36,34
"9681",4,11,15,11
"9682",4,16,20,17
"9683",4,8,12,9
"9684",1,13,14,13
"9685",2,3,5,4
"9686",1,2,3,2
"9687",2,8,10,9
"9688",2,10,12,10
"9689",2,176,178,177
"9690",1,3,4,3
"9691",2,6,8,7
"9692",1,10,11,10
"9693",1,23,24,23
"9694",1,15,16,15
"9695",1,9,10,9
"9696",1,11,12,11
"9697",2,11,13,11
"9698",1,6,7,6
"9699",1,5,6,5
"9700",5,6,11,9
"9701",2,8,10,9
"9702",2,18,20,18
"9703",1,4,5,4
"9704",2,6,8,6
"9705",2,19,21,19
"9706",1,6,7,6
"9707",2,3,5,4
"9708",2,14,16,14
"9709",2,7,9,7
"9710",2,1,3,2
"9711",3,9,12,9
"9712",1,6,7,6
"9713",8,169,177,175
"9714",2,4,6,4
"9715",1,12,13,12
"9716",1,2,3,2
"9717",2,6,8,7
"9718",5,18,23,20
"9719",1,5,6,5
"9720",1,1,2,1
"9721",12,20,32,31
"9722",5,26,31,30
"9723",2,1,3,2
"9724",12,8,20,19
"9725",3,1,4,3
"9726",7,5,12,11
"9727",11,1,12,11
"9728",3,3,6,5
"9729",3,7,10,7
"9730",3,10,13,12
"9731",1,2,3,2
"9732",1,4,5,4
"9733",1,2,3,2
"9734",1,2,3,2
"9735",2,8,10,8
"9736",1,17,18,17
"9737",2,24,26,24
"9738",1,1,2,1
"9739",1,4,5,4
"9740",2,2,4,3
"9741",7,5,12,11
"9742",1,2,3,2
"9743",1,8,9,8
"9744",3,6,9,8
"9745",2,17,19,17
"9746",1,6,7,6
"9747",1,13,14,13
"9748",2,6,8,6
"9749",2,19,21,20
"9750",1,8,9,8
"9751",1,5,6,5
"9752",1,9,10,9
"9753",3,20,23,20
"9754",1,2,3,2
"9755",4,3,7,6
"9756",11,1,12,11
"9757",11,15,26,25
"9758",1,14,15,14
"9759",2,4,6,4
"9760",5,31,36,33
"9761",2,10,12,10
"9762",1,1,2,1
"9763",2,21,23,21
"9764",1,4,5,4
"9765",2,30,32,30
"9766",3,12,15,14
"9767",4,3,7,6
"9768",3,2,5,4
"9769",1,12,13,12
"9770",1,3,4,3
"9771",1,2,3,2
"9772",3,14,17,14
"9773",6,36,42,39
"9774",1,3,4,3
"9775",3,16,19,16
"9776",4,23,27,25
"9777",2,11,13,11
"9778",1,12,13,12
"9779",2,16,18,16
"9780",1,13,14,13
"9781",2,37,39,38
"9782",2,5,7,5
"9783",1,2,3,2
"9784",1,23,24,23
"9785",1,2,3,2
"9786",2,36,38,37
"9787",4,176,180,176
"9788",5,8,13,12
"9789",2,7,9,8
"9790",3,3,6,4
"9791",2,1,3,2
"9792",4,21,25,21
"9793",1,8,9,8
"9794",1,29,30,29
"9795",1,15,16,15
"9796",2,8,10,8
"9797",1,1,2,1
"9798",3,21,24,23
"9799",2,9,11,9
"9800",1,1,2,1
"9801",1,3,4,3
"9802",1,4,5,4
"9803",4,19,23,20
"9804",1,1,2,1
"9805",1,9,10,9
"9806",1,3,4,3
"9807",1,4,5,4
"9808",1,6,7,6
"9809",1,1,2,1
"9810",2,23,25,23
"9811",1,2,3,2
"9812",2,10,12,10
"9813",4,57,61,59
"9814",3,4,7,5
"9815",2,8,10,8
"9816",1,2,3,2
"9817",3,4,7,5
"9818",2,27,29,27
"9819",1,1,2,1
"9820",2,11,13,11
"9821",1,21,22,21
"9822",2,7,9,7
"9823",1,4,5,4
"9824",3,2,5,4
"9825",1,2,3,2
"9826",1,1,2,1
"9827",3,12,15,13
"9828",14,38,52,43
"9829",2,9,11,10
"9830",2,13,15,14
"9831",3,4,7,5
"9832",2,8,10,8
"9833",1,5,6,5
"9834",1,2,3,2
"9835",4,26,30,27
"9836",6,1,7,6
"9837",3,8,11,8
"9838",2,11,13,12
"9839",2,9,11,10
"9840",1,1,2,1
"9841",2,5,7,5
"9842",2,3,5,4
"9843",3,32,35,33
"9844",3,12,15,12
"9845",1,6,7,6
"9846",2,13,15,13
"9847",2,6,8,7
"9848",1,4,5,4
"9849",4,7,11,7
"9850",4,1,5,4
"9851",1,8,9,8
"9852",1,1,2,1
"9853",1,18,19,18
"9854",1,4,5,4
"9855",19,2,21,20
"9856",1,1,2,1
"9857",1,5,6,5
"9858",1,7,8,7
"9859",1,11,12,11
"9860",1,10,11,10
"9861",1,1,2,1
"9862",1,8,9,8
"9863",3,2,5,3
"9864",1,6,7,6
"9865",1,3,4,3
"9866",3,9,12,11
"9867",2,3,5,4
"9868",1,9,10,9
"9869",3,7,10,7
"9870",4,21,25,23
"9871",1,1,2,1
"9872",3,3,6,3
"9873",1,17,18,17
"9874",2,20,22,20
"9875",1,11,12,11
"9876",5,30,35,33
"9877",3,22,25,24
"9878",4,1,5,4
"9879",3,6,9,7
"9880",1,1,2,1
"9881",3,14,17,15
"9882",3,12,15,13
"9883",1,13,14,13
"9884",6,16,22,16
"9885",8,1,9,8
"9886",2,10,12,10
"9887",1,2,3,2
"9888",1,2,3,2
"9889",1,3,4,3
"9890",2,7,9,8
"9891",1,1,2,1
"9892",1,4,5,4
"9893",5,27,32,28
"9894",2,7,9,7
"9895",1,14,15,14
"9896",1,3,4,3
"9897",4,6,10,6
"9898",7,1,8,7
"9899",1,9,10,9
"9900",1,5,6,5
"9901",4,21,25,21
"9902",2,26,28,26
"9903",1,13,14,13
"9904",1,10,11,10
"9905",2,12,14,13
"9906",1,5,6,5
"9907",3,10,13,11
"9908",7,7,14,13
"9909",1,1,2,1
"9910",1,3,4,3
"9911",1,26,27,26
"9912",1,1,2,1
"9913",1,6,7,6
"9914",1,32,33,32
"9915",1,5,6,5
"9916",1,16,17,16
"9917",4,16,20,18
"9918",6,4,10,7
"9919",2,9,11,10
"9920",2,8,10,8
"9921",1,4,5,4
"9922",2,4,6,5
"9923",1,24,25,24
"9924",1,12,13,12
"9925",2,5,7,5
"9926",1,2,3,2
"9927",1,14,15,14
"9928",1,6,7,6
"9929",1,5,6,5
"9930",1,10,11,10
"9931",7,20,27,23
"9932",1,5,6,5
"9933",2,18,20,19
"9934",1,2,3,2
"9935",1,11,12,11
"9936",1,2,3,2
"9937",1,6,7,6
"9938",1,10,11,10
"9939",1,1,2,1
"9940",1,4,5,4
"9941",3,19,22,21
"9942",2,1,3,2
"9943",1,11,12,11
"9944",2,11,13,12
"9945",3,16,19,17
"9946",2,6,8,7
"9947",1,6,7,6
"9948",8,4,12,8
"9949",1,1,2,1
"9950",1,9,10,9
"9951",1,22,23,22
"9952",1,5,6,5
"9953",4,1,5,4
"9954",1,3,4,3
"9955",2,14,16,14
"9956",2,13,15,14
"9957",1,15,16,15
"9958",1,30,31,30
"9959",1,2,3,2
"9960",2,1,3,2
"9961",2,17,19,17
"9962",4,34,38,35
"9963",1,2,3,2
"9964",1,3,4,3
"9965",1,5,6,5
"9966",2,12,14,12
"9967",1,5,6,5
"9968",1,8,9,8
"9969",4,2,6,5
"9970",1,4,5,4
"9971",1,5,6,5
"9972",2,4,6,4
"9973",1,21,22,21
"9974",3,38,41,38
"9975",2,5,7,5
"9976",20,4,24,23
"9977",1,5,6,5
"9978",1,4,5,4
"9979",6,4,10,9
"9980",4,8,12,8
"9981",1,7,8,7
"9982",5,2,7,6
"9983",3,3,6,3
"9984",2,2,4,3
"9985",2,8,10,9
"9986",3,23,26,24
"9987",2,5,7,5
"9988",2,3,5,3
"9989",6,11,17,16
"9990",2,15,17,15
"9991",1,3,4,3
"9992",1,15,16,15
"9993",1,2,3,2
"9994",4,6,10,9
"9995",2,6,8,6
"9996",1,32,33,32
"9997",1,30,31,30
"9998",1,3,4,3
"9999",4,9,13,10
"10000",1,3,4,3
"10001",21,2,23,21
"10002",5,18,23,20
"10003",2,1,3,2
"10004",2,34,36,35
"10005",1,11,12,11
"10006",5,7,12,11
"10007",1,1,2,1
"10008",1,6,7,6
"10009",1,7,8,7
"10010",2,1,3,2
"10011",2,3,5,4
"10012",3,23,26,25
"10013",1,4,5,4
"10014",3,11,14,12
"10015",2,7,9,7
"10016",1,3,4,3
"10017",2,4,6,4
"10018",1,9,10,9
"10019",2,22,24,23
"10020",2,1,3,2
"10021",1,42,43,42
"10022",1,4,5,4
"10023",1,6,7,6
"10024",2,18,20,18
"10025",1,2,3,2
"10026",1,8,9,8
"10027",6,20,26,22
"10028",3,15,18,15
"10029",3,8,11,10
"10030",6,21,27,22
"10031",2,7,9,7
"10032",1,2,3,2
"10033",1,1,2,1
"10034",1,10,11,10
"10035",1,2,3,2
"10036",1,1,2,1
"10037",2,4,6,4
"10038",4,22,26,22
"10039",2,4,6,4
"10040",1,9,10,9
"10041",11,18,29,26
"10042",1,4,5,4
"10043",2,3,5,4
"10044",2,5,7,5
"10045",1,14,15,14
"10046",2,6,8,7
"10047",1,1,2,1
"10048",1,3,4,3
"10049",2,14,16,15
"10050",1,32,33,32
"10051",5,19,24,23
"10052",3,30,33,32
"10053",3,14,17,16
"10054",1,7,8,7
"10055",1,3,4,3
"10056",1,4,5,4
"10057",1,4,5,4
"10058",1,10,11,10
"10059",3,18,21,19
"10060",1,43,44,43
"10061",1,9,10,9
"10062",3,9,12,10
"10063",2,4,6,5
"10064",1,7,8,7
"10065",3,6,9,8
"10066",4,15,19,17
"10067",5,14,19,14
"10068",6,10,16,14
"10069",2,12,14,12
"10070",2,7,9,7
"10071",1,2,3,2
"10072",1,2,3,2
"10073",4,31,35,32
"10074",2,2,4,2
"10075",3,20,23,20
"10076",2,10,12,10
"10077",1,6,7,6
"10078",1,4,5,4
"10079",2,7,9,8
"10080",1,3,4,3
"10081",1,1,2,1
"10082",9,19,28,23
"10083",1,2,3,2
"10084",1,4,5,4
"10085",1,6,7,6
"10086",1,3,4,3
"10087",1,11,12,11
"10088",1,22,23,22
"10089",2,10,12,11
"10090",1,5,6,5
"10091",1,1,2,1
"10092",2,1,3,2
"10093",2,7,9,7
"10094",2,5,7,5
"10095",1,1,2,1
"10096",1,3,4,3
"10097",1,4,5,4
"10098",1,1,2,1
"10099",2,4,6,5
"10100",2,5,7,5
"10101",1,1,2,1
"10102",3,6,9,6
"10103",2,3,5,3
"10104",3,8,11,10
"10105",1,15,16,15
"10106",2,12,14,12
"10107",2,6,8,6
"10108",3,1,4,3
"10109",2,10,12,10
"10110",1,6,7,6
"10111",3,6,9,7
"10112",1,3,4,3
"10113",1,1,2,1
"10114",1,3,4,3
"10115",2,12,14,12
"10116",1,5,6,5
"10117",1,3,4,3
"10118",2,9,11,9
"10119",3,15,18,15
"10120",5,5,10,6
"10121",1,9,10,9
"10122",1,16,17,16
"10123",2,7,9,7
"10124",2,2,4,3
"10125",1,4,5,4
"10126",2,4,6,5
"10127",5,2,7,5
"10128",2,4,6,5
"10129",1,2,3,2
"10130",1,1,2,1
"10131",2,1,3,2
"10132",1,5,6,5
"10133",1,11,12,11
"10134",3,18,21,20
"10135",1,2,3,2
"10136",1,26,27,26
"10137",2,10,12,10
"10138",2,10,12,11
"10139",1,2,3,2
"10140",2,2,4,2
"10141",2,18,20,19
"10142",3,5,8,6
"10143",1,10,11,10
"10144",4,14,18,16
"10145",1,2,3,2
"10146",1,13,14,13
"10147",2,21,23,21
"10148",3,21,24,22
"10149",1,11,12,11
"10150",2,6,8,6
"10151",2,7,9,7
"10152",1,3,4,3
"10153",2,18,20,18
"10154",1,8,9,8
"10155",1,30,31,30
"10156",1,17,18,17
"10157",1,6,7,6
"10158",1,6,7,6
"10159",2,6,8,6
"10160",1,1,2,1
"10161",2,15,17,16
"10162",2,13,15,13
"10163",1,5,6,5
"10164",1,1,2,1
"10165",1,2,3,2
"10166",1,1,2,1
"10167",2,4,6,5
"10168",1,9,10,9
"10169",2,10,12,10
"10170",1,9,10,9
"10171",2,21,23,22
"10172",1,6,7,6
"10173",1,6,7,6
"10174",4,8,12,11
"10175",1,5,6,5
"10176",5,11,16,15
"10177",1,4,5,4
"10178",3,23,26,24
"10179",1,4,5,4
"10180",5,14,19,17
"10181",1,1,2,1
"10182",1,19,20,19
"10183",2,10,12,10
"10184",2,3,5,4
"10185",2,5,7,5
"10186",1,1,2,1
"10187",2,13,15,13
"10188",1,10,11,10
"10189",1,5,6,5
"10190",1,6,7,6
"10191",2,16,18,17
"10192",1,8,9,8
"10193",1,5,6,5
"10194",1,33,34,33
"10195",1,4,5,4
"10196",5,25,30,27
"10197",1,7,8,7
"10198",1,14,15,14
"10199",3,5,8,5
"10200",1,3,4,3
"10201",18,16,34,33
"10202",2,10,12,10
"10203",1,40,41,40
"10204",1,4,5,4
"10205",1,48,49,48
"10206",5,14,19,16
"10207",1,2,3,2
"10208",1,5,6,5
"10209",1,9,10,9
"10210",3,7,10,7
"10211",1,1,2,1
"10212",2,11,13,11
"10213",3,8,11,8
"10214",1,2,3,2
"10215",1,1,2,1
"10216",2,5,7,6
"10217",2,4,6,5
"10218",2,21,23,21
"10219",1,17,18,17
"10220",1,13,14,13
"10221",2,16,18,16
"10222",1,11,12,11
"10223",4,8,12,8
"10224",1,5,6,5
"10225",1,4,5,4
"10226",1,7,8,7
"10227",3,15,18,16
"10228",2,29,31,29
"10229",1,2,3,2
"10230",2,34,36,35
"10231",2,35,37,36
"10232",1,7,8,7
"10233",2,19,21,19
"10234",1,6,7,6
"10235",1,3,4,3
"10236",2,5,7,5
"10237",2,1,3,2
"10238",1,16,17,16
"10239",2,13,15,13
"10240",1,3,4,3
"10241",3,6,9,6
"10242",1,12,13,12
"10243",3,8,11,10
"10244",1,34,35,34
"10245",3,10,13,10
"10246",1,3,4,3
"10247",4,25,29,25
"10248",3,9,12,11
"10249",1,15,16,15
"10250",1,7,8,7
"10251",2,1,3,2
"10252",4,19,23,21
"10253",1,4,5,4
"10254",1,17,18,17
"10255",3,22,25,24
"10256",2,9,11,9
"10257",3,3,6,5
"10258",16,16,32,16
"10259",1,13,14,13
"10260",2,4,6,5
"10261",1,6,7,6
"10262",1,20,21,20
"10263",1,1,2,1
"10264",1,4,5,4
"10265",2,8,10,8
"10266",3,6,9,8
"10267",3,11,14,12
"10268",1,6,7,6
"10269",2,23,25,24
"10270",1,3,4,3
"10271",1,4,5,4
"10272",1,9,10,9
"10273",4,7,11,9
"10274",5,5,10,7
"10275",2,7,9,7
"10276",6,6,12,6
"10277",1,7,8,7
"10278",1,17,18,17
"10279",1,26,27,26
"10280",2,24,26,24
"10281",3,6,9,8
"10282",3,14,17,16
"10283",1,6,7,6
"10284",3,4,7,4
"10285",5,1,6,5
"10286",8,6,14,13
"10287",1,5,6,5
"10288",1,1,2,1
"10289",1,10,11,10
"10290",3,4,7,6
"10291",3,5,8,6
"10292",1,17,18,17
"10293",3,12,15,12
"10294",2,13,15,13
"10295",1,8,9,8
"10296",3,9,12,10
"10297",1,1,2,1
"10298",1,3,4,3
"10299",4,2,6,5
"10300",1,9,10,9
"10301",1,24,25,24
"10302",1,14,15,14
"10303",1,3,4,3
"10304",2,14,16,15
"10305",5,5,10,5
"10306",2,11,13,11
"10307",1,7,8,7
"10308",1,3,4,3
"10309",1,17,18,17
"10310",2,6,8,7
"10311",1,1,2,1
"10312",4,9,13,12
"10313",11,11,22,11
"10314",1,6,7,6
"10315",4,30,34,32
"10316",1,6,7,6
"10317",1,2,3,2
"10318",5,1,6,5
"10319",1,38,39,38
"10320",4,29,33,31
"10321",1,4,5,4
"10322",1,7,8,7
"10323",3,8,11,8
"10324",1,10,11,10
"10325",4,12,16,14
"10326",1,6,7,6
"10327",1,9,10,9
"10328",2,15,17,15
"10329",1,4,5,4
"10330",2,1,3,2
"10331",2,4,6,5
"10332",2,4,6,4
"10333",1,4,5,4
"10334",1,10,11,10
"10335",1,3,4,3
"10336",1,9,10,9
"10337",1,1,2,1
"10338",1,8,9,8
"10339",1,5,6,5
"10340",1,2,3,2
"10341",1,6,7,6
"10342",1,1,2,1
"10343",7,5,12,10
"10344",2,2,4,3
"10345",1,13,14,13
"10346",1,7,8,7
"10347",2,13,15,13
"10348",1,1,2,1
"10349",1,4,5,4
"10350",3,21,24,21
"10351",3,4,7,6
"10352",11,11,22,11
"10353",2,30,32,31
"10354",1,9,10,9
"10355",6,26,32,31
"10356",2,1,3,2
"10357",2,4,6,4
"10358",1,18,19,18
"10359",1,2,3,2
"10360",1,1,2,1
"10361",3,2,5,4
"10362",2,34,36,34
"10363",4,7,11,7
"10364",3,11,14,13
"10365",5,16,21,19
"10366",1,7,8,7
"10367",35,39,74,72
"10368",1,21,22,21
"10369",35,16,51,49
"10370",4,9,13,10
"10371",1,2,3,2
"10372",1,11,12,11
"10373",1,1,2,1
"10374",7,10,17,13
"10375",2,13,15,13
"10376",5,7,12,8
"10377",2,7,9,8
"10378",4,12,16,15
"10379",2,2,4,3
"10380",2,66,68,67
"10381",1,18,19,18
"10382",13,23,36,33
"10383",1,8,9,8
"10384",1,21,22,21
"10385",1,18,19,18
"10386",1,12,13,12
"10387",4,26,30,28
"10388",1,3,4,3
"10389",4,36,40,38
"10390",1,16,17,16
"10391",1,6,7,6
"10392",1,41,42,41
"10393",1,4,5,4
"10394",4,13,17,15
"10395",1,12,13,12
"10396",1,8,9,8
"10397",2,4,6,5
"10398",4,20,24,20
"10399",1,30,31,30
"10400",1,8,9,8
"10401",2,9,11,9
"10402",1,3,4,3
"10403",5,14,19,18
"10404",3,10,13,11
"10405",1,2,3,2
"10406",5,3,8,6
"10407",3,8,11,10
"10408",3,20,23,22
"10409",1,6,7,6
"10410",3,66,69,67
"10411",2,4,6,5
"10412",2,4,6,5
"10413",2,8,10,9
"10414",2,5,7,5
"10415",9,45,54,53
"10416",1,1,2,1
"10417",2,12,14,12
"10418",1,13,14,13
"10419",3,9,12,9
"10420",2,12,14,12
"10421",1,23,24,23
"10422",4,9,13,9
"10423",1,6,7,6
"10424",1,10,11,10
"10425",6,13,19,17
"10426",3,8,11,10
"10427",1,6,7,6
"10428",1,1,2,1
"10429",13,3,16,15
"10430",1,4,5,4
"10431",2,30,32,31
"10432",1,2,3,2
"10433",1,8,9,8
"10434",1,7,8,7
"10435",4,41,45,42
"10436",3,9,12,10
"10437",1,13,14,13
"10438",3,2,5,4
"10439",1,7,8,7
"10440",5,30,35,30
"10441",2,13,15,13
"10442",10,19,29,20
"10443",1,2,3,2
"10444",1,7,8,7
"10445",1,4,5,4
"10446",2,3,5,3
"10447",3,6,9,7
"10448",2,6,8,7
"10449",2,9,11,10
"10450",2,13,15,14
"10451",1,8,9,8
"10452",1,2,3,2
"10453",3,17,20,18
"10454",1,29,30,29
"10455",1,1,2,1
"10456",2,2,4,2
"10457",2,20,22,20
"10458",3,5,8,6
"10459",1,3,4,3
"10460",1,2,3,2
"10461",1,13,14,13
"10462",1,23,24,23
"10463",2,14,16,14
"10464",1,4,5,4
"10465",1,2,3,2
"10466",6,11,17,15
"10467",1,6,7,6
"10468",1,4,5,4
"10469",1,8,9,8
"10470",1,3,4,3
"10471",1,26,27,26
"10472",2,5,7,6
"10473",2,5,7,6
"10474",3,4,7,5
"10475",4,6,10,9
"10476",1,9,10,9
"10477",2,5,7,6
"10478",2,13,15,14
"10479",2,7,9,7
"10480",2,60,62,61
"10481",1,5,6,5
"10482",3,18,21,18
"10483",2,22,24,23
"10484",1,3,4,3
"10485",3,1,4,3
"10486",1,1,2,1
"10487",3,11,14,11
"10488",1,7,8,7
"10489",1,11,12,11
"10490",5,10,15,11
"10491",1,10,11,10
"10492",1,6,7,6
"10493",3,11,14,13
"10494",3,4,7,6
"10495",1,1,2,1
"10496",1,10,11,10
"10497",2,14,16,14
"10498",2,8,10,9
"10499",7,19,26,24
"10500",2,9,11,10
"10501",2,7,9,7
"10502",1,9,10,9
"10503",1,5,6,5
"10504",1,21,22,21
"10505",13,3,16,15
"10506",5,11,16,13
"10507",2,10,12,10
"10508",4,6,10,7
"10509",1,17,18,17
"10510",2,9,11,10
"10511",4,29,33,31
"10512",5,6,11,10
"10513",1,5,6,5
"10514",7,1,8,7
"10515",1,38,39,38
"10516",1,12,13,12
"10517",1,13,14,13
"10518",1,20,21,20
"10519",3,13,16,15
"10520",1,2,3,2
"10521",1,2,3,2
"10522",3,6,9,7
"10523",1,2,3,2
"10524",1,4,5,4
"10525",2,4,6,5
"10526",2,5,7,6
"10527",1,1,2,1
"10528",1,1,2,1
"10529",1,9,10,9
"10530",1,8,9,8
"10531",2,5,7,6
"10532",1,4,5,4
"10533",1,5,6,5
"10534",1,2,3,2
"10535",1,9,10,9
"10536",1,3,4,3
"10537",1,4,5,4
"10538",3,7,10,9
"10539",4,9,13,10
"10540",2,2,4,2
"10541",1,14,15,14
"10542",2,6,8,6
"10543",1,13,14,13
"10544",1,11,12,11
"10545",1,2,3,2
"10546",2,3,5,4
"10547",1,8,9,8
"10548",1,2,3,2
"10549",1,3,4,3
"10550",4,5,9,7
"10551",1,2,3,2
"10552",3,7,10,9
"10553",2,2,4,2
"10554",1,1,2,1
"10555",2,4,6,5
"10556",1,26,27,26
"10557",1,13,14,13
"10558",1,2,3,2
"10559",3,3,6,4
"10560",10,1,11,10
"10561",4,48,52,51
"10562",1,5,6,5
"10563",2,4,6,5
"10564",3,11,14,11
"10565",2,14,16,14
"10566",3,5,8,7
"10567",1,4,5,4
"10568",1,8,9,8
"10569",2,22,24,22
"10570",1,11,12,11
"10571",2,2,4,3
"10572",1,4,5,4
"10573",9,9,18,9
"10574",1,2,3,2
"10575",2,12,14,13
"10576",8,2,10,9
"10577",3,7,10,8
"10578",3,9,12,11
"10579",1,4,5,4
"10580",1,8,9,8
"10581",2,7,9,7
"10582",4,7,11,7
"10583",1,11,12,11
"10584",6,1,7,6
"10585",3,18,21,19
"10586",2,20,22,20
"10587",2,10,12,10
"10588",2,1,3,2
"10589",5,3,8,6
"10590",2,38,40,38
"10591",1,4,5,4
"10592",1,11,12,11
"10593",6,41,47,43
"10594",1,9,10,9
"10595",4,6,10,9
"10596",1,2,3,2
"10597",2,10,12,11
"10598",1,14,15,14
"10599",1,2,3,2
"10600",1,2,3,2
"10601",1,5,6,5
"10602",6,13,19,18
"10603",2,18,20,18
"10604",1,6,7,6
"10605",1,4,5,4
"10606",1,29,30,29
"10607",3,7,10,8
"10608",1,1,2,1
"10609",4,14,18,15
"10610",1,19,20,19
"10611",1,6,7,6
"10612",1,8,9,8
"10613",1,8,9,8
"10614",2,10,12,11
"10615",2,34,36,34
"10616",2,7,9,7
"10617",4,19,23,21
"10618",1,6,7,6
"10619",1,2,3,2
"10620",1,2,3,2
"10621",4,24,28,25
"10622",1,1,2,1
"10623",2,16,18,17
"10624",1,1,2,1
"10625",1,2,3,2
"10626",2,13,15,13
"10627",2,15,17,16
"10628",11,23,34,23
"10629",2,6,8,6
"10630",1,8,9,8
"10631",1,2,3,2
"10632",2,7,9,7
"10633",1,5,6,5
"10634",3,5,8,6
"10635",2,3,5,4
"10636",3,19,22,19
"10637",3,15,18,15
"10638",1,3,4,3
"10639",1,7,8,7
"10640",2,5,7,6
"10641",4,2,6,5
"10642",1,4,5,4
"10643",2,4,6,4
"10644",1,31,32,31
"10645",3,22,25,24
"10646",3,29,32,30
"10647",1,9,10,9
"10648",1,8,9,8
"10649",3,23,26,25
"10650",1,11,12,11
"10651",2,3,5,4
"10652",1,13,14,13
"10653",2,13,15,13
"10654",2,17,19,17
"10655",1,6,7,6
"10656",1,3,4,3
"10657",1,15,16,15
"10658",1,19,20,19
"10659",1,4,5,4
"10660",2,4,6,4
"10661",2,7,9,7
"10662",1,2,3,2
"10663",1,5,6,5
"10664",6,29,35,32
"10665",3,7,10,9
"10666",3,16,19,17
"10667",2,5,7,6
"10668",1,3,4,3
"10669",15,7,22,16
"10670",4,11,15,14
"10671",2,22,24,22
"10672",2,10,12,10
"10673",1,6,7,6
"10674",2,23,25,24
"10675",3,15,18,15
"10676",4,18,22,20
"10677",3,14,17,15
"10678",1,1,2,1
"10679",3,42,45,44
"10680",2,13,15,13
"10681",1,6,7,6
"10682",5,4,9,7
"10683",2,6,8,7
"10684",3,1,4,3
"10685",2,11,13,12
"10686",1,4,5,4
"10687",1,16,17,16
"10688",1,8,9,8
"10689",1,5,6,5
"10690",1,11,12,11
"10691",1,4,5,4
"10692",4,6,10,7
"10693",11,56,67,61
"10694",2,18,20,19
"10695",3,15,18,17
"10696",2,2,4,2
"10697",1,7,8,7
"10698",1,3,4,3
"10699",4,20,24,21
"10700",1,3,4,3
"10701",4,10,14,10
"10702",1,4,5,4
"10703",1,9,10,9
"10704",1,9,10,9
"10705",3,16,19,17
"10706",1,4,5,4
"10707",1,17,18,17
"10708",4,9,13,12
"10709",1,11,12,11
"10710",1,24,25,24
"10711",8,6,14,13
"10712",2,19,21,19
"10713",1,3,4,3
"10714",1,1,2,1
"10715",1,7,8,7
"10716",1,14,15,14
"10717",1,4,5,4
"10718",1,5,6,5
"10719",2,13,15,13
"10720",1,1,2,1
"10721",2,7,9,7
"10722",2,4,6,5
"10723",1,10,11,10
"10724",1,4,5,4
"10725",2,9,11,9
"10726",4,14,18,16
"10727",3,7,10,9
"10728",2,13,15,14
"10729",5,6,11,8
"10730",1,13,14,13
"10731",1,3,4,3
"10732",1,4,5,4
"10733",4,9,13,10
"10734",1,4,5,4
"10735",1,11,12,11
"10736",1,3,4,3
"10737",3,20,23,21
"10738",6,2,8,7
"10739",1,6,7,6
"10740",1,2,3,2
"10741",4,13,17,16
"10742",5,81,86,82
"10743",1,2,3,2
"10744",1,1,2,1
"10745",2,6,8,6
"10746",1,1,2,1
"10747",1,31,32,31
"10748",2,4,6,5
"10749",1,2,3,2
"10750",2,22,24,23
"10751",3,2,5,4
"10752",1,7,8,7
"10753",10,20,30,25
"10754",1,21,22,21
"10755",2,19,21,20
"10756",1,7,8,7
"10757",1,7,8,7
"10758",9,9,18,9
"10759",2,7,9,7
"10760",1,17,18,17
"10761",2,21,23,21
"10762",1,3,4,3
"10763",3,14,17,16
"10764",1,12,13,12
"10765",3,4,7,6
"10766",1,9,10,9
"10767",3,3,6,5
"10768",1,5,6,5
"10769",1,2,3,2
"10770",1,4,5,4
"10771",2,10,12,10
"10772",1,7,8,7
"10773",1,1,2,1
"10774",1,2,3,2
"10775",1,5,6,5
"10776",1,6,7,6
"10777",1,1,2,1
"10778",1,11,12,11
"10779",1,5,6,5
"10780",4,42,46,44
"10781",1,4,5,4
"10782",2,4,6,5
"10783",1,4,5,4
"10784",4,8,12,9
"10785",3,19,22,19
"10786",2,1,3,2
"10787",1,8,9,8
"10788",2,11,13,12
"10789",1,7,8,7
"10790",1,12,13,12
"10791",1,8,9,8
"10792",2,176,178,176
"10793",1,8,9,8
"10794",2,4,6,4
"10795",1,26,27,26
"10796",2,27,29,27
"10797",2,10,12,10
"10798",2,5,7,5
"10799",1,6,7,6
"10800",1,15,16,15
"10801",4,8,12,10
"10802",2,8,10,8
"10803",1,3,4,3
"10804",2,7,9,7
"10805",3,2,5,4
"10806",1,2,3,2
"10807",2,5,7,5
"10808",2,3,5,4
"10809",2,25,27,25
"10810",1,3,4,3
"10811",1,1,2,1
"10812",2,4,6,5
"10813",3,1,4,3
"10814",1,9,10,9
"10815",1,17,18,17
"10816",5,11,16,14
"10817",1,4,5,4
"10818",1,9,10,9
"10819",2,8,10,8
"10820",1,13,14,13
"10821",1,6,7,6
"10822",1,6,7,6
"10823",2,16,18,16
"10824",1,6,7,6
"10825",3,16,19,18
"10826",1,19,20,19
"10827",1,8,9,8
"10828",1,4,5,4
"10829",2,2,4,3
"10830",1,5,6,5
"10831",1,5,6,5
"10832",1,8,9,8
"10833",2,7,9,8
"10834",1,2,3,2
"10835",1,18,19,18
"10836",2,24,26,24
"10837",4,16,20,19
"10838",1,1,2,1
"10839",2,18,20,18
"10840",2,13,15,13
"10841",2,4,6,5
"10842",1,15,16,15
"10843",1,22,23,22
"10844",3,7,10,8
"10845",4,2,6,5
"10846",1,2,3,2
"10847",1,6,7,6
"10848",2,13,15,13
"10849",1,4,5,4
"10850",2,18,20,18
"10851",1,30,31,30
"10852",3,5,8,5
"10853",2,13,15,14
"10854",1,3,4,3
"10855",1,4,5,4
"10856",2,7,9,7
"10857",2,20,22,21
"10858",6,24,30,24
"10859",1,12,13,12
"10860",3,10,13,10
"10861",1,4,5,4
"10862",1,6,7,6
"10863",1,1,2,1
"10864",5,42,47,44
"10865",1,10,11,10
"10866",2,3,5,4
"10867",3,5,8,7
"10868",2,1,3,2
"10869",2,3,5,4
"10870",1,3,4,3
"10871",1,25,26,25
"10872",3,8,11,9
"10873",1,5,6,5
"10874",2,7,9,7
"10875",2,10,12,11
"10876",1,4,5,4
"10877",2,3,5,4
"10878",2,11,13,11
"10879",1,2,3,2
"10880",1,6,7,6
"10881",1,2,3,2
"10882",2,5,7,5
"10883",1,7,8,7
"10884",2,8,10,9
"10885",1,3,4,3
"10886",1,1,2,1
"10887",5,13,18,15
"10888",2,28,30,29
"10889",2,6,8,6
"10890",3,20,23,21
"10891",2,15,17,15
"10892",1,3,4,3
"10893",2,2,4,3
"10894",3,15,18,15
"10895",2,10,12,10
"10896",1,5,6,5
"10897",2,9,11,9
"10898",1,6,7,6
"10899",4,10,14,12
"10900",5,5,10,5
"10901",2,5,7,5
"10902",1,4,5,4
"10903",1,2,3,2
"10904",2,8,10,8
"10905",1,7,8,7
"10906",2,8,10,8
"10907",2,21,23,21
"10908",1,3,4,3
"10909",3,6,9,6
"10910",1,11,12,11
"10911",4,51,55,53
"10912",2,1,3,2
"10913",3,3,6,3
"10914",1,3,4,3
"10915",6,1,7,6
"10916",1,5,6,5
"10917",3,1,4,3
"10918",3,7,10,8
"10919",4,5,9,7
"10920",1,11,12,11
"10921",1,7,8,7
"10922",1,1,2,1
"10923",2,35,37,35
"10924",1,3,4,3
"10925",1,4,5,4
"10926",3,20,23,20
"10927",1,1,2,1
"10928",2,16,18,16
"10929",1,2,3,2
"10930",1,3,4,3
"10931",1,1,2,1
"10932",1,6,7,6
"10933",1,15,16,15
"10934",2,19,21,20
"10935",1,17,18,17
"10936",1,11,12,11
"10937",7,14,21,15
"10938",1,1,2,1
"10939",3,25,28,25
"10940",2,10,12,10
"10941",3,9,12,9
"10942",1,30,31,30
"10943",2,3,5,4
"10944",1,12,13,12
"10945",2,4,6,4
"10946",1,8,9,8
"10947",1,14,15,14
"10948",1,3,4,3
"10949",3,40,43,40
"10950",1,1,2,1
"10951",4,4,8,7
"10952",1,5,6,5
"10953",1,35,36,35
"10954",2,1,3,2
"10955",3,4,7,5
"10956",2,14,16,15
"10957",2,6,8,6
"10958",5,176,181,176
"10959",1,12,13,12
"10960",1,9,10,9
"10961",3,1,4,3
"10962",2,3,5,3
"10963",1,5,6,5
"10964",2,15,17,15
"10965",1,7,8,7
"10966",3,34,37,34
"10967",1,8,9,8
"10968",2,6,8,6
"10969",1,8,9,8
"10970",2,3,5,3
"10971",1,5,6,5
"10972",1,2,3,2
"10973",1,3,4,3
"10974",2,4,6,5
"10975",4,27,31,28
"10976",1,15,16,15
"10977",3,6,9,8
"10978",2,2,4,3
"10979",1,2,3,2
"10980",2,2,4,3
"10981",1,1,2,1
"10982",3,8,11,10
"10983",4,9,13,12
"10984",1,7,8,7
"10985",2,22,24,22
"10986",1,5,6,5
"10987",1,2,3,2
"10988",1,2,3,2
"10989",10,52,62,61
"10990",1,18,19,18
"10991",1,11,12,11
"10992",1,11,12,11
"10993",1,7,8,7
"10994",2,9,11,10
"10995",3,20,23,21
"10996",1,10,11,10
"10997",1,2,3,2
"10998",2,5,7,6
"10999",2,1,3,2
"11000",1,19,20,19
"11001",1,26,27,26
"11002",1,15,16,15
"11003",1,8,9,8
"11004",3,20,23,20
"11005",1,9,10,9
"11006",1,3,4,3
"11007",1,20,21,20
"11008",2,1,3,2
"11009",1,2,3,2
"11010",1,9,10,9
"11011",2,7,9,7
"11012",1,5,6,5
"11013",1,4,5,4
"11014",2,4,6,4
"11015",1,3,4,3
"11016",1,2,3,2
"11017",1,13,14,13
"11018",9,3,12,11
"11019",2,38,40,38
"11020",1,5,6,5
"11021",1,4,5,4
"11022",1,14,15,14
"11023",3,7,10,9
"11024",1,27,28,27
"11025",3,5,8,6
"11026",2,21,23,21
"11027",1,13,14,13
"11028",1,4,5,4
"11029",1,12,13,12
"11030",5,14,19,16
"11031",2,19,21,19
"11032",3,23,26,24
"11033",1,4,5,4
"11034",4,17,21,17
"11035",1,3,4,3
"11036",3,6,9,7
"11037",1,6,7,6
"11038",1,5,6,5
"11039",2,4,6,4
"11040",1,3,4,3
"11041",2,6,8,7
"11042",2,10,12,10
"11043",2,3,5,3
"11044",5,4,9,8
"11045",2,37,39,38
"11046",1,1,2,1
"11047",2,11,13,12
"11048",2,9,11,9
"11049",2,36,38,36
"11050",1,32,33,32
"11051",2,18,20,19
"11052",1,8,9,8
"11053",1,4,5,4
"11054",2,14,16,15
"11055",1,9,10,9
"11056",2,30,32,30
"11057",1,10,11,10
"11058",1,2,3,2
"11059",2,14,16,14
"11060",4,21,25,21
"11061",2,6,8,7
"11062",1,14,15,14
"11063",3,6,9,8
"11064",2,1,3,2
"11065",2,3,5,4
"11066",15,12,27,26
"11067",1,5,6,5
"11068",1,3,4,3
"11069",4,3,7,6
"11070",3,2,5,3
"11071",2,11,13,11
"11072",2,9,11,10
"11073",1,11,12,11
"11074",1,9,10,9
"11075",1,1,2,1
"11076",1,2,3,2
"11077",1,6,7,6
"11078",1,1,2,1
"11079",1,5,6,5
"11080",6,23,29,25
"11081",2,6,8,6
"11082",2,11,13,11
"11083",1,24,25,24
"11084",1,2,3,2
"11085",7,28,35,34
"11086",2,3,5,3
"11087",5,7,12,9
"11088",1,4,5,4
"11089",5,7,12,9
"11090",1,1,2,1
"11091",3,21,24,23
"11092",5,12,17,15
"11093",4,28,32,28
"11094",4,30,34,33
"11095",2,6,8,7
"11096",1,5,6,5
"11097",3,21,24,21
"11098",1,13,14,13
"11099",1,23,24,23
"11100",2,15,17,15
"11101",1,16,17,16
"11102",7,6,13,12
"11103",4,10,14,11
"11104",1,20,21,20
"11105",1,7,8,7
"11106",1,5,6,5
"11107",1,2,3,2
"11108",6,45,51,48
"11109",1,7,8,7
"11110",4,5,9,7
"11111",3,1,4,3
"11112",1,5,6,5
"11113",1,7,8,7
"11114",1,3,4,3
"11115",5,15,20,18
"11116",1,8,9,8
"11117",2,4,6,5
"11118",1,4,5,4
"11119",2,16,18,16
"11120",1,4,5,4
"11121",1,9,10,9
"11122",1,4,5,4
"11123",5,11,16,14
"11124",2,15,17,15
"11125",1,4,5,4
"11126",1,8,9,8
"11127",6,56,62,57
"11128",4,16,20,17
"11129",1,2,3,2
"11130",3,5,8,5
"11131",1,1,2,1
"11132",1,38,39,38
"11133",2,6,8,6
"11134",5,16,21,17
"11135",1,1,2,1
"11136",3,32,35,33
"11137",2,15,17,15
"11138",2,12,14,12
"11139",1,4,5,4
"11140",1,1,2,1
"11141",4,57,61,59
"11142",1,9,10,9
"11143",2,9,11,10
"11144",2,14,16,15
"11145",2,6,8,7
"11146",2,5,7,6
"11147",4,13,17,16
"11148",4,7,11,7
"11149",2,21,23,22
"11150",2,4,6,4
"11151",2,7,9,8
"11152",5,42,47,42
"11153",1,18,19,18
"11154",2,8,10,8
"11155",1,4,5,4
"11156",1,6,7,6
"11157",2,3,5,3
"11158",1,22,23,22
"11159",4,19,23,21
"11160",4,20,24,20
"11161",1,10,11,10
"11162",1,3,4,3
"11163",1,15,16,15
"11164",3,15,18,17
"11165",1,16,17,16
"11166",2,10,12,10
"11167",1,1,2,1
"11168",1,9,10,9
"11169",5,10,15,12
"11170",6,6,12,8
"11171",1,5,6,5
"11172",1,12,13,12
"11173",1,7,8,7
"11174",1,8,9,8
"11175",1,1,2,1
"11176",1,1,2,1
"11177",7,81,88,87
"11178",4,7,11,10
"11179",4,12,16,14
"11180",1,2,3,2
"11181",4,29,33,30
"11182",4,20,24,21
"11183",1,6,7,6
"11184",2,4,6,5
"11185",7,18,25,22
"11186",1,9,10,9
"11187",3,14,17,14
"11188",1,8,9,8
"11189",2,19,21,20
"11190",2,4,6,4
"11191",2,7,9,8
"11192",1,20,21,20
"11193",2,57,59,57
"11194",1,5,6,5
"11195",2,22,24,22
"11196",1,1,2,1
"11197",1,19,20,19
"11198",1,7,8,7
"11199",2,1,3,2
"11200",3,10,13,10
"11201",1,30,31,30
"11202",3,5,8,7
"11203",1,5,6,5
"11204",2,5,7,5
"11205",2,1,3,2
"11206",2,3,5,3
"11207",1,16,17,16
"11208",1,2,3,2
"11209",1,15,16,15
"11210",1,25,26,25
"11211",2,10,12,10
"11212",1,5,6,5
"11213",1,20,21,20
"11214",1,9,10,9
"11215",1,1,2,1
"11216",3,176,179,176
"11217",1,2,3,2
"11218",1,14,15,14
"11219",1,1,2,1
"11220",4,13,17,15
"11221",1,5,6,5
"11222",2,4,6,4
"11223",1,5,6,5
"11224",2,30,32,30
"11225",7,15,22,21
"11226",1,4,5,4
"11227",1,1,2,1
"11228",2,4,6,5
"11229",1,2,3,2
"11230",11,12,23,20
"11231",5,15,20,17
"11232",2,13,15,14
"11233",1,6,7,6
"11234",1,15,16,15
"11235",3,9,12,11
"11236",2,17,19,17
"11237",6,19,25,24
"11238",2,4,6,4
"11239",4,10,14,10
"11240",1,4,5,4
"11241",5,5,10,9
"11242",3,4,7,6
"11243",2,7,9,8
"11244",1,45,46,45
"11245",13,6,19,18
"11246",4,3,7,6
"11247",3,8,11,10
"11248",2,5,7,6
"11249",6,13,19,18
"11250",1,1,2,1
"11251",6,3,9,8
"11252",11,11,22,11
"11253",1,1,2,1
"11254",1,1,2,1
"11255",2,21,23,21
"11256",1,2,3,2
"11257",8,34,42,36
"11258",1,6,7,6
"11259",2,12,14,13
"11260",1,13,14,13
"11261",1,3,4,3
"11262",1,2,3,2
"11263",2,2,4,2
"11264",2,8,10,8
"11265",1,4,5,4
"11266",3,12,15,13
"11267",1,3,4,3
"11268",2,11,13,11
"11269",1,5,6,5
"11270",2,7,9,7
"11271",2,24,26,25
"11272",1,3,4,3
"11273",1,3,4,3
"11274",1,5,6,5
"11275",1,12,13,12
"11276",1,1,2,1
"11277",2,8,10,9
"11278",4,21,25,23
"11279",2,21,23,21
"11280",1,9,10,9
"11281",1,1,2,1
"11282",2,17,19,17
"11283",1,9,10,9
"11284",1,11,12,11
"11285",8,16,24,23
"11286",2,1,3,2
"11287",1,3,4,3
"11288",4,4,8,5
"11289",2,7,9,8
"11290",2,42,44,42
"11291",5,4,9,6
"11292",2,4,6,5
"11293",1,12,13,12
"11294",2,9,11,10
"11295",1,4,5,4
"11296",1,30,31,30
"11297",1,7,8,7
"11298",3,7,10,8
"11299",3,3,6,5
"11300",7,11,18,17
"11301",2,25,27,26
"11302",1,4,5,4
"11303",3,34,37,34
"11304",2,6,8,6
"11305",1,10,11,10
"11306",3,16,19,18
"11307",1,12,13,12
"11308",1,7,8,7
"11309",1,8,9,8
"11310",2,10,12,10
"11311",1,34,35,34
"11312",2,4,6,4
"11313",2,6,8,6
"11314",1,27,28,27
"11315",2,12,14,12
"11316",5,30,35,32
"11317",5,20,25,23
"11318",1,17,18,17
"11319",2,20,22,21
"11320",3,22,25,24
"11321",4,20,24,21
"11322",4,2,6,4
"11323",1,2,3,2
"11324",1,1,2,1
"11325",2,36,38,36
"11326",1,8,9,8
"11327",2,2,4,2
"11328",3,25,28,26
"11329",1,4,5,4
"11330",1,1,2,1
"11331",1,1,2,1
"11332",2,3,5,3
"11333",8,18,26,22
"11334",1,3,4,3
"11335",2,5,7,5
"11336",2,9,11,10
"11337",1,20,21,20
"11338",1,1,2,1
"11339",1,4,5,4
"11340",1,3,4,3
"11341",2,24,26,24
"11342",1,9,10,9
"11343",1,9,10,9
"11344",1,16,17,16
"11345",2,7,9,8
"11346",4,39,43,42
"11347",2,10,12,10
"11348",2,7,9,8
"11349",6,28,34,31
"11350",1,5,6,5
"11351",6,5,11,10
"11352",1,2,3,2
"11353",1,13,14,13
"11354",1,4,5,4
"11355",2,4,6,5
"11356",2,1,3,2
"11357",1,10,11,10
"11358",10,38,48,46
"11359",5,32,37,34
"11360",7,1,8,7
"11361",1,6,7,6
"11362",1,1,2,1
"11363",1,2,3,2
"11364",1,9,10,9
"11365",5,6,11,9
"11366",2,8,10,9
"11367",2,16,18,16
"11368",1,19,20,19
"11369",2,6,8,6
"11370",1,1,2,1
"11371",2,21,23,21
"11372",4,21,25,22
"11373",1,15,16,15
"11374",4,26,30,26
"11375",2,5,7,6
"11376",1,15,16,15
"11377",12,2,14,13
"11378",2,8,10,8
"11379",1,29,30,29
"11380",9,17,26,25
"11381",5,21,26,24
"11382",2,9,11,9
"11383",3,34,37,36
"11384",1,1,2,1
"11385",4,81,85,83
"11386",13,23,36,33
"11387",2,2,4,3
"11388",4,1,5,4
"11389",1,4,5,4
"11390",5,1,6,5
"11391",2,9,11,9
"11392",5,13,18,15
"11393",2,13,15,13
"11394",1,2,3,2
"11395",1,1,2,1
"11396",1,15,16,15
"11397",9,2,11,10
"11398",1,5,6,5
"11399",14,8,22,18
"11400",1,3,4,3
"11401",7,19,26,19
"11402",3,6,9,8
"11403",1,1,2,1
"11404",1,18,19,18
"11405",2,4,6,5
"11406",1,30,31,30
"11407",1,3,4,3
"11408",1,1,2,1
"11409",2,6,8,6
"11410",3,7,10,7
"11411",7,17,24,18
"11412",1,5,6,5
"11413",1,10,11,10
"11414",1,8,9,8
"11415",2,9,11,9
"11416",2,11,13,12
"11417",3,8,11,9
"11418",2,9,11,9
"11419",2,1,3,2
"11420",2,1,3,2
"11421",3,4,7,5
"11422",1,1,2,1
"11423",1,21,22,21
"11424",1,8,9,8
"11425",2,3,5,3
"11426",6,23,29,25
"11427",2,18,20,18
"11428",5,41,46,43
"11429",2,7,9,7
"11430",1,11,12,11
"11431",1,6,7,6
"11432",1,15,16,15
"11433",1,7,8,7
"11434",4,18,22,19
"11435",3,11,14,12
"11436",2,17,19,17
"11437",1,4,5,4
"11438",1,4,5,4
"11439",1,3,4,3
"11440",3,4,7,5
"11441",1,27,28,27
"11442",3,9,12,10
"11443",3,7,10,9
"11444",2,16,18,17
"11445",1,6,7,6
"11446",2,18,20,18
"11447",1,1,2,1
"11448",1,15,16,15
"11449",1,9,10,9
"11450",2,5,7,6
"11451",1,22,23,22
"11452",1,2,3,2
"11453",2,13,15,13
"11454",2,32,34,33
"11455",2,17,19,17
"11456",6,1,7,6
"11457",1,6,7,6
"11458",3,10,13,11
"11459",3,14,17,16
"11460",4,30,34,32
"11461",3,13,16,15
"11462",2,5,7,6
"11463",1,4,5,4
"11464",1,5,6,5
"11465",3,4,7,5
"11466",1,3,4,3
"11467",2,1,3,2
"11468",2,3,5,3
"11469",1,20,21,20
"11470",2,9,11,10
"11471",1,3,4,3
"11472",1,26,27,26
"11473",1,3,4,3
"11474",1,24,25,24
"11475",1,4,5,4
"11476",1,14,15,14
"11477",2,5,7,6
"11478",1,21,22,21
"11479",1,4,5,4
"11480",2,21,23,21
"11481",1,5,6,5
"11482",1,29,30,29
"11483",1,6,7,6
"11484",2,2,4,3
"11485",2,6,8,7
"11486",1,3,4,3
"11487",2,4,6,5
"11488",1,2,3,2
"11489",2,12,14,13
"11490",1,3,4,3
"11491",2,3,5,3
"11492",1,5,6,5
"11493",1,7,8,7
"11494",1,6,7,6
"11495",1,8,9,8
"11496",4,57,61,57
"11497",3,10,13,10
"11498",8,3,11,10
"11499",3,9,12,11
"11500",3,15,18,15
"11501",4,24,28,26
"11502",1,17,18,17
"11503",3,2,5,3
"11504",1,10,11,10
"11505",1,4,5,4
"11506",1,3,4,3
"11507",2,17,19,18
"11508",1,3,4,3
"11509",1,3,4,3
"11510",1,5,6,5
"11511",3,1,4,3
"11512",2,2,4,3
"11513",1,3,4,3
"11514",1,26,27,26
"11515",1,5,6,5
"11516",1,7,8,7
"11517",1,14,15,14
"11518",10,35,45,43
"11519",5,35,40,37
"11520",2,14,16,14
"11521",2,16,18,16
"11522",2,13,15,14
"11523",4,41,45,42
"11524",1,13,14,13
"11525",1,4,5,4
"11526",1,1,2,1
"11527",3,7,10,7
"11528",1,2,3,2
"11529",3,13,16,14
"11530",1,11,12,11
"11531",1,2,3,2
"11532",2,5,7,5
"11533",3,28,31,28
"11534",3,3,6,3
"11535",1,5,6,5
"11536",4,13,17,14
"11537",3,3,6,4
"11538",2,6,8,6
"11539",4,11,15,11
"11540",6,1,7,6
"11541",3,3,6,3
"11542",1,7,8,7
"11543",2,12,14,12
"11544",2,11,13,11
"11545",4,8,12,9
"11546",1,7,8,7
"11547",1,2,3,2
"11548",2,29,31,29
"11549",1,2,3,2
"11550",2,13,15,14
"11551",2,18,20,18
"11552",9,1,10,9
"11553",3,7,10,7
"11554",4,11,15,11
"11555",2,10,12,11
"11556",2,8,10,9
"11557",3,12,15,12
"11558",1,4,5,4
"11559",1,19,20,19
"11560",1,9,10,9
"11561",18,17,35,33
"11562",4,1,5,4
"11563",2,5,7,5
"11564",6,14,20,19
"11565",1,6,7,6
"11566",1,13,14,13
"11567",4,5,9,7
"11568",3,8,11,9
"11569",1,5,6,5
"11570",1,5,6,5
"11571",1,13,14,13
"11572",3,42,45,43
"11573",1,37,38,37
"11574",1,9,10,9
"11575",3,9,12,11
"11576",2,2,4,3
"11577",1,4,5,4
"11578",1,4,5,4
"11579",2,8,10,9
"11580",1,6,7,6
"11581",2,2,4,3
"11582",3,14,17,15
"11583",1,169,170,169
"11584",2,4,6,4
"11585",2,23,25,23
"11586",1,11,12,11
"11587",3,38,41,38
"11588",1,3,4,3
"11589",1,8,9,8
"11590",4,1,5,4
"11591",1,12,13,12
"11592",2,4,6,4
"11593",1,12,13,12
"11594",3,3,6,4
"11595",10,19,29,27
"11596",2,8,10,8
"11597",1,7,8,7
"11598",1,2,3,2
"11599",2,19,21,19
"11600",1,1,2,1
"11601",1,3,4,3
"11602",3,6,9,7
"11603",2,1,3,2
"11604",1,38,39,38
"11605",3,4,7,4
"11606",1,8,9,8
"11607",1,4,5,4
"11608",2,6,8,7
"11609",1,38,39,38
"11610",1,8,9,8
"11611",1,8,9,8
"11612",1,5,6,5
"11613",2,11,13,11
"11614",3,16,19,18
"11615",2,8,10,8
"11616",5,18,23,19
"11617",2,8,10,8
"11618",2,16,18,16
"11619",3,1,4,3
"11620",2,12,14,12
"11621",2,40,42,40
"11622",1,10,11,10
"11623",1,7,8,7
"11624",3,5,8,5
"11625",4,12,16,15
"11626",2,34,36,34
"11627",3,6,9,6
"11628",1,7,8,7
"11629",1,4,5,4
"11630",1,3,4,3
"11631",1,5,6,5
"11632",1,9,10,9
"11633",1,2,3,2
"11634",1,2,3,2
"11635",5,32,37,35
"11636",1,18,19,18
"11637",1,10,11,10
"11638",1,1,2,1
"11639",2,30,32,31
"11640",3,51,54,51
"11641",1,4,5,4
"11642",3,2,5,4
"11643",2,1,3,2
"11644",2,11,13,11
"11645",1,1,2,1
"11646",1,15,16,15
"11647",2,9,11,10
"11648",1,5,6,5
"11649",1,6,7,6
"11650",1,24,25,24
"11651",2,10,12,11
"11652",1,5,6,5
"11653",2,19,21,20
"11654",3,18,21,19
"11655",1,31,32,31
"11656",1,1,2,1
"11657",10,6,16,15
"11658",1,3,4,3
"11659",2,13,15,14
"11660",2,1,3,2
"11661",3,28,31,30
"11662",4,13,17,13
"11663",1,4,5,4
"11664",1,2,3,2
"11665",3,9,12,9
"11666",2,34,36,35
"11667",1,3,4,3
"11668",5,18,23,20
"11669",1,5,6,5
"11670",1,4,5,4
"11671",6,10,16,15
"11672",2,24,26,24
"11673",2,12,14,12
"11674",2,2,4,2
"11675",1,5,6,5
"11676",6,1,7,6
"11677",2,5,7,6
"11678",1,1,2,1
"11679",1,21,22,21
"11680",1,3,4,3
"11681",1,5,6,5
"11682",2,7,9,7
"11683",1,2,3,2
"11684",3,3,6,5
"11685",1,2,3,2
"11686",1,1,2,1
"11687",1,1,2,1
"11688",2,13,15,13
"11689",4,20,24,20
"11690",1,30,31,30
"11691",2,9,11,9
"11692",1,1,2,1
"11693",4,3,7,5
"11694",3,45,48,46
"11695",2,31,33,31
"11696",1,2,3,2
"11697",2,8,10,9
"11698",1,42,43,42
"11699",1,3,4,3
"11700",2,9,11,10
"11701",1,2,3,2
"11702",1,1,2,1
"11703",1,6,7,6
"11704",2,9,11,9
"11705",1,20,21,20
"11706",5,1,6,5
"11707",1,24,25,24
"11708",1,7,8,7
"11709",2,8,10,9
"11710",1,11,12,11
"11711",1,1,2,1
"11712",1,15,16,15
"11713",5,18,23,21
"11714",1,5,6,5
"11715",12,7,19,18
"11716",2,9,11,10
"11717",1,3,4,3
"11718",2,3,5,4
"11719",1,1,2,1
"11720",2,12,14,13
"11721",2,14,16,14
"11722",3,12,15,14
"11723",3,8,11,8
"11724",2,12,14,13
"11725",2,6,8,7
"11726",1,13,14,13
"11727",1,3,4,3
"11728",1,1,2,1
"11729",1,14,15,14
"11730",1,2,3,2
"11731",2,10,12,10
"11732",1,2,3,2
"11733",1,4,5,4
"11734",1,20,21,20
"11735",3,39,42,41
"11736",2,1,3,2
"11737",1,2,3,2
"11738",1,3,4,3
"11739",1,3,4,3
"11740",1,1,2,1
"11741",3,5,8,5
"11742",1,8,9,8
"11743",1,7,8,7
"11744",1,26,27,26
"11745",1,5,6,5
"11746",1,3,4,3
"11747",2,9,11,10
"11748",1,1,2,1
"11749",1,5,6,5
"11750",1,1,2,1
"11751",3,3,6,5
"11752",1,3,4,3
"11753",7,16,23,20
"11754",2,7,9,7
"11755",1,2,3,2
"11756",2,1,3,2
"11757",4,31,35,32
"11758",1,32,33,32
"11759",1,3,4,3
"11760",1,1,2,1
"11761",3,3,6,5
"11762",1,7,8,7
"11763",1,8,9,8
"11764",1,2,3,2
"11765",2,9,11,10
"11766",4,1,5,4
"11767",1,2,3,2
"11768",7,17,24,21
"11769",4,3,7,5
"11770",6,42,48,46
"11771",3,7,10,8
"11772",2,9,11,9
"11773",6,37,43,39
"11774",1,1,2,1
"11775",5,20,25,23
"11776",5,29,34,31
"11777",1,10,11,10
"11778",1,2,3,2
"11779",4,5,9,6
"11780",3,8,11,9
"11781",2,3,5,3
"11782",2,4,6,5
"11783",2,11,13,11
"11784",2,6,8,6
"11785",1,20,21,20
"11786",1,4,5,4
"11787",1,2,3,2
"11788",2,15,17,15
"11789",1,10,11,10
"11790",1,3,4,3
"11791",2,6,8,7
"11792",1,21,22,21
"11793",2,16,18,16
"11794",1,51,52,51
"11795",3,2,5,3
"11796",2,22,24,23
"11797",1,14,15,14
"11798",2,10,12,11
"11799",2,13,15,13
"11800",1,9,10,9
"11801",2,12,14,13
"11802",2,13,15,13
"11803",7,33,40,39
"11804",1,3,4,3
"11805",1,10,11,10
"11806",2,5,7,5
"11807",2,2,4,3
"11808",1,7,8,7
"11809",7,22,29,27
"11810",1,3,4,3
"11811",1,4,5,4
"11812",2,10,12,10
"11813",1,17,18,17
"11814",1,15,16,15
"11815",1,14,15,14
"11816",1,2,3,2
"11817",3,12,15,13
"11818",1,3,4,3
"11819",1,9,10,9
"11820",1,2,3,2
"11821",3,1,4,3
"11822",1,1,2,1
"11823",2,4,6,4
"11824",8,6,14,12
"11825",7,9,16,15
"11826",1,2,3,2
"11827",1,2,3,2
"11828",2,30,32,30
"11829",1,15,16,15
"11830",2,1,3,2
"11831",1,14,15,14
"11832",3,7,10,9
"11833",7,19,26,24
"11834",6,3,9,8
"11835",6,35,41,35
"11836",1,11,12,11
"11837",1,13,14,13
"11838",1,20,21,20
"11839",1,9,10,9
"11840",1,4,5,4
"11841",1,4,5,4
"11842",1,5,6,5
"11843",1,16,17,16
"11844",2,15,17,15
"11845",2,16,18,16
"11846",1,9,10,9
"11847",1,9,10,9
"11848",10,32,42,41
"11849",4,4,8,7
"11850",1,3,4,3
"11851",1,7,8,7
"11852",3,4,7,6
"11853",1,4,5,4
"11854",2,4,6,5
"11855",4,12,16,12
"11856",4,37,41,39
"11857",35,39,74,72
"11858",1,4,5,4
"11859",1,7,8,7
"11860",2,18,20,18
"11861",5,8,13,11
"11862",1,9,10,9
"11863",2,21,23,22
"11864",1,11,12,11
"11865",1,18,19,18
"11866",1,16,17,16
"11867",8,18,26,22
"11868",2,4,6,5
"11869",1,3,4,3
"11870",1,3,4,3
"11871",1,22,23,22
"11872",1,7,8,7
"11873",1,15,16,15
"11874",1,23,24,23
"11875",1,2,3,2
"11876",1,3,4,3
"11877",1,4,5,4
"11878",1,5,6,5
"11879",1,9,10,9
"11880",1,5,6,5
"11881",2,6,8,6
"11882",1,4,5,4
"11883",3,15,18,16
"11884",1,2,3,2
"11885",5,24,29,26
"11886",1,4,5,4
"11887",7,9,16,11
"11888",1,4,5,4
"11889",2,14,16,14
"11890",2,5,7,6
"11891",3,6,9,8
"11892",1,6,7,6
"11893",2,3,5,4
"11894",2,6,8,7
"11895",1,1,2,1
"11896",6,8,14,12
"11897",1,7,8,7
"11898",2,14,16,15
"11899",3,42,45,42
"11900",1,9,10,9
"11901",1,3,4,3
"11902",1,5,6,5
"11903",5,4,9,5
"11904",1,7,8,7
"11905",1,5,6,5
"11906",1,3,4,3
"11907",1,9,10,9
"11908",2,3,5,4
"11909",1,27,28,27
"11910",2,18,20,19
"11911",1,7,8,7
"11912",3,4,7,6
"11913",3,15,18,15
"11914",1,7,8,7
"11915",1,3,4,3
"11916",1,1,2,1
"11917",2,9,11,9
"11918",1,4,5,4
"11919",1,9,10,9
"11920",5,10,15,14
"11921",1,8,9,8
"11922",7,27,34,27
"11923",1,4,5,4
"11924",3,14,17,16
"11925",1,5,6,5
"11926",2,4,6,5
"11927",1,5,6,5
"11928",5,30,35,34
"11929",1,1,2,1
"11930",1,13,14,13
"11931",2,5,7,5
"11932",2,7,9,7
"11933",1,3,4,3
"11934",2,6,8,7
"11935",2,5,7,5
"11936",1,16,17,16
"11937",6,6,12,11
"11938",10,1,11,10
"11939",1,3,4,3
"11940",1,4,5,4
"11941",1,3,4,3
"11942",1,10,11,10
"11943",3,8,11,8
"11944",1,1,2,1
"11945",1,7,8,7
"11946",1,3,4,3
"11947",1,1,2,1
"11948",1,1,2,1
"11949",1,7,8,7
"11950",2,14,16,14
"11951",2,4,6,4
"11952",3,13,16,15
"11953",2,5,7,6
"11954",6,25,31,27
"11955",1,44,45,44
"11956",2,5,7,5
"11957",2,20,22,21
"11958",1,3,4,3
"11959",1,6,7,6
"11960",4,3,7,6
"11961",2,12,14,12
"11962",1,2,3,2
"11963",5,30,35,33
"11964",1,13,14,13
"11965",3,14,17,15
"11966",2,15,17,15
"11967",1,1,2,1
"11968",1,7,8,7
"11969",7,4,11,10
"11970",1,2,3,2
"11971",1,1,2,1
"11972",12,2,14,12
"11973",3,13,16,15
"11974",1,13,14,13
"11975",1,2,3,2
"11976",2,37,39,37
"11977",1,2,3,2
"11978",3,1,4,3
"11979",1,5,6,5
"11980",10,14,24,23
"11981",3,33,36,35
"11982",1,8,9,8
"11983",2,15,17,15
"11984",2,31,33,31
"11985",3,4,7,6
"11986",5,2,7,6
"11987",3,23,26,24
"11988",3,14,17,14
"11989",1,11,12,11
"11990",2,6,8,6
"11991",1,9,10,9
"11992",2,4,6,5
"11993",1,9,10,9
"11994",1,1,2,1
"11995",3,4,7,6
"11996",4,5,9,7
"11997",2,4,6,5
"11998",2,5,7,6
"11999",2,19,21,19
"12000",1,24,25,24
"12001",4,34,38,35
"12002",1,1,2,1
"12003",6,45,51,48
"12004",5,14,19,17
"12005",4,12,16,15
"12006",4,14,18,16
"12007",1,5,6,5
"12008",2,35,37,35
"12009",3,6,9,7
"12010",1,4,5,4
"12011",4,11,15,12
"12012",1,2,3,2
"12013",2,8,10,8
"12014",1,4,5,4
"12015",1,8,9,8
"12016",3,22,25,22
"12017",1,43,44,43
"12018",1,5,6,5
"12019",1,5,6,5
"12020",1,2,3,2
"12021",1,32,33,32
"12022",1,13,14,13
"12023",1,1,2,1
"12024",1,13,14,13
"12025",1,2,3,2
"12026",1,8,9,8
"12027",3,20,23,21
"12028",1,16,17,16
"12029",1,3,4,3
"12030",7,1,8,7
"12031",1,3,4,3
"12032",1,1,2,1
"12033",1,9,10,9
"12034",1,8,9,8
"12035",2,8,10,8
"12036",4,29,33,29
"12037",1,20,21,20
"12038",1,24,25,24
"12039",2,16,18,17
"12040",1,6,7,6
"12041",4,15,19,17
"12042",6,6,12,11
"12043",2,8,10,8
"12044",8,12,20,18
"12045",1,8,9,8
"12046",1,6,7,6
"12047",1,2,3,2
"12048",1,5,6,5
"12049",2,7,9,8
"12050",1,3,4,3
"12051",1,19,20,19
"12052",1,6,7,6
"12053",1,3,4,3
"12054",2,10,12,11
"12055",2,8,10,8
"12056",3,15,18,16
"12057",2,13,15,13
"12058",3,34,37,35
"12059",2,12,14,13
"12060",2,2,4,3
"12061",1,5,6,5
"12062",1,2,3,2
"12063",1,30,31,30
"12064",2,24,26,24
"12065",1,4,5,4
"12066",1,23,24,23
"12067",3,7,10,8
"12068",1,5,6,5
"12069",4,17,21,20
"12070",1,5,6,5
"12071",2,21,23,22
"12072",2,10,12,11
"12073",1,7,8,7
"12074",1,1,2,1
"12075",1,6,7,6
"12076",1,12,13,12
"12077",3,9,12,11
"12078",4,4,8,7
"12079",1,14,15,14
"12080",2,6,8,6
"12081",1,3,4,3
"12082",2,14,16,14
"12083",8,169,177,171
"12084",19,17,36,29
"12085",1,2,3,2
"12086",1,7,8,7
"12087",2,6,8,7
"12088",4,3,7,6
"12089",1,1,2,1
"12090",1,12,13,12
"12091",3,37,40,38
"12092",2,4,6,4
"12093",1,3,4,3
"12094",3,13,16,14
"12095",2,5,7,5
"12096",2,5,7,6
"12097",4,7,11,10
"12098",3,17,20,18
"12099",4,7,11,8
"12100",1,3,4,3
"12101",1,5,6,5
"12102",2,4,6,4
"12103",3,1,4,3
"12104",1,13,14,13
"12105",3,20,23,20
"12106",2,15,17,15
"12107",1,5,6,5
"12108",5,14,19,18
"12109",1,3,4,3
"12110",3,8,11,10
"12111",1,12,13,12
"12112",7,14,21,19
"12113",2,18,20,18
"12114",6,1,7,6
"12115",1,31,32,31
"12116",2,4,6,5
"12117",1,30,31,30
"12118",3,25,28,26
"12119",2,4,6,4
"12120",1,2,3,2
"12121",1,3,4,3
"12122",2,4,6,4
"12123",3,5,8,7
"12124",2,35,37,36
"12125",1,20,21,20
"12126",1,1,2,1
"12127",1,6,7,6
"12128",5,21,26,24
"12129",1,15,16,15
"12130",2,14,16,14
"12131",1,2,3,2
"12132",1,14,15,14
"12133",1,1,2,1
"12134",2,10,12,10
"12135",2,2,4,2
"12136",1,5,6,5
"12137",3,6,9,8
"12138",2,8,10,9
"12139",1,1,2,1
"12140",2,11,13,11
"12141",1,3,4,3
"12142",2,17,19,17
"12143",2,6,8,6
"12144",1,3,4,3
"12145",1,5,6,5
"12146",1,1,2,1
"12147",2,15,17,15
"12148",1,2,3,2
"12149",1,3,4,3
"12150",1,5,6,5
"12151",1,13,14,13
"12152",6,4,10,6
"12153",1,4,5,4
"12154",1,2,3,2
"12155",1,10,11,10
"12156",1,7,8,7
"12157",2,6,8,6
"12158",2,42,44,42
"12159",2,6,8,6
"12160",5,10,15,14
"12161",2,13,15,14
"12162",3,15,18,15
"12163",1,1,2,1
"12164",2,7,9,8
"12165",1,2,3,2
"12166",1,4,5,4
"12167",1,7,8,7
"12168",3,19,22,19
"12169",1,1,2,1
"12170",1,6,7,6
"12171",2,4,6,4
"12172",2,8,10,8
"12173",7,5,12,10
"12174",1,1,2,1
"12175",4,21,25,22
"12176",1,5,6,5
"12177",2,3,5,4
"12178",2,6,8,6
"12179",15,2,17,15
"12180",1,10,11,10
"12181",2,12,14,12
"12182",1,1,2,1
"12183",5,10,15,12
"12184",2,7,9,7
"12185",6,6,12,11
"12186",7,11,18,15
"12187",1,4,5,4
"12188",1,1,2,1
"12189",2,15,17,15
"12190",1,3,4,3
"12191",1,1,2,1
"12192",1,3,4,3
"12193",1,2,3,2
"12194",4,10,14,13
"12195",2,23,25,24
"12196",1,18,19,18
"12197",1,2,3,2
"12198",1,3,4,3
"12199",1,1,2,1
"12200",2,26,28,26
"12201",15,3,18,15
"12202",3,6,9,8
"12203",1,11,12,11
"12204",1,3,4,3
"12205",1,15,16,15
"12206",4,27,31,27
"12207",1,48,49,48
"12208",1,9,10,9
"12209",1,15,16,15
"12210",2,15,17,15
"12211",3,14,17,14
"12212",4,20,24,21
"12213",1,12,13,12
"12214",1,7,8,7
"12215",3,1,4,3
"12216",3,19,22,21
"12217",5,7,12,9
"12218",5,18,23,19
"12219",3,2,5,3
"12220",2,4,6,5
"12221",1,5,6,5
"12222",1,13,14,13
"12223",6,4,10,9
"12224",1,7,8,7
"12225",1,9,10,9
"12226",1,4,5,4
"12227",1,2,3,2
"12228",5,27,32,28
"12229",1,6,7,6
"12230",1,3,4,3
"12231",3,45,48,47
"12232",3,24,27,25
"12233",1,7,8,7
"12234",2,18,20,19
"12235",1,4,5,4
"12236",5,6,11,9
"12237",2,7,9,8
"12238",2,9,11,10
"12239",3,5,8,5
"12240",2,11,13,12
"12241",4,14,18,17
"12242",2,22,24,22
"12243",3,6,9,6
"12244",2,2,4,3
"12245",1,9,10,9
"12246",1,2,3,2
"12247",1,4,5,4
"12248",1,1,2,1
"12249",1,3,4,3
"12250",1,29,30,29
"12251",1,18,19,18
"12252",5,5,10,7
"12253",1,31,32,31
"12254",1,1,2,1
"12255",1,10,11,10
"12256",1,44,45,44
"12257",2,7,9,8
"12258",1,9,10,9
"12259",4,5,9,8
"12260",2,8,10,9
"12261",2,9,11,9
"12262",3,12,15,12
"12263",4,19,23,22
"12264",4,34,38,37
"12265",2,6,8,7
"12266",2,8,10,8
"12267",3,23,26,23
"12268",3,5,8,6
"12269",1,10,11,10
"12270",1,5,6,5
"12271",1,7,8,7
"12272",4,4,8,7
"12273",1,6,7,6
"12274",1,5,6,5
"12275",4,5,9,7
"12276",1,4,5,4
"12277",2,12,14,12
"12278",2,9,11,9
"12279",1,11,12,11
"12280",5,45,50,48
"12281",3,8,11,10
"12282",1,3,4,3
"12283",2,17,19,18
"12284",1,4,5,4
"12285",1,3,4,3
"12286",1,3,4,3
"12287",7,66,73,71
"12288",5,44,49,48
"12289",1,4,5,4
"12290",7,5,12,10
"12291",1,13,14,13
"12292",1,7,8,7
"12293",3,4,7,6
"12294",2,2,4,2
"12295",6,18,24,20
"12296",1,1,2,1
"12297",2,3,5,3
"12298",1,10,11,10
"12299",7,11,18,17
"12300",7,12,19,13
"12301",1,5,6,5
"12302",1,2,3,2
"12303",1,2,3,2
"12304",5,36,41,39
"12305",3,8,11,9
"12306",1,5,6,5
"12307",1,1,2,1
"12308",1,2,3,2
"12309",1,22,23,22
"12310",2,13,15,14
"12311",3,2,5,3
"12312",1,8,9,8
"12313",1,176,177,176
"12314",1,2,3,2
"12315",2,17,19,17
"12316",1,19,20,19
"12317",8,4,12,8
"12318",1,4,5,4
"12319",4,39,43,40
"12320",1,4,5,4
"12321",1,21,22,21
"12322",1,23,24,23
"12323",1,18,19,18
"12324",1,5,6,5
"12325",2,8,10,8
"12326",1,17,18,17
"12327",1,12,13,12
"12328",1,3,4,3
"12329",1,4,5,4
"12330",7,15,22,16
"12331",4,29,33,31
"12332",4,8,12,10
"12333",1,2,3,2
"12334",3,22,25,23
"12335",1,4,5,4
"12336",2,8,10,9
"12337",2,12,14,13
"12338",1,3,4,3
"12339",5,176,181,178
"12340",1,5,6,5
"12341",1,1,2,1
"12342",10,5,15,13
"12343",17,3,20,19
"12344",3,12,15,13
"12345",3,3,6,4
"12346",2,4,6,4
"12347",6,7,13,11
"12348",1,5,6,5
"12349",1,4,5,4
"12350",3,1,4,3
"12351",1,18,19,18
"12352",1,4,5,4
"12353",1,8,9,8
"12354",1,7,8,7
"12355",2,2,4,2
"12356",1,6,7,6
"12357",1,6,7,6
"12358",1,1,2,1
"12359",5,13,18,17
"12360",1,1,2,1
"12361",1,1,2,1
"12362",3,11,14,12
"12363",1,1,2,1
"12364",2,3,5,4
"12365",1,16,17,16
"12366",1,2,3,2
"12367",3,3,6,5
"12368",1,5,6,5
"12369",2,6,8,7
"12370",2,16,18,16
"12371",2,12,14,13
"12372",2,6,8,6
"12373",5,3,8,5
"12374",7,8,15,14
"12375",1,5,6,5
"12376",1,5,6,5
"12377",1,1,2,1
"12378",15,3,18,15
"12379",1,2,3,2
"12380",5,1,6,5
"12381",1,18,19,18
"12382",2,20,22,20
"12383",2,2,4,3
"12384",3,7,10,9
"12385",1,7,8,7
"12386",2,3,5,4
"12387",2,11,13,12
"12388",1,9,10,9
"12389",7,2,9,7
"12390",1,11,12,11
"12391",3,25,28,26
"12392",9,5,14,13
"12393",1,66,67,66
"12394",3,8,11,8
"12395",1,8,9,8
"12396",1,17,18,17
"12397",9,9,18,9
"12398",2,10,12,10
"12399",5,1,6,5
"12400",5,1,6,5
"12401",2,25,27,25
"12402",1,1,2,1
"12403",1,29,30,29
"12404",4,36,40,37
"12405",1,25,26,25
"12406",1,14,15,14
"12407",1,16,17,16
"12408",1,17,18,17
"12409",2,5,7,5
"12410",2,3,5,4
"12411",1,9,10,9
"12412",3,18,21,19
"12413",1,5,6,5
"12414",1,7,8,7
"12415",1,2,3,2
"12416",2,15,17,15
"12417",1,1,2,1
"12418",1,3,4,3
"12419",1,2,3,2
"12420",3,3,6,3
"12421",1,4,5,4
"12422",2,5,7,6
"12423",1,4,5,4
"12424",1,24,25,24
"12425",1,3,4,3
"12426",1,4,5,4
"12427",5,4,9,8
"12428",3,4,7,6
"12429",4,15,19,18
"12430",2,20,22,21
"12431",1,2,3,2
"12432",2,8,10,8
"12433",2,4,6,5
"12434",1,16,17,16
"12435",1,5,6,5
"12436",1,7,8,7
"12437",2,11,13,12
"12438",1,4,5,4
"12439",2,19,21,19
"12440",2,10,12,10
"12441",1,5,6,5
"12442",1,13,14,13
"12443",1,3,4,3
"12444",3,14,17,15
"12445",1,1,2,1
"12446",1,8,9,8
"12447",1,1,2,1
"12448",2,3,5,3
"12449",1,1,2,1
"12450",1,5,6,5
"12451",1,3,4,3
"12452",2,5,7,6
"12453",1,2,3,2
"12454",1,8,9,8
"12455",1,4,5,4
"12456",2,5,7,6
"12457",3,3,6,5
"12458",9,35,44,38
"12459",4,2,6,5
"12460",31,3,34,31
"12461",1,10,11,10
"12462",2,34,36,35
"12463",3,7,10,8
"12464",5,1,6,5
"12465",1,2,3,2
"12466",3,6,9,8
"12467",2,8,10,9
"12468",2,3,5,3
"12469",1,2,3,2
"12470",4,81,85,84
"12471",1,2,3,2
"12472",1,3,4,3
"12473",5,9,14,13
"12474",6,21,27,21
"12475",1,1,2,1
"12476",1,3,4,3
"12477",5,16,21,20
"12478",3,24,27,25
"12479",1,23,24,23
"12480",1,32,33,32
"12481",1,4,5,4
"12482",1,1,2,1
"12483",3,8,11,10
"12484",1,5,6,5
"12485",1,8,9,8
"12486",1,5,6,5
"12487",3,9,12,11
"12488",1,7,8,7
"12489",1,8,9,8
"12490",2,8,10,8
"12491",4,7,11,10
"12492",1,2,3,2
"12493",2,2,4,2
"12494",5,30,35,33
"12495",1,1,2,1
"12496",2,30,32,31
"12497",1,1,2,1
"12498",1,17,18,17
"12499",1,4,5,4
"12500",1,12,13,12
"12501",1,1,2,1
"12502",1,45,46,45
"12503",1,35,36,35
"12504",3,13,16,13
"12505",7,10,17,16
"12506",2,16,18,16
"12507",2,34,36,35
"12508",2,7,9,7
"12509",2,8,10,8
"12510",1,4,5,4
"12511",4,8,12,9
"12512",3,9,12,9
"12513",2,8,10,9
"12514",5,4,9,7
"12515",1,25,26,25
"12516",7,21,28,25
"12517",1,15,16,15
"12518",5,7,12,10
"12519",3,4,7,6
"12520",3,8,11,10
"12521",2,2,4,3
"12522",3,23,26,24
"12523",1,1,2,1
"12524",7,8,15,8
"12525",2,9,11,10
"12526",3,11,14,11
"12527",1,21,22,21
"12528",1,9,10,9
"12529",1,7,8,7
"12530",1,1,2,1
"12531",1,23,24,23
"12532",3,5,8,6
"12533",3,7,10,8
"12534",1,4,5,4
"12535",4,20,24,20
"12536",1,2,3,2
"12537",2,12,14,12
"12538",1,21,22,21
"12539",4,6,10,9
"12540",2,6,8,6
"12541",2,7,9,8
"12542",1,3,4,3
"12543",1,2,3,2
"12544",3,7,10,7
"12545",6,57,63,57
"12546",3,1,4,3
"12547",1,30,31,30
"12548",2,2,4,3
"12549",3,51,54,53
"12550",3,13,16,14
"12551",2,14,16,14
"12552",1,15,16,15
"12553",2,28,30,28
"12554",1,10,11,10
"12555",1,9,10,9
"12556",1,1,2,1
"12557",1,9,10,9
"12558",1,5,6,5
"12559",5,13,18,17
"12560",2,6,8,7
"12561",2,15,17,15
"12562",1,1,2,1
"12563",1,1,2,1
"12564",1,3,4,3
"12565",1,5,6,5
"12566",1,2,3,2
"12567",2,17,19,17
"12568",1,3,4,3
"12569",2,35,37,35
"12570",1,2,3,2
"12571",1,1,2,1
"12572",3,11,14,13
"12573",4,5,9,7
"12574",2,17,19,17
"12575",5,14,19,14
"12576",3,1,4,3
"12577",5,3,8,6
"12578",1,10,11,10
"12579",4,6,10,7
"12580",2,10,12,10
"12581",1,1,2,1
"12582",4,7,11,7
"12583",3,4,7,6
"12584",3,12,15,12
"12585",1,3,4,3
"12586",4,7,11,7
"12587",1,3,4,3
"12588",2,7,9,7
"12589",2,23,25,24
"12590",7,9,16,14
"12591",1,7,8,7
"12592",14,4,18,17
"12593",2,5,7,5
"12594",2,20,22,21
"12595",4,18,22,19
"12596",2,4,6,4
"12597",11,27,38,34
"12598",4,27,31,29
"12599",4,29,33,31
"12600",2,7,9,8
"12601",1,5,6,5
"12602",1,2,3,2
"12603",4,27,31,29
"12604",2,10,12,11
"12605",3,6,9,7
"12606",1,6,7,6
"12607",1,4,5,4
"12608",1,1,2,1
"12609",1,3,4,3
"12610",4,13,17,13
"12611",2,7,9,7
"12612",2,4,6,5
"12613",2,6,8,6
"12614",1,38,39,38
"12615",1,15,16,15
"12616",1,1,2,1
"12617",1,9,10,9
"12618",1,7,8,7
"12619",1,2,3,2
"12620",1,1,2,1
"12621",1,1,2,1
"12622",2,2,4,2
"12623",3,6,9,7
"12624",5,66,71,70
"12625",1,1,2,1
"12626",6,1,7,6
"12627",1,15,16,15
"12628",1,2,3,2
"12629",1,6,7,6
"12630",2,15,17,15
"12631",1,9,10,9
"12632",1,6,7,6
"12633",1,6,7,6
"12634",2,5,7,5
"12635",2,6,8,7
"12636",1,1,2,1
"12637",1,3,4,3
"12638",5,7,12,11
"12639",1,2,3,2
"12640",1,5,6,5
"12641",1,9,10,9
"12642",1,1,2,1
"12643",1,10,11,10
"12644",1,9,10,9
"12645",2,6,8,6
"12646",2,1,3,2
"12647",1,21,22,21
"12648",2,29,31,30
"12649",1,18,19,18
"12650",1,1,2,1
"12651",3,9,12,9
"12652",1,7,8,7
"12653",2,15,17,15
"12654",1,9,10,9
"12655",2,5,7,5
"12656",2,9,11,9
"12657",3,8,11,8
"12658",1,3,4,3
"12659",1,10,11,10
"12660",2,33,35,34
"12661",1,1,2,1
"12662",1,1,2,1
"12663",1,4,5,4
"12664",1,1,2,1
"12665",2,5,7,5
"12666",3,7,10,8
"12667",7,12,19,15
"12668",1,28,29,28
"12669",1,5,6,5
"12670",2,4,6,5
"12671",4,16,20,17
"12672",7,11,18,14
"12673",3,6,9,8
"12674",3,11,14,12
"12675",3,10,13,11
"12676",1,2,3,2
"12677",2,6,8,6
"12678",3,15,18,17
"12679",2,6,8,6
"12680",9,8,17,14
"12681",1,6,7,6
"12682",3,3,6,3
"12683",1,1,2,1
"12684",7,30,37,35
"12685",3,5,8,7
"12686",1,7,8,7
"12687",4,8,12,10
"12688",3,13,16,15
"12689",1,12,13,12
"12690",2,21,23,22
"12691",2,3,5,4
"12692",8,28,36,32
"12693",1,4,5,4
"12694",1,13,14,13
"12695",3,10,13,10
"12696",1,3,4,3
"12697",2,5,7,5
"12698",1,1,2,1
"12699",13,10,23,22
"12700",3,5,8,6
"12701",3,14,17,16
"12702",1,16,17,16
"12703",1,34,35,34
"12704",2,2,4,3
"12705",2,2,4,2
"12706",1,18,19,18
"12707",4,13,17,15
"12708",1,2,3,2
"12709",1,6,7,6
"12710",1,5,6,5
"12711",1,2,3,2
"12712",1,10,11,10
"12713",2,12,14,13
"12714",2,11,13,11
"12715",1,3,4,3
"12716",2,3,5,4
"12717",1,3,4,3
"12718",2,4,6,5
"12719",3,4,7,6
"12720",1,17,18,17
"12721",1,2,3,2
"12722",2,4,6,4
"12723",1,5,6,5
"12724",4,15,19,17
"12725",3,12,15,12
"12726",2,9,11,10
"12727",4,37,41,40
"12728",1,2,3,2
"12729",1,5,6,5
"12730",3,11,14,13
"12731",11,9,20,16
"12732",3,16,19,17
"12733",1,25,26,25
"12734",1,2,3,2
"12735",1,28,29,28
"12736",5,7,12,8
"12737",1,1,2,1
"12738",1,9,10,9
"12739",1,4,5,4
"12740",1,12,13,12
"12741",3,4,7,5
"12742",3,7,10,7
"12743",1,13,14,13
"12744",1,42,43,42
"12745",1,7,8,7
"12746",1,36,37,36
"12747",1,2,3,2
"12748",2,10,12,10
"12749",1,3,4,3
"12750",1,1,2,1
"12751",1,2,3,2
"12752",1,6,7,6
"12753",1,16,17,16
"12754",2,24,26,24
"12755",1,9,10,9
"12756",4,11,15,14
"12757",2,10,12,11
"12758",2,8,10,9
"12759",2,17,19,17
"12760",1,6,7,6
"12761",1,5,6,5
"12762",1,1,2,1
"12763",1,2,3,2
"12764",1,7,8,7
"12765",1,35,36,35
"12766",2,4,6,4
"12767",2,3,5,4
"12768",3,3,6,4
"12769",3,9,12,10
"12770",7,2,9,7
"12771",1,7,8,7
"12772",1,9,10,9
"12773",1,32,33,32
"12774",2,2,4,2
"12775",1,7,8,7
"12776",5,11,16,14
"12777",1,7,8,7
"12778",1,18,19,18
"12779",1,3,4,3
"12780",1,3,4,3
"12781",1,7,8,7
"12782",1,23,24,23
"12783",3,18,21,19
"12784",2,15,17,15
"12785",1,5,6,5
"12786",1,1,2,1
"12787",1,2,3,2
"12788",1,10,11,10
"12789",2,6,8,6
"12790",1,3,4,3
"12791",1,6,7,6
"12792",1,4,5,4
"12793",1,5,6,5
"12794",1,3,4,3
"12795",2,2,4,3
"12796",2,9,11,10
"12797",1,9,10,9
"12798",1,3,4,3
"12799",4,5,9,7
"12800",1,3,4,3
"12801",2,12,14,13
"12802",3,3,6,4
"12803",5,22,27,26
"12804",2,6,8,7
"12805",4,10,14,10
"12806",2,3,5,4
"12807",2,4,6,5
"12808",1,3,4,3
"12809",1,4,5,4
"12810",1,8,9,8
"12811",2,3,5,3
"12812",3,15,18,15
"12813",2,8,10,8
"12814",1,20,21,20
"12815",2,12,14,12
"12816",1,1,2,1
"12817",3,10,13,12
"12818",1,15,16,15
"12819",1,13,14,13
"12820",3,10,13,11
"12821",2,11,13,11
"12822",6,1,7,6
"12823",1,7,8,7
"12824",5,12,17,15
"12825",2,3,5,3
"12826",4,11,15,11
"12827",2,17,19,18
"12828",1,2,3,2
"12829",2,26,28,27
"12830",3,1,4,3
"12831",2,3,5,3
"12832",1,29,30,29
"12833",1,3,4,3
"12834",2,11,13,11
"12835",1,1,2,1
"12836",3,20,23,20
"12837",1,6,7,6
"12838",2,38,40,39
"12839",1,9,10,9
"12840",2,5,7,5
"12841",2,14,16,15
"12842",1,3,4,3
"12843",1,1,2,1
"12844",1,14,15,14
"12845",2,30,32,30
"12846",5,1,6,5
"12847",4,8,12,11
"12848",1,6,7,6
"12849",3,11,14,13
"12850",1,2,3,2
"12851",1,1,2,1
"12852",1,2,3,2
"12853",1,21,22,21
"12854",2,4,6,4
"12855",1,17,18,17
"12856",3,20,23,21
"12857",1,1,2,1
"12858",2,43,45,43
"12859",1,2,3,2
"12860",2,11,13,11
"12861",3,9,12,10
"12862",3,9,12,9
"12863",10,3,13,12
"12864",5,22,27,25
"12865",1,7,8,7
"12866",2,10,12,10
"12867",2,12,14,13
"12868",1,8,9,8
"12869",2,5,7,6
"12870",29,2,31,30
"12871",1,17,18,17
"12872",1,1,2,1
"12873",2,16,18,17
"12874",1,5,6,5
"12875",1,3,4,3
"12876",1,26,27,26
"12877",2,12,14,12
"12878",11,20,31,30
"12879",4,9,13,10
"12880",2,14,16,15
"12881",4,23,27,26
"12882",6,5,11,9
"12883",2,8,10,8
"12884",1,45,46,45
"12885",3,3,6,3
"12886",2,13,15,13
"12887",1,6,7,6
"12888",2,27,29,28
"12889",1,4,5,4
"12890",2,11,13,11
"12891",2,5,7,5
"12892",3,24,27,25
"12893",3,1,4,3
"12894",1,8,9,8
"12895",9,5,14,13
"12896",1,3,4,3
"12897",2,10,12,10
"12898",4,18,22,19
"12899",3,12,15,12
"12900",6,42,48,47
"12901",1,3,4,3
"12902",4,6,10,9
"12903",5,6,11,8
"12904",1,4,5,4
"12905",1,21,22,21
"12906",2,12,14,12
"12907",2,4,6,4
"12908",2,7,9,8
"12909",3,14,17,16
"12910",1,3,4,3
"12911",1,24,25,24
"12912",3,14,17,14
"12913",1,1,2,1
"12914",1,3,4,3
"12915",1,2,3,2
"12916",10,15,25,24
"12917",1,2,3,2
"12918",2,7,9,7
"12919",2,1,3,2
"12920",2,16,18,17
"12921",3,7,10,8
"12922",1,5,6,5
"12923",1,4,5,4
"12924",1,8,9,8
"12925",4,14,18,17
"12926",3,3,6,3
"12927",3,5,8,6
"12928",3,1,4,3
"12929",2,6,8,7
"12930",1,5,6,5
"12931",2,9,11,10
"12932",3,12,15,13
"12933",1,1,2,1
"12934",2,11,13,12
"12935",1,12,13,12
"12936",1,4,5,4
"12937",1,16,17,16
"12938",2,13,15,14
"12939",5,6,11,10
"12940",1,16,17,16
"12941",2,7,9,8
"12942",2,2,4,2
"12943",1,4,5,4
"12944",1,1,2,1
"12945",8,42,50,48
"12946",8,9,17,16
"12947",4,6,10,9
"12948",2,81,83,81
"12949",5,25,30,28
"12950",1,6,7,6
"12951",3,12,15,13
"12952",1,15,16,15
"12953",2,6,8,7
"12954",1,1,2,1
"12955",2,10,12,10
"12956",3,1,4,3
"12957",5,36,41,38
"12958",4,24,28,25
"12959",1,2,3,2
"12960",12,8,20,19
"12961",2,7,9,8
"12962",1,3,4,3
"12963",1,1,2,1
"12964",1,3,4,3
"12965",4,24,28,26
"12966",3,13,16,15
"12967",4,4,8,4
"12968",7,17,24,23
"12969",1,36,37,36
"12970",2,4,6,5
"12971",1,1,2,1
"12972",5,10,15,13
"12973",2,7,9,7
"12974",1,2,3,2
"12975",2,2,4,2
"12976",1,4,5,4
"12977",4,16,20,18
"12978",1,1,2,1
"12979",1,4,5,4
"12980",1,15,16,15
"12981",1,5,6,5
"12982",2,4,6,4
"12983",1,10,11,10
"12984",3,22,25,22
"12985",2,17,19,18
"12986",1,45,46,45
"12987",1,37,38,37
"12988",1,4,5,4
"12989",1,5,6,5
"12990",7,3,10,7
"12991",1,7,8,7
"12992",1,4,5,4
"12993",4,31,35,34
"12994",1,3,4,3
"12995",2,30,32,30
"12996",1,2,3,2
"12997",2,2,4,2
"12998",1,7,8,7
"12999",1,3,4,3
"13000",4,22,26,25
"13001",4,5,9,5
"13002",3,1,4,3
"13003",2,7,9,7
"13004",3,7,10,9
"13005",3,20,23,21
"13006",6,42,48,47
"13007",2,3,5,4
"13008",1,4,5,4
"13009",1,2,3,2
"13010",1,5,6,5
"13011",1,12,13,12
"13012",2,2,4,2
"13013",4,1,5,4
"13014",1,4,5,4
"13015",1,12,13,12
"13016",3,17,20,17
"13017",1,6,7,6
"13018",2,3,5,4
"13019",4,6,10,9
"13020",1,1,2,1
"13021",2,13,15,13
"13022",1,23,24,23
"13023",1,6,7,6
"13024",1,56,57,56
"13025",1,8,9,8
"13026",4,9,13,12
"13027",1,14,15,14
"13028",2,12,14,12
"13029",1,1,2,1
"13030",5,176,181,176
"13031",2,3,5,3
"13032",1,7,8,7
"13033",2,5,7,5
"13034",5,16,21,17
"13035",4,18,22,18
"13036",3,3,6,3
"13037",2,14,16,15
"13038",1,3,4,3
"13039",1,3,4,3
"13040",11,9,20,16
"13041",2,5,7,5
"13042",3,31,34,33
"13043",1,2,3,2
"13044",3,31,34,32
"13045",1,5,6,5
"13046",1,5,6,5
"13047",1,1,2,1
"13048",15,14,29,28
"13049",3,17,20,18
"13050",5,4,9,5
"13051",1,4,5,4
"13052",2,34,36,34
"13053",1,8,9,8
"13054",2,7,9,7
"13055",2,2,4,2
"13056",1,6,7,6
"13057",1,6,7,6
"13058",2,23,25,23
"13059",7,1,8,7
"13060",2,18,20,18
"13061",1,7,8,7
"13062",6,28,34,32
"13063",1,3,4,3
"13064",1,5,6,5
"13065",1,1,2,1
"13066",2,28,30,29
"13067",1,5,6,5
"13068",1,5,6,5
"13069",7,14,21,20
"13070",6,5,11,10
"13071",2,5,7,6
"13072",3,7,10,8
"13073",1,7,8,7
"13074",1,11,12,11
"13075",1,4,5,4
"13076",3,16,19,16
"13077",1,1,2,1
"13078",1,2,3,2
"13079",8,15,23,22
"13080",1,4,5,4
"13081",1,6,7,6
"13082",1,3,4,3
"13083",5,27,32,29
"13084",1,8,9,8
"13085",4,24,28,24
"13086",1,5,6,5
"13087",4,27,31,28
"13088",2,3,5,3
"13089",2,3,5,4
"13090",1,13,14,13
"13091",2,2,4,3
"13092",1,14,15,14
"13093",1,6,7,6
"13094",1,7,8,7
"13095",1,13,14,13
"13096",1,12,13,12
"13097",1,3,4,3
"13098",1,8,9,8
"13099",1,9,10,9
"13100",3,45,48,46
"13101",2,8,10,9
"13102",2,12,14,12
"13103",4,8,12,9
"13104",1,2,3,2
"13105",4,10,14,12
"13106",3,26,29,27
"13107",2,3,5,4
"13108",1,2,3,2
"13109",6,8,14,13
"13110",1,5,6,5
"13111",1,13,14,13
"13112",3,3,6,4
"13113",5,15,20,17
"13114",1,2,3,2
"13115",6,9,15,14
"13116",2,11,13,12
"13117",3,15,18,15
"13118",1,6,7,6
"13119",3,7,10,8
"13120",1,4,5,4
"13121",15,20,35,34
"13122",10,19,29,20
"13123",1,1,2,1
"13124",1,15,16,15
"13125",1,6,7,6
"13126",2,14,16,14
"13127",1,2,3,2
"13128",2,17,19,17
"13129",4,3,7,4
"13130",1,2,3,2
"13131",1,20,21,20
"13132",3,8,11,8
"13133",1,1,2,1
"13134",1,10,11,10
"13135",4,23,27,25
"13136",3,8,11,8
"13137",1,3,4,3
"13138",1,6,7,6
"13139",1,26,27,26
"13140",12,18,30,25
"13141",2,21,23,21
"13142",10,19,29,27
"13143",2,3,5,4
"13144",2,9,11,10
"13145",1,32,33,32
"13146",1,30,31,30
"13147",1,7,8,7
"13148",1,2,3,2
"13149",1,10,11,10
"13150",2,37,39,37
"13151",2,4,6,4
"13152",1,1,2,1
"13153",1,5,6,5
"13154",1,12,13,12
"13155",2,26,28,27
"13156",1,17,18,17
"13157",2,5,7,6
"13158",2,1,3,2
"13159",2,6,8,6
"13160",2,12,14,13
"13161",2,11,13,11
"13162",1,5,6,5
"13163",2,3,5,4
"13164",6,14,20,18
"13165",2,4,6,5
"13166",1,10,11,10
"13167",2,13,15,13
"13168",10,16,26,25
"13169",2,16,18,16
"13170",1,6,7,6
"13171",5,21,26,23
"13172",1,9,10,9
"13173",1,12,13,12
"13174",1,1,2,1
"13175",2,9,11,10
"13176",13,8,21,17
"13177",4,14,18,17
"13178",1,2,3,2
"13179",2,32,34,32
"13180",2,13,15,13
"13181",2,9,11,9
"13182",2,8,10,9
"13183",3,8,11,10
"13184",1,1,2,1
"13185",3,5,8,5
"13186",3,10,13,12
"13187",4,8,12,10
"13188",1,11,12,11
"13189",36,14,50,49
"13190",2,3,5,4
"13191",3,6,9,6
"13192",5,6,11,10
"13193",2,4,6,5
"13194",4,14,18,16
"13195",5,9,14,13
"13196",4,5,9,8
"13197",14,6,20,19
"13198",2,10,12,10
"13199",1,2,3,2
"13200",2,21,23,21
"13201",5,11,16,13
"13202",1,2,3,2
"13203",3,35,38,36
"13204",3,12,15,13
"13205",5,29,34,31
"13206",1,15,16,15
"13207",1,4,5,4
"13208",4,1,5,4
"13209",1,2,3,2
"13210",1,2,3,2
"13211",1,35,36,35
"13212",1,20,21,20
"13213",3,14,17,15
"13214",2,9,11,9
"13215",1,22,23,22
"13216",6,21,27,23
"13217",2,3,5,3
"13218",1,9,10,9
"13219",1,2,3,2
"13220",1,3,4,3
"13221",1,7,8,7
"13222",3,3,6,4
"13223",1,12,13,12
"13224",1,6,7,6
"13225",4,32,36,32
"13226",1,1,2,1
"13227",1,8,9,8
"13228",2,21,23,22
"13229",1,5,6,5
"13230",1,10,11,10
"13231",1,3,4,3
"13232",1,5,6,5
"13233",1,7,8,7
"13234",1,10,11,10
"13235",10,3,13,10
"13236",6,20,26,22
"13237",1,1,2,1
"13238",1,15,16,15
"13239",1,2,3,2
"13240",2,10,12,11
"13241",1,8,9,8
"13242",1,6,7,6
"13243",1,7,8,7
"13244",4,12,16,14
"13245",2,66,68,66
"13246",1,39,40,39
"13247",1,2,3,2
"13248",1,1,2,1
"13249",1,14,15,14
"13250",5,11,16,15
"13251",2,5,7,5
"13252",2,5,7,6
"13253",2,16,18,16
"13254",4,6,10,9
"13255",1,4,5,4
"13256",3,1,4,3
"13257",1,2,3,2
"13258",1,7,8,7
"13259",3,8,11,9
"13260",2,12,14,13
"13261",2,5,7,6
"13262",3,13,16,14
"13263",1,11,12,11
"13264",1,20,21,20
"13265",35,35,70,35
"13266",7,7,14,7
"13267",20,2,22,21
"13268",35,6,41,40
"13269",3,3,6,5
"13270",5,56,61,60
"13271",1,10,11,10
"13272",2,3,5,4
"13273",2,6,8,6
"13274",4,3,7,6
"13275",4,3,7,6
"13276",1,3,4,3
"13277",1,7,8,7
"13278",1,10,11,10
"13279",1,5,6,5
"13280",1,7,8,7
"13281",1,4,5,4
"13282",1,2,3,2
"13283",3,8,11,10
"13284",1,30,31,30
"13285",3,10,13,11
"13286",1,30,31,30
"13287",1,2,3,2
"13288",5,15,20,17
"13289",1,2,3,2
"13290",2,2,4,2
"13291",1,5,6,5
"13292",3,7,10,7
"13293",4,7,11,8
"13294",1,4,5,4
"13295",1,3,4,3
"13296",1,7,8,7
"13297",4,42,46,42
"13298",1,10,11,10
"13299",2,12,14,13
"13300",2,66,68,66
"13301",1,3,4,3
"13302",1,8,9,8
"13303",3,1,4,3
"13304",2,3,5,4
"13305",1,1,2,1
"13306",2,7,9,8
"13307",2,2,4,3
"13308",1,7,8,7
"13309",2,30,32,30
"13310",1,8,9,8
"13311",3,4,7,4
"13312",14,41,55,47
"13313",2,13,15,14
"13314",1,6,7,6
"13315",6,40,46,42
"13316",2,1,3,2
"13317",2,14,16,14
"13318",1,8,9,8
"13319",2,5,7,5
"13320",7,11,18,16
"13321",3,57,60,58
"13322",2,2,4,3
"13323",1,1,2,1
"13324",1,5,6,5
"13325",1,29,30,29
"13326",1,5,6,5
"13327",2,2,4,3
"13328",5,18,23,19
"13329",1,4,5,4
"13330",1,3,4,3
"13331",5,3,8,7
"13332",3,3,6,5
"13333",5,15,20,19
"13334",1,2,3,2
"13335",1,1,2,1
"13336",5,6,11,6
"13337",1,3,4,3
"13338",2,14,16,14
"13339",1,4,5,4
"13340",1,7,8,7
"13341",1,14,15,14
"13342",1,2,3,2
"13343",2,18,20,18
"13344",2,9,11,9
"13345",2,3,5,4
"13346",1,7,8,7
"13347",4,3,7,6
"13348",1,19,20,19
"13349",4,10,14,12
"13350",2,4,6,5
"13351",1,1,2,1
"13352",4,19,23,22
"13353",1,8,9,8
"13354",1,2,3,2
"13355",2,19,21,19
"13356",3,6,9,7
"13357",1,6,7,6
"13358",1,1,2,1
"13359",1,2,3,2
"13360",2,13,15,14
"13361",1,6,7,6
"13362",3,14,17,16
"13363",4,6,10,8
"13364",1,4,5,4
"13365",1,4,5,4
"13366",1,5,6,5
"13367",23,3,26,25
"13368",1,4,5,4
"13369",3,2,5,4
"13370",3,3,6,5
"13371",2,11,13,11
"13372",1,2,3,2
"13373",2,7,9,7
"13374",1,9,10,9
"13375",4,17,21,18
"13376",2,8,10,8
"13377",1,2,3,2
"13378",6,3,9,8
"13379",6,3,9,8
"13380",1,7,8,7
"13381",3,20,23,21
"13382",1,1,2,1
"13383",1,13,14,13
"13384",2,4,6,4
"13385",1,7,8,7
"13386",2,2,4,2
"13387",1,1,2,1
"13388",7,29,36,34
"13389",1,7,8,7
"13390",3,4,7,5
"13391",3,3,6,4
"13392",1,9,10,9
"13393",1,9,10,9
"13394",1,2,3,2
"13395",7,6,13,12
"13396",1,5,6,5
"13397",2,17,19,18
"13398",1,1,2,1
"13399",1,13,14,13
"13400",1,4,5,4
"13401",1,6,7,6
"13402",1,27,28,27
"13403",1,1,2,1
"13404",1,13,14,13
"13405",3,15,18,17
"13406",2,4,6,5
"13407",2,3,5,3
"13408",1,5,6,5
"13409",4,15,19,18
"13410",4,4,8,7
"13411",3,13,16,14
"13412",1,8,9,8
"13413",2,17,19,18
"13414",4,10,14,11
"13415",1,39,40,39
"13416",2,4,6,4
"13417",1,22,23,22
"13418",1,2,3,2
"13419",1,4,5,4
"13420",2,4,6,5
"13421",1,3,4,3
"13422",4,35,39,36
"13423",4,5,9,7
"13424",2,15,17,16
"13425",3,17,20,17
"13426",6,13,19,14
"13427",6,19,25,22
"13428",2,21,23,21
"13429",1,1,2,1
"13430",1,5,6,5
"13431",1,16,17,16
"13432",1,1,2,1
"13433",3,1,4,3
"13434",1,2,3,2
"13435",1,12,13,12
"13436",3,8,11,10
"13437",1,3,4,3
"13438",1,2,3,2
"13439",1,12,13,12
"13440",4,30,34,32
"13441",2,29,31,29
"13442",2,34,36,35
"13443",1,16,17,16
"13444",1,12,13,12
"13445",1,15,16,15
"13446",3,35,38,37
"13447",1,4,5,4
"13448",1,4,5,4
"13449",3,10,13,12
"13450",1,3,4,3
"13451",2,3,5,4
"13452",3,20,23,22
"13453",1,25,26,25
"13454",1,1,2,1
"13455",1,6,7,6
"13456",1,5,6,5
"13457",1,11,12,11
"13458",4,12,16,14
"13459",3,2,5,4
"13460",2,1,3,2
"13461",1,9,10,9
"13462",1,5,6,5
"13463",12,4,16,14
"13464",1,6,7,6
"13465",2,7,9,7
"13466",2,36,38,37
"13467",1,1,2,1
"13468",1,4,5,4
"13469",1,4,5,4
"13470",5,10,15,14
"13471",2,11,13,11
"13472",1,3,4,3
"13473",2,8,10,8
"13474",1,2,3,2
"13475",1,26,27,26
"13476",1,6,7,6
"13477",6,8,14,9
"13478",1,5,6,5
"13479",1,5,6,5
"13480",2,6,8,6
"13481",2,8,10,9
"13482",1,13,14,13
"13483",1,3,4,3
"13484",1,7,8,7
"13485",1,1,2,1
"13486",4,5,9,8
"13487",2,10,12,11
"13488",1,17,18,17
"13489",2,9,11,10
"13490",3,3,6,3
"13491",1,8,9,8
"13492",3,23,26,25
"13493",2,5,7,5
"13494",1,5,6,5
"13495",2,38,40,39
"13496",1,3,4,3
"13497",2,1,3,2
"13498",1,5,6,5
"13499",2,15,17,15
"13500",1,9,10,9
"13501",1,15,16,15
"13502",9,1,10,9
"13503",1,14,15,14
"13504",5,1,6,5
"13505",1,7,8,7
"13506",1,6,7,6
"13507",2,2,4,3
"13508",3,12,15,13
"13509",1,4,5,4
"13510",3,30,33,32
"13511",2,31,33,32
"13512",4,37,41,39
"13513",4,14,18,14
"13514",2,3,5,4
"13515",14,8,22,16
"13516",1,2,3,2
"13517",2,32,34,33
"13518",1,3,4,3
"13519",1,14,15,14
"13520",1,3,4,3
"13521",3,21,24,23
"13522",3,13,16,15
"13523",1,9,10,9
"13524",1,11,12,11
"13525",5,35,40,37
"13526",2,15,17,15
"13527",7,8,15,9
"13528",1,9,10,9
"13529",1,4,5,4
"13530",1,5,6,5
"13531",1,18,19,18
"13532",2,2,4,2
"13533",2,12,14,12
"13534",9,41,50,47
"13535",1,6,7,6
"13536",3,9,12,9
"13537",1,7,8,7
"13538",1,2,3,2
"13539",1,4,5,4
"13540",1,6,7,6
"13541",1,12,13,12
"13542",3,14,17,16
"13543",8,56,64,61
"13544",5,8,13,10
"13545",1,1,2,1
"13546",1,8,9,8
"13547",4,40,44,41
"13548",1,2,3,2
"13549",1,1,2,1
"13550",1,7,8,7
"13551",1,20,21,20
"13552",5,19,24,21
"13553",1,5,6,5
"13554",1,3,4,3
"13555",2,12,14,12
"13556",1,13,14,13
"13557",1,26,27,26
"13558",1,9,10,9
"13559",1,5,6,5
"13560",14,8,22,16
"13561",1,1,2,1
"13562",10,24,34,31
"13563",9,15,24,17
"13564",2,9,11,9
"13565",3,2,5,3
"13566",5,1,6,5
"13567",1,5,6,5
"13568",1,7,8,7
"13569",2,4,6,4
"13570",1,81,82,81
"13571",3,16,19,18
"13572",4,21,25,21
"13573",5,41,46,41
"13574",5,25,30,28
"13575",6,37,43,40
"13576",1,17,18,17
"13577",2,5,7,6
"13578",2,22,24,22
"13579",1,10,11,10
"13580",3,4,7,4
"13581",1,6,7,6
"13582",7,9,16,11
"13583",2,4,6,4
"13584",1,2,3,2
"13585",1,4,5,4
"13586",4,1,5,4
"13587",3,6,9,6
"13588",1,18,19,18
"13589",2,1,3,2
"13590",1,7,8,7
"13591",8,18,26,22
"13592",1,1,2,1
"13593",6,7,13,9
"13594",3,4,7,5
"13595",1,6,7,6
"13596",3,4,7,4
"13597",4,31,35,32
"13598",1,2,3,2
"13599",1,5,6,5
"13600",5,41,46,43
"13601",1,2,3,2
"13602",1,2,3,2
"13603",1,1,2,1
"13604",6,42,48,46
"13605",8,20,28,26
"13606",1,2,3,2
"13607",1,19,20,19
"13608",2,14,16,15
"13609",4,32,36,34
"13610",2,4,6,4
"13611",1,1,2,1
"13612",3,13,16,13
"13613",3,2,5,3
"13614",1,12,13,12
"13615",1,31,32,31
"13616",1,10,11,10
"13617",11,2,13,11
"13618",1,1,2,1
"13619",2,15,17,15
"13620",4,7,11,7
"13621",2,3,5,3
"13622",1,6,7,6
"13623",2,5,7,5
"13624",1,16,17,16
"13625",4,10,14,12
"13626",1,35,36,35
"13627",3,23,26,24
"13628",2,2,4,3
"13629",2,11,13,12
"13630",3,1,4,3
"13631",4,29,33,31
"13632",2,3,5,3
"13633",2,4,6,5
"13634",1,6,7,6
"13635",1,8,9,8
"13636",3,4,7,5
"13637",2,5,7,5
"13638",8,18,26,23
"13639",1,5,6,5
"13640",1,5,6,5
"13641",1,2,3,2
"13642",3,25,28,26
"13643",1,16,17,16
"13644",2,1,3,2
"13645",1,1,2,1
"13646",2,16,18,16
"13647",1,45,46,45
"13648",1,18,19,18
"13649",8,19,27,25
"13650",5,44,49,46
"13651",1,6,7,6
"13652",1,4,5,4
"13653",8,9,17,14
"13654",2,4,6,4
"13655",7,20,27,21
"13656",2,8,10,8
"13657",13,2,15,13
"13658",2,12,14,12
"13659",2,1,3,2
"13660",1,13,14,13
"13661",2,11,13,11
"13662",2,19,21,19
"13663",1,4,5,4
"13664",1,6,7,6
"13665",3,9,12,11
"13666",1,5,6,5
"13667",4,7,11,8
"13668",2,5,7,5
"13669",3,14,17,15
"13670",2,13,15,13
"13671",2,10,12,10
"13672",1,12,13,12
"13673",1,9,10,9
"13674",1,3,4,3
"13675",2,2,4,3
"13676",5,19,24,23
"13677",2,8,10,8
"13678",4,10,14,10
"13679",1,8,9,8
"13680",1,21,22,21
"13681",1,1,2,1
"13682",1,1,2,1
"13683",1,7,8,7
"13684",1,3,4,3
"13685",2,10,12,10
"13686",1,9,10,9
"13687",3,12,15,14
"13688",1,5,6,5
"13689",4,11,15,11
"13690",1,9,10,9
"13691",3,20,23,21
"13692",1,2,3,2
"13693",1,5,6,5
"13694",1,1,2,1
"13695",1,1,2,1
"13696",2,15,17,16
"13697",1,22,23,22
"13698",1,7,8,7
"13699",6,5,11,9
"13700",1,4,5,4
"13701",13,14,27,25
"13702",5,30,35,30
"13703",2,1,3,2
"13704",1,11,12,11
"13705",1,21,22,21
"13706",3,10,13,11
"13707",1,1,2,1
"13708",4,18,22,19
"13709",4,20,24,22
"13710",12,13,25,24
"13711",1,40,41,40
"13712",1,26,27,26
"13713",3,23,26,24
"13714",2,5,7,6
"13715",3,4,7,6
"13716",2,14,16,15
"13717",1,3,4,3
"13718",2,12,14,13
"13719",1,1,2,1
"13720",5,19,24,19
"13721",1,7,8,7
"13722",2,18,20,19
"13723",1,19,20,19
"13724",1,4,5,4
"13725",1,4,5,4
"13726",2,10,12,10
"13727",6,1,7,6
"13728",1,3,4,3
"13729",3,6,9,7
"13730",3,16,19,17
"13731",2,16,18,16
"13732",2,1,3,2
"13733",1,35,36,35
"13734",1,21,22,21
"13735",1,11,12,11
"13736",3,26,29,26
"13737",2,3,5,3
"13738",1,4,5,4
"13739",8,16,24,21
"13740",1,3,4,3
"13741",4,36,40,39
"13742",2,4,6,4
"13743",7,60,67,61
"13744",1,3,4,3
"13745",1,8,9,8
"13746",1,3,4,3
"13747",4,10,14,12
"13748",1,12,13,12
"13749",3,15,18,17
"13750",1,2,3,2
"13751",1,22,23,22
"13752",1,14,15,14
"13753",2,20,22,21
"13754",1,1,2,1
"13755",6,26,32,28
"13756",2,8,10,9
"13757",6,1,7,6
"13758",9,32,41,39
"13759",4,10,14,13
"13760",1,18,19,18
"13761",1,8,9,8
"13762",2,2,4,2
"13763",1,2,3,2
"13764",1,57,58,57
"13765",1,3,4,3
"13766",2,36,38,36
"13767",3,9,12,9
"13768",2,3,5,4
"13769",1,15,16,15
"13770",4,8,12,10
"13771",2,31,33,32
"13772",2,25,27,25
"13773",1,23,24,23
"13774",3,6,9,6
"13775",3,30,33,31
"13776",1,21,22,21
"13777",7,11,18,14
"13778",2,5,7,5
"13779",2,25,27,25
"13780",2,15,17,15
"13781",1,13,14,13
"13782",4,22,26,24
"13783",1,1,2,1
"13784",4,11,15,11
"13785",4,4,8,6
"13786",1,1,2,1
"13787",4,6,10,7
"13788",1,15,16,15
"13789",2,2,4,2
"13790",1,1,2,1
"13791",1,10,11,10
"13792",1,2,3,2
"13793",1,12,13,12
"13794",1,10,11,10
"13795",2,18,20,18
"13796",2,21,23,21
"13797",2,30,32,30
"13798",6,4,10,8
"13799",8,10,18,17
"13800",2,2,4,2
"13801",2,4,6,5
"13802",2,28,30,28
"13803",4,29,33,29
"13804",3,9,12,9
"13805",1,4,5,4
"13806",1,7,8,7
"13807",3,3,6,3
"13808",4,19,23,22
"13809",3,8,11,8
"13810",3,4,7,5
"13811",1,7,8,7
"13812",2,1,3,2
"13813",1,3,4,3
"13814",1,5,6,5
"13815",1,15,16,15
"13816",7,20,27,25
"13817",2,7,9,7
"13818",3,12,15,12
"13819",1,14,15,14
"13820",1,2,3,2
"13821",5,81,86,82
"13822",1,5,6,5
"13823",2,10,12,11
"13824",1,2,3,2
"13825",2,5,7,6
"13826",3,1,4,3
"13827",1,3,4,3
"13828",1,6,7,6
"13829",2,25,27,25
"13830",2,4,6,5
"13831",1,4,5,4
"13832",4,9,13,12
"13833",2,5,7,6
"13834",4,6,10,7
"13835",2,21,23,21
"13836",1,7,8,7
"13837",1,1,2,1
"13838",1,8,9,8
"13839",1,9,10,9
"13840",1,8,9,8
"13841",1,1,2,1
"13842",3,18,21,18
"13843",1,5,6,5
"13844",5,3,8,5
"13845",3,6,9,8
"13846",2,8,10,9
"13847",8,6,14,13
"13848",2,5,7,5
"13849",1,12,13,12
"13850",1,10,11,10
"13851",1,6,7,6
"13852",3,14,17,15
"13853",3,9,12,10
"13854",7,22,29,27
"13855",2,13,15,13
"13856",1,2,3,2
"13857",2,2,4,3
"13858",1,1,2,1
"13859",1,11,12,11
"13860",1,5,6,5
"13861",2,22,24,22
"13862",3,16,19,16
"13863",1,1,2,1
"13864",2,7,9,7
"13865",4,18,22,20
"13866",2,7,9,8
"13867",1,2,3,2
"13868",1,36,37,36
"13869",2,11,13,12
"13870",2,5,7,5
"13871",1,10,11,10
"13872",2,8,10,8
"13873",1,8,9,8
"13874",4,38,42,41
"13875",2,3,5,4
"13876",1,2,3,2
"13877",1,14,15,14
"13878",1,11,12,11
"13879",1,5,6,5
"13880",2,22,24,22
"13881",2,15,17,15
"13882",2,7,9,8
"13883",3,25,28,26
"13884",1,13,14,13
"13885",2,6,8,6
"13886",2,20,22,21
"13887",5,6,11,10
"13888",1,5,6,5
"13889",2,81,83,82
"13890",1,6,7,6
"13891",2,4,6,5
"13892",2,11,13,12
"13893",4,27,31,28
"13894",3,176,179,176
"13895",4,22,26,25
"13896",3,3,6,4
"13897",1,1,2,1
"13898",2,4,6,4
"13899",1,4,5,4
"13900",1,17,18,17
"13901",6,169,175,174
"13902",5,6,11,6
"13903",2,12,14,12
"13904",2,12,14,12
"13905",1,11,12,11
"13906",1,2,3,2
"13907",3,15,18,15
"13908",4,13,17,13
"13909",1,1,2,1
"13910",3,6,9,8
"13911",1,4,5,4
"13912",4,4,8,4
"13913",1,4,5,4
"13914",2,5,7,5
"13915",2,27,29,27
"13916",1,12,13,12
"13917",2,10,12,10
"13918",3,8,11,8
"13919",1,6,7,6
"13920",2,12,14,12
"13921",3,24,27,25
"13922",2,18,20,19
"13923",4,11,15,11
"13924",1,4,5,4
"13925",1,15,16,15
"13926",1,10,11,10
"13927",2,5,7,5
"13928",2,1,3,2
"13929",2,11,13,11
"13930",1,1,2,1
"13931",31,6,37,36
"13932",1,3,4,3
"13933",1,14,15,14
"13934",1,30,31,30
"13935",1,4,5,4
"13936",3,10,13,12
"13937",1,22,23,22
"13938",3,15,18,17
"13939",2,9,11,10
"13940",5,176,181,180
"13941",1,13,14,13
"13942",1,4,5,4
"13943",1,5,6,5
"13944",1,8,9,8
"13945",2,13,15,14
"13946",1,32,33,32
"13947",2,10,12,11
"13948",5,19,24,20
"13949",1,2,3,2
"13950",10,4,14,12
"13951",7,33,40,38
"13952",11,42,53,49
"13953",1,3,4,3
"13954",2,9,11,9
"13955",4,8,12,9
"13956",1,4,5,4
"13957",1,3,4,3
"13958",1,16,17,16
"13959",3,17,20,18
"13960",1,2,3,2
"13961",3,8,11,8
"13962",4,11,15,12
"13963",1,2,3,2
"13964",2,4,6,4
"13965",1,31,32,31
"13966",2,11,13,12
"13967",1,10,11,10
"13968",1,1,2,1
"13969",1,6,7,6
"13970",1,17,18,17
"13971",2,2,4,2
"13972",1,1,2,1
"13973",1,20,21,20
"13974",2,7,9,8
"13975",3,11,14,11
"13976",2,7,9,7
"13977",1,1,2,1
"13978",6,176,182,178
"13979",6,6,12,10
"13980",3,14,17,15
"13981",1,3,4,3
"13982",1,13,14,13
"13983",1,3,4,3
"13984",1,3,4,3
"13985",1,4,5,4
"13986",1,15,16,15
"13987",1,23,24,23
"13988",6,4,10,9
"13989",5,60,65,62
"13990",1,17,18,17
"13991",1,2,3,2
"13992",2,5,7,5
"13993",1,4,5,4
"13994",3,11,14,11
"13995",4,19,23,20
"13996",1,13,14,13
"13997",2,8,10,8
"13998",1,2,3,2
"13999",1,7,8,7
"14000",1,6,7,6
"14001",1,17,18,17
"14002",3,11,14,12
"14003",2,4,6,4
"14004",3,8,11,9
"14005",1,5,6,5
"14006",4,21,25,23
"14007",1,4,5,4
"14008",2,5,7,5
"14009",2,18,20,18
"14010",4,4,8,5
"14011",1,6,7,6
"14012",14,41,55,47
"14013",1,7,8,7
"14014",1,5,6,5
"14015",2,6,8,7
"14016",2,9,11,9
"14017",2,1,3,2
"14018",2,4,6,5
"14019",2,5,7,5
"14020",2,12,14,13
"14021",1,10,11,10
"14022",2,16,18,16
"14023",4,5,9,8
"14024",2,31,33,31
"14025",1,2,3,2
"14026",3,18,21,19
"14027",1,1,2,1
"14028",1,1,2,1
"14029",1,11,12,11
"14030",1,4,5,4
"14031",2,24,26,24
"14032",1,3,4,3
"14033",1,4,5,4
"14034",2,11,13,11
"14035",1,14,15,14
"14036",3,7,10,7
"14037",1,6,7,6
"14038",1,5,6,5
"14039",1,8,9,8
"14040",12,2,14,12
"14041",2,6,8,6
"14042",3,4,7,5
"14043",1,8,9,8
"14044",1,2,3,2
"14045",3,20,23,21
"14046",2,11,13,12
"14047",1,4,5,4
"14048",2,6,8,7
"14049",5,5,10,6
"14050",4,4,8,4
"14051",2,27,29,28
"14052",2,11,13,12
"14053",3,42,45,44
"14054",1,3,4,3
"14055",2,30,32,30
"14056",1,4,5,4
"14057",1,10,11,10
"14058",5,24,29,26
"14059",4,15,19,15
"14060",2,9,11,9
"14061",1,6,7,6
"14062",2,11,13,11
"14063",1,10,11,10
"14064",3,23,26,25
"14065",2,5,7,6
"14066",4,22,26,25
"14067",5,9,14,13
"14068",2,10,12,11
"14069",1,2,3,2
"14070",4,20,24,22
"14071",1,1,2,1
"14072",2,20,22,20
"14073",2,23,25,23
"14074",3,11,14,13
"14075",1,3,4,3
"14076",1,4,5,4
"14077",1,23,24,23
"14078",1,2,3,2
"14079",2,4,6,5
"14080",3,13,16,15
"14081",1,8,9,8
"14082",1,2,3,2
"14083",1,4,5,4
"14084",1,15,16,15
"14085",1,2,3,2
"14086",4,26,30,26
"14087",1,22,23,22
"14088",1,1,2,1
"14089",1,2,3,2
"14090",2,30,32,30
"14091",2,8,10,9
"14092",5,11,16,12
"14093",1,4,5,4
"14094",3,12,15,12
"14095",1,4,5,4
"14096",1,16,17,16
"14097",1,9,10,9
"14098",2,16,18,17
"14099",1,3,4,3
"14100",2,9,11,10
"14101",3,9,12,11
"14102",2,10,12,10
"14103",3,23,26,23
"14104",1,1,2,1
"14105",1,6,7,6
"14106",1,1,2,1
"14107",5,16,21,19
"14108",1,9,10,9
"14109",2,3,5,3
"14110",2,8,10,8
"14111",1,12,13,12
"14112",2,3,5,3
"14113",3,18,21,20
"14114",1,6,7,6
"14115",1,24,25,24
"14116",1,18,19,18
"14117",8,7,15,14
"14118",1,2,3,2
"14119",2,5,7,5
"14120",2,13,15,14
"14121",1,3,4,3
"14122",1,6,7,6
"14123",4,18,22,18
"14124",1,13,14,13
"14125",2,3,5,3
"14126",5,16,21,16
"14127",5,40,45,41
"14128",1,9,10,9
"14129",6,3,9,7
"14130",1,13,14,13
"14131",1,1,2,1
"14132",3,8,11,9
"14133",2,8,10,8
"14134",1,11,12,11
"14135",1,5,6,5
"14136",2,7,9,7
"14137",1,10,11,10
"14138",1,8,9,8
"14139",1,10,11,10
"14140",1,3,4,3
"14141",3,2,5,3
"14142",2,9,11,9
"14143",3,35,38,35
"14144",2,8,10,9
"14145",4,12,16,15
"14146",1,7,8,7
"14147",2,6,8,6
"14148",1,3,4,3
"14149",1,20,21,20
"14150",1,1,2,1
"14151",1,5,6,5
"14152",1,17,18,17
"14153",5,2,7,6
"14154",2,18,20,19
"14155",2,21,23,21
"14156",2,12,14,13
"14157",4,26,30,27
"14158",1,40,41,40
"14159",1,2,3,2
"14160",4,6,10,6
"14161",1,13,14,13
"14162",2,11,13,11
"14163",1,6,7,6
"14164",1,3,4,3
"14165",6,7,13,12
"14166",1,7,8,7
"14167",2,3,5,3
"14168",1,26,27,26
"14169",3,10,13,11
"14170",1,18,19,18
"14171",1,1,2,1
"14172",2,8,10,9
"14173",1,3,4,3
"14174",3,14,17,14
"14175",2,12,14,12
"14176",3,4,7,6
"14177",1,9,10,9
"14178",3,10,13,12
"14179",2,9,11,9
"14180",1,3,4,3
"14181",1,6,7,6
"14182",1,5,6,5
"14183",2,5,7,6
"14184",1,2,3,2
"14185",4,20,24,21
"14186",6,1,7,6
"14187",2,7,9,7
"14188",2,7,9,7
"14189",1,2,3,2
"14190",1,3,4,3
"14191",3,4,7,6
"14192",1,1,2,1
"14193",35,16,51,49
"14194",1,6,7,6
"14195",3,29,32,29
"14196",2,11,13,11
"14197",2,24,26,24
"14198",1,3,4,3
"14199",2,12,14,12
"14200",1,1,2,1
"14201",3,1,4,3
"14202",11,13,24,22
"14203",13,23,36,33
"14204",2,19,21,19
"14205",1,2,3,2
"14206",1,27,28,27
"14207",2,5,7,5
"14208",1,7,8,7
"14209",1,23,24,23
"14210",3,13,16,14
"14211",3,2,5,4
"14212",3,5,8,7
"14213",4,5,9,8
"14214",3,11,14,12
"14215",2,29,31,29
"14216",1,3,4,3
"14217",1,2,3,2
"14218",1,5,6,5
"14219",4,10,14,12
"14220",1,1,2,1
"14221",1,5,6,5
"14222",1,15,16,15
"14223",2,16,18,17
"14224",1,13,14,13
"14225",3,40,43,40
"14226",7,1,8,7
"14227",2,5,7,6
"14228",1,7,8,7
"14229",1,5,6,5
"14230",5,27,32,31
"14231",1,13,14,13
"14232",1,3,4,3
"14233",1,9,10,9
"14234",1,19,20,19
"14235",3,2,5,4
"14236",2,2,4,2
"14237",1,1,2,1
"14238",16,1,17,16
"14239",2,30,32,31
"14240",4,7,11,8
"14241",1,2,3,2
"14242",10,8,18,15
"14243",1,2,3,2
"14244",1,9,10,9
"14245",1,14,15,14
"14246",2,5,7,6
"14247",1,3,4,3
"14248",2,21,23,21
"14249",4,13,17,13
"14250",2,14,16,14
"14251",2,17,19,17
"14252",9,4,13,12
"14253",2,14,16,15
"14254",1,4,5,4
"14255",11,21,32,26
"14256",1,2,3,2
"14257",2,9,11,9
"14258",1,1,2,1
"14259",1,3,4,3
"14260",3,14,17,16
"14261",2,11,13,12
"14262",1,9,10,9
"14263",4,5,9,7
"14264",3,7,10,7
"14265",6,15,21,15
"14266",2,7,9,8
"14267",2,14,16,15
"14268",1,1,2,1
"14269",2,34,36,34
"14270",2,14,16,14
"14271",1,9,10,9
"14272",3,5,8,6
"14273",2,7,9,7
"14274",5,45,50,48
"14275",3,13,16,14
"14276",2,37,39,37
"14277",3,22,25,22
"14278",1,12,13,12
"14279",2,6,8,7
"14280",3,9,12,9
"14281",2,14,16,14
"14282",1,13,14,13
"14283",8,57,65,61
"14284",7,9,16,14
"14285",1,8,9,8
"14286",1,15,16,15
"14287",1,9,10,9
"14288",1,10,11,10
"14289",1,10,11,10
"14290",1,10,11,10
"14291",2,2,4,3
"14292",2,6,8,6
"14293",1,3,4,3
"14294",1,3,4,3
"14295",1,6,7,6
"14296",3,9,12,9
"14297",13,20,33,32
"14298",1,8,9,8
"14299",3,18,21,19
"14300",3,5,8,7
"14301",1,5,6,5
"14302",3,9,12,10
"14303",1,3,4,3
"14304",2,1,3,2
"14305",1,2,3,2
"14306",1,6,7,6
"14307",1,2,3,2
"14308",1,2,3,2
"14309",1,4,5,4
"14310",1,4,5,4
"14311",2,13,15,13
"14312",2,3,5,4
"14313",1,5,6,5
"14314",4,21,25,22
"14315",5,11,16,15
"14316",2,2,4,3
"14317",1,4,5,4
"14318",3,3,6,3
"14319",1,35,36,35
"14320",1,14,15,14
"14321",1,1,2,1
"14322",1,2,3,2
"14323",2,2,4,2
"14324",1,6,7,6
"14325",2,14,16,14
"14326",1,1,2,1
"14327",1,6,7,6
"14328",1,17,18,17
"14329",1,3,4,3
"14330",4,7,11,10
"14331",1,6,7,6
"14332",1,5,6,5
"14333",1,1,2,1
"14334",2,12,14,12
"14335",1,14,15,14
"14336",1,3,4,3
"14337",1,10,11,10
"14338",1,4,5,4
"14339",1,8,9,8
"14340",2,2,4,3
"14341",1,2,3,2
"14342",1,7,8,7
"14343",2,5,7,5
"14344",1,13,14,13
"14345",2,2,4,3
"14346",1,9,10,9
"14347",2,8,10,8
"14348",4,4,8,7
"14349",1,19,20,19
"14350",2,3,5,3
"14351",1,7,8,7
"14352",1,1,2,1
"14353",1,7,8,7
"14354",1,16,17,16
"14355",1,1,2,1
"14356",2,17,19,17
"14357",2,4,6,5
"14358",2,5,7,6
"14359",2,6,8,6
"14360",1,31,32,31
"14361",5,6,11,8
"14362",1,14,15,14
"14363",1,3,4,3
"14364",4,10,14,10
"14365",1,5,6,5
"14366",3,11,14,11
"14367",7,16,23,20
"14368",1,6,7,6
"14369",3,34,37,34
"14370",2,1,3,2
"14371",1,17,18,17
"14372",1,2,3,2
"14373",2,6,8,7
"14374",2,25,27,25
"14375",11,16,27,24
"14376",1,25,26,25
"14377",8,4,12,11
"14378",3,10,13,10
"14379",2,2,4,2
"14380",8,8,16,14
"14381",1,4,5,4
"14382",1,8,9,8
"14383",1,4,5,4
"14384",3,12,15,12
"14385",1,2,3,2
"14386",2,8,10,8
"14387",3,21,24,21
"14388",3,7,10,9
"14389",1,4,5,4
"14390",5,8,13,9
"14391",4,9,13,9
"14392",1,3,4,3
"14393",1,7,8,7
"14394",3,1,4,3
"14395",1,33,34,33
"14396",1,1,2,1
"14397",1,6,7,6
"14398",4,27,31,27
"14399",4,5,9,8
"14400",1,3,4,3
"14401",1,5,6,5
"14402",1,1,2,1
"14403",1,5,6,5
"14404",2,14,16,15
"14405",1,10,11,10
"14406",5,42,47,44
"14407",1,9,10,9
"14408",10,10,20,19
"14409",1,6,7,6
"14410",5,20,25,23
"14411",9,16,25,23
"14412",5,40,45,42
"14413",6,14,20,17
"14414",31,5,36,31
"14415",2,22,24,23
"14416",1,8,9,8
"14417",2,16,18,16
"14418",3,7,10,7
"14419",7,5,12,10
"14420",1,1,2,1
"14421",2,4,6,4
"14422",3,8,11,8
"14423",1,8,9,8
"14424",1,6,7,6
"14425",2,5,7,5
"14426",1,52,53,52
"14427",5,17,22,21
"14428",2,10,12,10
"14429",3,23,26,23
"14430",3,20,23,20
"14431",2,14,16,14
"14432",2,5,7,5
"14433",1,2,3,2
"14434",1,7,8,7
"14435",2,7,9,8
"14436",2,14,16,15
"14437",1,34,35,34
"14438",2,26,28,27
"14439",1,7,8,7
"14440",2,2,4,3
"14441",1,11,12,11
"14442",1,14,15,14
"14443",1,7,8,7
"14444",3,7,10,7
"14445",1,36,37,36
"14446",2,5,7,5
"14447",1,3,4,3
"14448",2,9,11,10
"14449",1,3,4,3
"14450",2,12,14,13
"14451",1,1,2,1
"14452",2,11,13,12
"14453",1,7,8,7
"14454",1,2,3,2
"14455",5,30,35,33
"14456",8,31,39,38
"14457",1,4,5,4
"14458",2,10,12,10
"14459",1,23,24,23
"14460",2,15,17,15
"14461",1,3,4,3
"14462",1,5,6,5
"14463",1,1,2,1
"14464",2,17,19,18
"14465",7,10,17,13
"14466",2,2,4,2
"14467",2,7,9,7
"14468",1,8,9,8
"14469",6,8,14,11
"14470",3,1,4,3
"14471",4,13,17,16
"14472",1,9,10,9
"14473",1,5,6,5
"14474",1,19,20,19
"14475",1,4,5,4
"14476",1,6,7,6
"14477",4,11,15,14
"14478",1,6,7,6
"14479",1,7,8,7
"14480",1,1,2,1
"14481",1,3,4,3
"14482",1,7,8,7
"14483",4,4,8,6
"14484",1,22,23,22
"14485",2,25,27,26
"14486",1,9,10,9
"14487",1,2,3,2
"14488",1,5,6,5
"14489",2,3,5,3
"14490",5,24,29,27
"14491",2,10,12,10
"14492",2,3,5,4
"14493",1,9,10,9
"14494",1,10,11,10
"14495",14,22,36,32
"14496",1,11,12,11
"14497",1,4,5,4
"14498",7,42,49,46
"14499",1,2,3,2
"14500",1,4,5,4
"14501",1,16,17,16
"14502",1,13,14,13
"14503",2,11,13,11
"14504",3,10,13,11
"14505",1,12,13,12
"14506",1,12,13,12
"14507",7,15,22,16
"14508",2,22,24,22
"14509",4,10,14,10
"14510",1,2,3,2
"14511",1,4,5,4
"14512",1,5,6,5
"14513",1,10,11,10
"14514",1,5,6,5
"14515",1,9,10,9
"14516",1,6,7,6
"14517",2,14,16,14
"14518",1,8,9,8
"14519",2,39,41,39
"14520",3,8,11,8
"14521",2,11,13,12
"14522",1,9,10,9
"14523",1,3,4,3
"14524",1,5,6,5
"14525",2,4,6,4
"14526",1,2,3,2
"14527",1,4,5,4
"14528",1,27,28,27
"14529",2,10,12,10
"14530",1,3,4,3
"14531",3,24,27,24
"14532",1,2,3,2
"14533",6,15,21,19
"14534",1,8,9,8
"14535",3,4,7,5
"14536",1,4,5,4
"14537",3,18,21,20
"14538",2,1,3,2
"14539",1,7,8,7
"14540",1,25,26,25
"14541",1,1,2,1
"14542",7,21,28,27
"14543",2,5,7,5
"14544",1,2,3,2
"14545",1,2,3,2
"14546",2,6,8,6
"14547",1,10,11,10
"14548",3,11,14,12
"14549",2,4,6,5
"14550",1,8,9,8
"14551",2,10,12,11
"14552",3,4,7,5
"14553",1,4,5,4
"14554",1,32,33,32
"14555",3,33,36,35
"14556",2,5,7,5
"14557",3,7,10,9
"14558",1,57,58,57
"14559",3,20,23,21
"14560",1,6,7,6
"14561",2,30,32,30
"14562",6,16,22,21
"14563",1,5,6,5
"14564",2,7,9,7
"14565",1,1,2,1
"14566",3,34,37,36
"14567",6,30,36,33
"14568",1,5,6,5
"14569",1,3,4,3
"14570",1,4,5,4
"14571",1,9,10,9
"14572",19,17,36,29
"14573",3,14,17,14
"14574",3,3,6,3
"14575",1,11,12,11
"14576",2,25,27,26
"14577",4,34,38,35
"14578",1,27,28,27
"14579",1,5,6,5
"14580",1,4,5,4
"14581",2,4,6,4
"14582",6,14,20,14
"14583",3,1,4,3
"14584",1,2,3,2
"14585",3,5,8,6
"14586",2,10,12,10
"14587",3,34,37,34
"14588",2,6,8,6
"14589",2,7,9,8
"14590",1,5,6,5
"14591",1,3,4,3
"14592",2,13,15,14
"14593",1,2,3,2
"14594",3,7,10,8
"14595",2,1,3,2
"14596",1,5,6,5
"14597",3,13,16,14
"14598",3,13,16,13
"14599",2,15,17,15
"14600",1,7,8,7
"14601",2,4,6,4
"14602",5,14,19,18
"14603",1,1,2,1
"14604",6,5,11,10
"14605",1,7,8,7
"14606",1,9,10,9
"14607",7,18,25,24
"14608",1,9,10,9
"14609",1,20,21,20
"14610",2,10,12,11
"14611",1,12,13,12
"14612",4,11,15,12
"14613",2,20,22,21
"14614",4,4,8,6
"14615",3,8,11,9
"14616",3,39,42,40
"14617",1,14,15,14
"14618",2,24,26,24
"14619",2,6,8,7
"14620",1,8,9,8
"14621",8,1,9,8
"14622",2,34,36,34
"14623",1,9,10,9
"14624",1,9,10,9
"14625",2,13,15,13
"14626",3,21,24,21
"14627",1,1,2,1
"14628",2,11,13,12
"14629",1,15,16,15
"14630",2,4,6,4
"14631",1,1,2,1
"14632",2,19,21,20
"14633",1,9,10,9
"14634",5,2,7,5
"14635",1,4,5,4
"14636",1,3,4,3
"14637",2,9,11,9
"14638",1,2,3,2
"14639",4,7,11,9
"14640",1,10,11,10
"14641",1,3,4,3
"14642",1,2,3,2
"14643",2,28,30,28
"14644",3,6,9,7
"14645",4,6,10,9
"14646",3,3,6,3
"14647",7,12,19,15
"14648",1,7,8,7
"14649",1,1,2,1
"14650",2,4,6,5
"14651",1,3,4,3
"14652",1,3,4,3
"14653",1,3,4,3
"14654",15,2,17,16
"14655",3,16,19,18
"14656",3,14,17,14
"14657",3,14,17,16
"14658",4,9,13,11
"14659",1,5,6,5
"14660",3,2,5,3
"14661",1,8,9,8
"14662",14,8,22,16
"14663",2,7,9,7
"14664",1,29,30,29
"14665",1,13,14,13
"14666",1,16,17,16
"14667",4,3,7,6
"14668",1,4,5,4
"14669",2,12,14,12
"14670",2,1,3,2
"14671",1,2,3,2
"14672",1,10,11,10
"14673",4,29,33,30
"14674",3,1,4,3
"14675",4,18,22,20
"14676",2,1,3,2
"14677",1,1,2,1
"14678",2,10,12,10
"14679",1,2,3,2
"14680",5,30,35,32
"14681",1,6,7,6
"14682",2,45,47,45
"14683",2,19,21,19
"14684",1,10,11,10
"14685",5,14,19,18
"14686",1,3,4,3
"14687",1,9,10,9
"14688",1,1,2,1
"14689",1,7,8,7
"14690",3,34,37,36
"14691",6,4,10,8
"14692",1,15,16,15
"14693",5,5,10,8
"14694",1,8,9,8
"14695",3,8,11,9
"14696",1,4,5,4
"14697",1,2,3,2
"14698",1,25,26,25
"14699",2,29,31,29
"14700",1,7,8,7
"14701",2,10,12,10
"14702",10,3,13,12
"14703",6,8,14,13
"14704",4,5,9,8
"14705",1,3,4,3
"14706",1,1,2,1
"14707",2,4,6,5
"14708",1,8,9,8
"14709",5,2,7,6
"14710",9,4,13,12
"14711",2,12,14,13
"14712",1,1,2,1
"14713",25,23,48,47
"14714",2,3,5,4
"14715",1,9,10,9
"14716",1,38,39,38
"14717",2,3,5,4
"14718",2,11,13,11
"14719",4,12,16,14
"14720",3,3,6,5
"14721",1,7,8,7
"14722",1,3,4,3
"14723",1,12,13,12
"14724",2,18,20,19
"14725",1,12,13,12
"14726",2,6,8,7
"14727",1,4,5,4
"14728",1,20,21,20
"14729",1,1,2,1
"14730",1,24,25,24
"14731",1,2,3,2
"14732",1,21,22,21
"14733",1,23,24,23
"14734",2,6,8,7
"14735",1,3,4,3
"14736",2,7,9,7
"14737",2,9,11,10
"14738",4,18,22,19
"14739",1,3,4,3
"14740",3,18,21,18
"14741",2,10,12,10
"14742",1,11,12,11
"14743",2,2,4,3
"14744",1,5,6,5
"14745",1,1,2,1
"14746",2,6,8,7
"14747",3,9,12,9
"14748",1,3,4,3
"14749",13,8,21,17
"14750",1,4,5,4
"14751",4,29,33,29
"14752",1,6,7,6
"14753",1,2,3,2
"14754",7,19,26,23
"14755",3,11,14,12
"14756",1,4,5,4
"14757",1,43,44,43
"14758",6,14,20,18
"14759",2,19,21,20
"14760",18,17,35,33
"14761",1,8,9,8
"14762",12,28,40,36
"14763",1,10,11,10
"14764",2,2,4,3
"14765",1,4,5,4
"14766",3,8,11,8
"14767",1,2,3,2
"14768",2,22,24,22
"14769",1,1,2,1
"14770",4,34,38,35
"14771",1,5,6,5
"14772",2,13,15,13
"14773",15,3,18,16
"14774",2,1,3,2
"14775",1,2,3,2
"14776",2,5,7,5
"14777",6,5,11,9
"14778",7,18,25,22
"14779",5,17,22,18
"14780",2,1,3,2
"14781",1,8,9,8
"14782",1,10,11,10
"14783",2,29,31,30
"14784",2,32,34,32
"14785",9,14,23,18
"14786",1,2,3,2
"14787",1,10,11,10
"14788",3,5,8,6
"14789",3,2,5,4
"14790",2,6,8,6
"14791",3,1,4,3
"14792",2,7,9,7
"14793",1,23,24,23
"14794",3,18,21,18
"14795",1,1,2,1
"14796",1,3,4,3
"14797",3,11,14,13
"14798",2,2,4,3
"14799",2,4,6,5
"14800",1,18,19,18
"14801",3,5,8,5
"14802",4,13,17,14
"14803",1,4,5,4
"14804",1,2,3,2
"14805",1,4,5,4
"14806",5,3,8,7
"14807",13,24,37,29
"14808",2,9,11,9
"14809",1,15,16,15
"14810",1,8,9,8
"14811",2,30,32,30
"14812",2,39,41,39
"14813",2,11,13,11
"14814",1,4,5,4
"14815",1,1,2,1
"14816",1,10,11,10
"14817",2,11,13,12
"14818",4,4,8,7
"14819",1,1,2,1
"14820",2,5,7,5
"14821",3,8,11,8
"14822",2,7,9,7
"14823",3,15,18,16
"14824",1,4,5,4
"14825",1,3,4,3
"14826",5,6,11,9
"14827",1,13,14,13
"14828",2,21,23,21
"14829",1,7,8,7
"14830",1,1,2,1
"14831",2,2,4,3
"14832",1,1,2,1
"14833",4,13,17,15
"14834",1,7,8,7
"14835",2,12,14,13
"14836",1,5,6,5
"14837",3,30,33,31
"14838",2,19,21,20
"14839",2,4,6,5
"14840",3,2,5,4
"14841",2,1,3,2
"14842",2,9,11,9
"14843",5,2,7,6
"14844",2,9,11,10
"14845",4,24,28,25
"14846",1,3,4,3
"14847",2,12,14,13
"14848",1,18,19,18
"14849",2,9,11,10
"14850",3,24,27,24
"14851",3,10,13,12
"14852",1,8,9,8
"14853",4,11,15,13
"14854",5,18,23,20
"14855",2,7,9,8
"14856",1,11,12,11
"14857",1,1,2,1
"14858",2,2,4,3
"14859",2,9,11,9
"14860",1,1,2,1
"14861",4,8,12,11
"14862",1,1,2,1
"14863",1,26,27,26
"14864",1,1,2,1
"14865",4,4,8,7
"14866",2,15,17,16
"14867",2,8,10,8
"14868",1,17,18,17
"14869",13,5,18,15
"14870",3,3,6,5
"14871",2,12,14,12
"14872",2,23,25,24
"14873",2,8,10,9
"14874",9,21,30,29
"14875",3,21,24,23
"14876",2,8,10,9
"14877",2,8,10,8
"14878",6,16,22,20
"14879",2,2,4,2
"14880",2,7,9,8
"14881",11,42,53,49
"14882",5,16,21,20
"14883",1,54,55,54
"14884",1,6,7,6
"14885",1,15,16,15
"14886",2,20,22,20
"14887",1,20,21,20
"14888",2,15,17,16
"14889",2,16,18,17
"14890",2,7,9,7
"14891",1,7,8,7
"14892",1,13,14,13
"14893",14,38,52,43
"14894",1,12,13,12
"14895",1,5,6,5
"14896",1,5,6,5
"14897",2,8,10,8
"14898",3,27,30,27
"14899",1,15,16,15
"14900",1,10,11,10
"14901",3,4,7,6
"14902",1,1,2,1
"14903",1,7,8,7
"14904",2,5,7,5
"14905",3,30,33,31
"14906",1,12,13,12
"14907",2,4,6,5
"14908",2,13,15,14
"14909",2,12,14,13
"14910",1,7,8,7
"14911",1,12,13,12
"14912",2,2,4,2
"14913",1,3,4,3
"14914",1,5,6,5
"14915",1,4,5,4
"14916",1,3,4,3
"14917",1,13,14,13
"14918",5,11,16,12
"14919",2,19,21,19
"14920",1,5,6,5
"14921",1,13,14,13
"14922",2,4,6,5
"14923",4,14,18,16
"14924",1,3,4,3
"14925",3,5,8,7
"14926",3,14,17,14
"14927",3,6,9,6
"14928",2,8,10,9
"14929",1,8,9,8
"14930",1,1,2,1
"14931",1,4,5,4
"14932",1,1,2,1
"14933",1,12,13,12
"14934",1,2,3,2
"14935",3,4,7,5
"14936",3,8,11,10
"14937",2,7,9,8
"14938",1,39,40,39
"14939",2,9,11,10
"14940",1,8,9,8
"14941",2,14,16,15
"14942",2,10,12,10
"14943",2,10,12,10
"14944",1,4,5,4
"14945",1,4,5,4
"14946",1,3,4,3
"14947",7,40,47,46
"14948",2,5,7,6
"14949",1,5,6,5
"14950",10,19,29,20
"14951",9,9,18,9
"14952",1,3,4,3
"14953",2,17,19,17
"14954",1,1,2,1
"14955",2,35,37,35
"14956",3,10,13,12
"14957",5,5,10,5
"14958",1,17,18,17
"14959",1,6,7,6
"14960",4,4,8,6
"14961",1,4,5,4
"14962",1,2,3,2
"14963",1,7,8,7
"14964",3,32,35,32
"14965",2,6,8,7
"14966",3,57,60,58
"14967",3,15,18,15
"14968",1,4,5,4
"14969",7,17,24,18
"14970",2,12,14,13
"14971",1,9,10,9
"14972",1,1,2,1
"14973",2,4,6,5
"14974",2,11,13,11
"14975",1,5,6,5
"14976",3,6,9,7
"14977",3,3,6,5
"14978",2,4,6,4
"14979",1,8,9,8
"14980",1,8,9,8
"14981",2,20,22,20
"14982",5,6,11,8
"14983",1,11,12,11
"14984",1,22,23,22
"14985",1,11,12,11
"14986",1,8,9,8
"14987",1,18,19,18
"14988",4,13,17,13
"14989",1,2,3,2
"14990",3,3,6,4
"14991",1,10,11,10
"14992",2,6,8,7
"14993",2,15,17,15
"14994",1,6,7,6
"14995",3,8,11,8
"14996",2,11,13,12
"14997",1,9,10,9
"14998",5,12,17,13
"14999",2,18,20,18
"15000",2,5,7,5
"15001",2,12,14,12
"15002",1,1,2,1
"15003",3,12,15,12
"15004",3,16,19,17
"15005",5,28,33,31
"15006",2,3,5,3
"15007",1,5,6,5
"15008",3,9,12,11
"15009",2,7,9,7
"15010",2,18,20,18
"15011",1,2,3,2
"15012",1,5,6,5
"15013",3,6,9,6
"15014",2,5,7,5
"15015",2,30,32,31
"15016",1,1,2,1
"15017",2,7,9,8
"15018",1,3,4,3
"15019",3,5,8,7
"15020",3,12,15,13
"15021",1,13,14,13
"15022",1,7,8,7
"15023",4,13,17,15
"15024",3,7,10,9
"15025",3,15,18,16
"15026",2,4,6,4
"15027",6,5,11,9
"15028",1,8,9,8
"15029",1,3,4,3
"15030",2,33,35,34
"15031",1,3,4,3
"15032",2,2,4,3
"15033",2,7,9,7
"15034",2,20,22,20
"15035",1,3,4,3
"15036",1,1,2,1
"15037",1,14,15,14
"15038",1,2,3,2
"15039",4,45,49,47
"15040",2,1,3,2
"15041",1,18,19,18
"15042",3,3,6,4
"15043",1,1,2,1
"15044",5,22,27,26
"15045",1,13,14,13
"15046",1,1,2,1
"15047",2,1,3,2
"15048",12,12,24,23
"15049",3,5,8,6
"15050",1,1,2,1
"15051",1,6,7,6
"15052",2,18,20,19
"15053",1,2,3,2
"15054",1,3,4,3
"15055",2,9,11,10
"15056",4,11,15,13
"15057",1,4,5,4
"15058",2,3,5,3
"15059",4,35,39,38
"15060",1,3,4,3
"15061",7,21,28,25
"15062",1,3,4,3
"15063",2,35,37,36
"15064",1,2,3,2
"15065",1,3,4,3
"15066",2,11,13,12
"15067",2,3,5,4
"15068",2,1,3,2
"15069",2,6,8,6
"15070",1,4,5,4
"15071",1,6,7,6
"15072",6,10,16,13
"15073",1,8,9,8
"15074",6,7,13,9
"15075",3,2,5,4
"15076",7,19,26,19
"15077",4,14,18,17
"15078",2,3,5,3
"15079",2,11,13,12
"15080",2,5,7,6
"15081",2,24,26,25
"15082",2,11,13,11
"15083",3,5,8,7
"15084",2,10,12,10
"15085",1,4,5,4
"15086",1,2,3,2
"15087",1,2,3,2
"15088",1,3,4,3
"15089",2,16,18,17
"15090",5,18,23,21
"15091",3,34,37,35
"15092",4,1,5,4
"15093",6,14,20,16
"15094",3,23,26,24
"15095",1,2,3,2
"15096",7,28,35,33
"15097",2,20,22,20
"15098",1,7,8,7
"15099",1,5,6,5
"15100",1,9,10,9
"15101",3,22,25,24
"15102",1,3,4,3
"15103",3,12,15,13
"15104",1,6,7,6
"15105",1,9,10,9
"15106",16,54,70,54
"15107",1,3,4,3
"15108",4,7,11,9
"15109",2,6,8,6
"15110",2,6,8,7
"15111",1,1,2,1
"15112",1,4,5,4
"15113",1,15,16,15
"15114",6,5,11,9
"15115",10,29,39,36
"15116",1,14,15,14
"15117",1,12,13,12
"15118",1,10,11,10
"15119",2,6,8,6
"15120",2,12,14,12
"15121",5,5,10,5
"15122",1,1,2,1
"15123",4,13,17,16
"15124",1,4,5,4
"15125",3,34,37,35
"15126",1,18,19,18
"15127",1,3,4,3
"15128",1,6,7,6
"15129",3,2,5,4
"15130",2,15,17,15
"15131",1,13,14,13
"15132",1,5,6,5
"15133",1,16,17,16
"15134",1,4,5,4
"15135",8,34,42,36
"15136",1,5,6,5
"15137",1,5,6,5
"15138",1,1,2,1
"15139",1,6,7,6
"15140",2,2,4,2
"15141",5,6,11,10
"15142",1,10,11,10
"15143",2,10,12,10
"15144",2,6,8,6
"15145",1,13,14,13
"15146",3,20,23,20
"15147",1,10,11,10
"15148",7,10,17,13
"15149",1,1,2,1
"15150",3,40,43,41
"15151",1,8,9,8
"15152",3,2,5,3
"15153",1,10,11,10
"15154",6,3,9,8
"15155",1,2,3,2
"15156",1,6,7,6
"15157",5,21,26,23
"15158",2,3,5,3
"15159",1,4,5,4
"15160",6,57,63,57
"15161",5,8,13,11
"15162",1,7,8,7
"15163",1,18,19,18
"15164",2,3,5,3
"15165",2,37,39,37
"15166",1,6,7,6
"15167",1,20,21,20
"15168",1,6,7,6
"15169",2,4,6,5
"15170",2,9,11,10
"15171",5,13,18,13
"15172",1,24,25,24
"15173",2,3,5,4
"15174",1,1,2,1
"15175",1,6,7,6
"15176",1,5,6,5
"15177",2,13,15,13
"15178",1,8,9,8
"15179",10,25,35,30
"15180",6,57,63,57
"15181",2,3,5,4
"15182",2,5,7,6
"15183",1,3,4,3
"15184",5,12,17,15
"15185",1,16,17,16
"15186",1,19,20,19
"15187",3,4,7,6
"15188",1,1,2,1
"15189",1,6,7,6
"15190",1,5,6,5
"15191",1,3,4,3
"15192",2,1,3,2
"15193",1,2,3,2
"15194",1,8,9,8
"15195",2,3,5,3
"15196",1,6,7,6
"15197",3,4,7,5
"15198",1,4,5,4
"15199",3,14,17,14
"15200",1,14,15,14
"15201",1,5,6,5
"15202",3,5,8,7
"15203",2,2,4,3
"15204",2,12,14,12
"15205",2,17,19,17
"15206",1,1,2,1
"15207",5,6,11,8
"15208",1,8,9,8
"15209",3,5,8,7
"15210",1,22,23,22
"15211",2,15,17,15
"15212",8,28,36,32
"15213",6,4,10,9
"15214",1,4,5,4
"15215",2,23,25,24
"15216",7,27,34,32
"15217",2,28,30,28
"15218",8,2,10,8
"15219",1,1,2,1
"15220",1,4,5,4
"15221",1,3,4,3
"15222",6,35,41,35
"15223",1,1,2,1
"15224",1,1,2,1
"15225",1,1,2,1
"15226",1,12,13,12
"15227",1,15,16,15
"15228",2,4,6,4
"15229",4,27,31,27
"15230",2,5,7,6
"15231",1,4,5,4
"15232",4,10,14,13
"15233",1,1,2,1
"15234",2,13,15,14
"15235",2,4,6,5
"15236",6,15,21,18
"15237",2,3,5,3
"15238",1,1,2,1
"15239",1,9,10,9
"15240",2,11,13,11
"15241",8,14,22,20
"15242",2,37,39,37
"15243",5,10,15,12
"15244",2,16,18,16
"15245",1,21,22,21
"15246",3,9,12,10
"15247",3,5,8,7
"15248",1,11,12,11
"15249",4,7,11,7
"15250",4,4,8,7
"15251",1,10,11,10
"15252",1,2,3,2
"15253",7,15,22,19
"15254",4,4,8,7
"15255",2,26,28,27
"15256",1,5,6,5
"15257",1,9,10,9
"15258",2,9,11,10
"15259",1,3,4,3
"15260",1,14,15,14
"15261",2,8,10,9
"15262",1,27,28,27
"15263",2,1,3,2
"15264",5,1,6,5
"15265",6,6,12,9
"15266",3,5,8,6
"15267",2,3,5,3
"15268",1,7,8,7
"15269",10,21,31,24
"15270",5,11,16,15
"15271",6,11,17,16
"15272",2,8,10,8
"15273",1,15,16,15
"15274",4,16,20,17
"15275",1,34,35,34
"15276",2,6,8,6
"15277",1,3,4,3
"15278",1,3,4,3
"15279",2,3,5,4
"15280",1,1,2,1
"15281",1,4,5,4
"15282",1,1,2,1
"15283",6,2,8,6
"15284",1,38,39,38
"15285",4,13,17,16
"15286",2,26,28,26
"15287",3,34,37,34
"15288",2,10,12,10
"15289",1,7,8,7
"15290",1,1,2,1
"15291",4,4,8,6
"15292",1,5,6,5
"15293",1,2,3,2
"15294",1,5,6,5
"15295",1,9,10,9
"15296",2,7,9,7
"15297",1,14,15,14
"15298",4,9,13,10
"15299",3,3,6,5
"15300",1,5,6,5
"15301",1,4,5,4
"15302",3,23,26,25
"15303",2,24,26,24
"15304",2,8,10,9
"15305",1,1,2,1
"15306",5,2,7,5
"15307",2,17,19,18
"15308",1,6,7,6
"15309",1,5,6,5
"15310",3,4,7,6
"15311",1,2,3,2
"15312",1,8,9,8
"15313",2,17,19,17
"15314",1,16,17,16
"15315",2,6,8,6
"15316",3,2,5,3
"15317",2,10,12,11
"15318",1,21,22,21
"15319",1,8,9,8
"15320",1,25,26,25
"15321",5,4,9,5
"15322",2,9,11,9
"15323",6,4,10,9
"15324",1,3,4,3
"15325",4,1,5,4
"15326",1,11,12,11
"15327",4,18,22,20
"15328",4,4,8,6
"15329",2,16,18,16
"15330",1,10,11,10
"15331",1,25,26,25
"15332",1,1,2,1
"15333",1,5,6,5
"15334",1,9,10,9
"15335",3,3,6,5
"15336",1,12,13,12
"15337",1,1,2,1
"15338",2,22,24,22
"15339",1,1,2,1
"15340",1,2,3,2
"15341",1,3,4,3
"15342",6,2,8,6
"15343",1,2,3,2
"15344",8,11,19,18
"15345",1,2,3,2
"15346",3,9,12,11
"15347",1,36,37,36
"15348",1,1,2,1
"15349",2,5,7,6
"15350",1,2,3,2
"15351",3,3,6,3
"15352",1,5,6,5
"15353",5,42,47,42
"15354",6,4,10,8
"15355",3,2,5,4
"15356",3,13,16,13
"15357",1,10,11,10
"15358",1,15,16,15
"15359",1,3,4,3
"15360",1,8,9,8
"15361",4,7,11,9
"15362",1,8,9,8
"15363",2,10,12,11
"15364",4,16,20,18
"15365",2,16,18,16
"15366",7,12,19,15
"15367",3,3,6,5
"15368",1,2,3,2
"15369",1,6,7,6
"15370",1,11,12,11
"15371",4,4,8,7
"15372",3,17,20,17
"15373",4,19,23,22
"15374",1,1,2,1
"15375",9,18,27,23
"15376",1,11,12,11
"15377",1,2,3,2
"15378",2,3,5,3
"15379",1,8,9,8
"15380",10,1,11,10
"15381",3,18,21,20
"15382",1,13,14,13
"15383",2,4,6,4
"15384",2,5,7,5
"15385",1,2,3,2
"15386",2,81,83,81
"15387",4,17,21,17
"15388",1,5,6,5
"15389",1,8,9,8
"15390",2,6,8,6
"15391",2,17,19,18
"15392",3,12,15,13
"15393",1,9,10,9
"15394",1,8,9,8
"15395",2,32,34,32
"15396",1,5,6,5
"15397",1,1,2,1
"15398",1,15,16,15
"15399",7,11,18,14
"15400",1,10,11,10
"15401",1,2,3,2
"15402",1,38,39,38
"15403",4,7,11,10
"15404",1,3,4,3
"15405",1,10,11,10
"15406",2,10,12,10
"15407",2,15,17,16
"15408",1,6,7,6
"15409",1,4,5,4
"15410",1,22,23,22
"15411",2,13,15,14
"15412",1,25,26,25
"15413",1,2,3,2
"15414",1,3,4,3
"15415",12,176,188,183
"15416",3,15,18,15
"15417",1,2,3,2
"15418",2,1,3,2
"15419",2,12,14,12
"15420",2,22,24,23
"15421",1,9,10,9
"15422",3,10,13,12
"15423",1,7,8,7
"15424",10,18,28,24
"15425",1,5,6,5
"15426",4,22,26,24
"15427",2,5,7,6
"15428",1,3,4,3
"15429",2,6,8,6
"15430",1,2,3,2
"15431",4,2,6,5
"15432",2,2,4,3
"15433",2,5,7,6
"15434",11,23,34,23
"15435",2,12,14,12
"15436",3,30,33,31
"15437",2,17,19,18
"15438",1,2,3,2
"15439",1,6,7,6
"15440",1,6,7,6
"15441",5,40,45,41
"15442",2,3,5,3
"15443",2,14,16,14
"15444",1,3,4,3
"15445",1,1,2,1
"15446",12,7,19,16
"15447",2,19,21,20
"15448",1,3,4,3
"15449",2,12,14,12
"15450",7,8,15,8
"15451",2,11,13,11
"15452",4,16,20,18
"15453",1,1,2,1
"15454",1,6,7,6
"15455",1,3,4,3
"15456",1,1,2,1
"15457",1,4,5,4
"15458",1,3,4,3
"15459",1,1,2,1
"15460",3,4,7,6
"15461",1,4,5,4
"15462",1,10,11,10
"15463",3,14,17,14
"15464",1,2,3,2
"15465",12,5,17,16
"15466",1,4,5,4
"15467",1,2,3,2
"15468",1,14,15,14
"15469",1,12,13,12
"15470",1,32,33,32
"15471",2,24,26,24
"15472",4,1,5,4
"15473",3,5,8,6
"15474",3,12,15,14
"15475",5,32,37,34
"15476",1,3,4,3
"15477",6,14,20,17
"15478",1,2,3,2
"15479",1,3,4,3
"15480",1,22,23,22
"15481",2,36,38,36
"15482",1,28,29,28
"15483",3,22,25,22
"15484",3,3,6,5
"15485",6,6,12,6
"15486",2,4,6,5
"15487",1,27,28,27
"15488",5,3,8,7
"15489",1,1,2,1
"15490",1,9,10,9
"15491",7,6,13,12
"15492",1,15,16,15
"15493",2,8,10,9
"15494",3,18,21,20
"15495",1,9,10,9
"15496",2,3,5,3
"15497",2,11,13,11
"15498",1,10,11,10
"15499",3,7,10,7
"15500",1,4,5,4
"15501",2,14,16,15
"15502",3,1,4,3
"15503",4,9,13,12
"15504",1,5,6,5
"15505",5,3,8,7
"15506",2,6,8,7
"15507",12,2,14,13
"15508",1,10,11,10
"15509",1,6,7,6
"15510",2,4,6,5
"15511",1,2,3,2
"15512",1,5,6,5
"15513",2,4,6,4
"15514",1,7,8,7
"15515",3,16,19,17
"15516",5,10,15,13
"15517",6,21,27,26
"15518",5,28,33,32
"15519",1,38,39,38
"15520",4,12,16,15
"15521",1,44,45,44
"15522",2,10,12,10
"15523",2,4,6,4
"15524",3,20,23,21
"15525",2,3,5,4
"15526",3,6,9,8
"15527",2,6,8,6
"15528",1,8,9,8
"15529",1,5,6,5
"15530",6,23,29,26
"15531",2,10,12,10
"15532",2,5,7,5
"15533",1,1,2,1
"15534",5,2,7,5
"15535",1,19,20,19
"15536",1,17,18,17
"15537",3,21,24,22
"15538",1,7,8,7
"15539",2,12,14,12
"15540",3,16,19,16
"15541",6,32,38,32
"15542",3,32,35,33
"15543",3,5,8,7
"15544",2,14,16,15
"15545",4,10,14,12
"15546",4,1,5,4
"15547",1,4,5,4
"15548",1,4,5,4
"15549",2,19,21,20
"15550",4,16,20,18
"15551",1,3,4,3
"15552",1,36,37,36
"15553",1,1,2,1
"15554",5,11,16,14
"15555",1,7,8,7
"15556",10,18,28,23
"15557",1,23,24,23
"15558",3,9,12,10
"15559",1,17,18,17
"15560",2,4,6,4
"15561",1,10,11,10
"15562",1,6,7,6
"15563",2,2,4,2
"15564",2,4,6,5
"15565",1,3,4,3
"15566",1,12,13,12
"15567",1,8,9,8
"15568",1,3,4,3
"15569",1,6,7,6
"15570",6,6,12,10
"15571",1,3,4,3
"15572",2,6,8,6
"15573",1,20,21,20
"15574",1,9,10,9
"15575",4,9,13,11
"15576",1,38,39,38
"15577",1,14,15,14
"15578",1,20,21,20
"15579",3,8,11,8
"15580",5,13,18,17
"15581",2,18,20,18
"15582",3,6,9,7
"15583",2,5,7,5
"15584",2,31,33,31
"15585",2,11,13,12
"15586",32,1,33,32
"15587",3,12,15,14
"15588",3,6,9,7
"15589",3,6,9,8
"15590",1,19,20,19
"15591",1,1,2,1
"15592",7,51,58,55
"15593",1,6,7,6
"15594",2,11,13,12
"15595",1,1,2,1
"15596",7,3,10,9
"15597",4,26,30,29
"15598",1,5,6,5
"15599",3,22,25,23
"15600",1,23,24,23
"15601",1,9,10,9
"15602",1,2,3,2
"15603",3,5,8,6
"15604",1,30,31,30
"15605",2,7,9,7
"15606",1,7,8,7
"15607",1,3,4,3
"15608",4,5,9,7
"15609",2,12,14,13
"15610",4,6,10,7
"15611",1,12,13,12
"15612",1,3,4,3
"15613",2,8,10,9
"15614",1,10,11,10
"15615",2,7,9,7
"15616",2,35,37,36
"15617",3,6,9,6
"15618",3,9,12,10
"15619",1,3,4,3
"15620",4,3,7,5
"15621",1,3,4,3
"15622",2,2,4,3
"15623",1,4,5,4
"15624",2,7,9,7
"15625",11,11,22,20
"15626",1,1,2,1
"15627",2,2,4,3
"15628",7,14,21,18
"15629",1,3,4,3
"15630",5,42,47,46
"15631",5,22,27,24
"15632",1,2,3,2
"15633",1,9,10,9
"15634",1,31,32,31
"15635",2,11,13,11
"15636",1,4,5,4
"15637",3,9,12,11
"15638",1,6,7,6
"15639",2,3,5,3
"15640",1,6,7,6
"15641",1,1,2,1
"15642",2,2,4,3
"15643",1,9,10,9
"15644",7,29,36,34
"15645",1,1,2,1
"15646",5,60,65,62
"15647",3,5,8,6
"15648",1,5,6,5
"15649",2,18,20,19
"15650",2,30,32,31
"15651",2,14,16,14
"15652",3,19,22,21
"15653",4,4,8,7
"15654",3,7,10,8
"15655",1,8,9,8
"15656",3,12,15,13
"15657",5,27,32,28
"15658",4,4,8,7
"15659",2,15,17,15
"15660",5,7,12,10
"15661",4,10,14,11
"15662",1,24,25,24
"15663",3,8,11,10
"15664",3,5,8,5
"15665",2,22,24,22
"15666",2,31,33,32
"15667",1,15,16,15
"15668",1,5,6,5
"15669",1,7,8,7
"15670",1,4,5,4
"15671",3,28,31,29
"15672",4,18,22,20
"15673",3,7,10,8
"15674",1,4,5,4
"15675",1,8,9,8
"15676",2,7,9,7
"15677",2,38,40,39
"15678",4,25,29,26
"15679",1,15,16,15
"15680",1,7,8,7
"15681",5,5,10,9
"15682",9,3,12,11
"15683",9,35,44,38
"15684",1,3,4,3
"15685",2,3,5,3
"15686",1,31,32,31
"15687",1,3,4,3
"15688",1,7,8,7
"15689",4,13,17,14
"15690",2,1,3,2
"15691",1,9,10,9
"15692",4,29,33,31
"15693",1,2,3,2
"15694",1,5,6,5
"15695",2,7,9,7
"15696",1,1,2,1
"15697",1,6,7,6
"15698",1,12,13,12
"15699",2,2,4,2
"15700",1,1,2,1
"15701",1,5,6,5
"15702",1,14,15,14
"15703",3,27,30,28
"15704",6,7,13,9
"15705",3,15,18,15
"15706",3,18,21,20
"15707",2,8,10,9
"15708",2,13,15,13
"15709",2,12,14,13
"15710",5,3,8,7
"15711",2,2,4,2
"15712",3,4,7,4
"15713",1,9,10,9
"15714",1,3,4,3
"15715",1,3,4,3
"15716",1,2,3,2
"15717",6,1,7,6
"15718",9,1,10,9
"15719",2,32,34,32
"15720",1,8,9,8
"15721",9,9,18,9
"15722",3,4,7,5
"15723",2,7,9,8
"15724",1,1,2,1
"15725",4,6,10,7
"15726",1,2,3,2
"15727",3,14,17,15
"15728",3,6,9,8
"15729",1,15,16,15
"15730",1,3,4,3
"15731",1,2,3,2
"15732",2,2,4,3
"15733",1,7,8,7
"15734",2,34,36,34
"15735",1,3,4,3
"15736",1,3,4,3
"15737",6,8,14,13
"15738",6,20,26,22
"15739",1,1,2,1
"15740",2,18,20,18
"15741",1,5,6,5
"15742",4,14,18,16
"15743",5,11,16,14
"15744",2,31,33,31
"15745",2,38,40,39
"15746",1,2,3,2
"15747",1,4,5,4
"15748",2,34,36,34
"15749",2,21,23,21
"15750",1,3,4,3
"15751",1,2,3,2
"15752",4,18,22,20
"15753",2,11,13,11
"15754",2,3,5,4
"15755",1,8,9,8
"15756",2,7,9,8
"15757",1,14,15,14
"15758",2,21,23,22
"15759",1,12,13,12
"15760",2,1,3,2
"15761",2,19,21,20
"15762",1,8,9,8
"15763",1,5,6,5
"15764",1,6,7,6
"15765",1,1,2,1
"15766",3,22,25,24
"15767",2,1,3,2
"15768",4,3,7,6
"15769",6,32,38,32
"15770",3,22,25,24
"15771",2,10,12,11
"15772",3,8,11,10
"15773",1,1,2,1
"15774",2,66,68,66
"15775",3,176,179,176
"15776",1,8,9,8
"15777",1,2,3,2
"15778",1,5,6,5
"15779",2,45,47,46
"15780",1,10,11,10
"15781",3,14,17,15
"15782",3,7,10,8
"15783",6,1,7,6
"15784",1,3,4,3
"15785",6,9,15,13
"15786",1,7,8,7
"15787",1,12,13,12
"15788",4,24,28,24
"15789",2,20,22,20
"15790",11,9,20,15
"15791",1,2,3,2
"15792",1,1,2,1
"15793",1,5,6,5
"15794",1,3,4,3
"15795",1,10,11,10
"15796",1,1,2,1
"15797",1,4,5,4
"15798",2,18,20,19
"15799",5,7,12,11
"15800",1,10,11,10
"15801",1,6,7,6
"15802",1,1,2,1
"15803",3,15,18,16
"15804",1,4,5,4
"15805",1,15,16,15
"15806",3,10,13,10
"15807",2,7,9,8
"15808",1,2,3,2
"15809",4,5,9,7
"15810",1,5,6,5
"15811",12,176,188,183
"15812",1,3,4,3
"15813",2,4,6,5
"15814",1,1,2,1
"15815",2,13,15,13
"15816",2,16,18,17
"15817",3,45,48,47
"15818",7,11,18,17
"15819",1,22,23,22
"15820",1,8,9,8
"15821",1,2,3,2
"15822",3,1,4,3
"15823",1,4,5,4
"15824",3,12,15,13
"15825",1,3,4,3
"15826",3,9,12,11
"15827",1,7,8,7
"15828",2,12,14,12
"15829",1,2,3,2
"15830",2,11,13,12
"15831",7,14,21,17
"15832",1,20,21,20
"15833",1,2,3,2
"15834",2,5,7,6
"15835",4,11,15,11
"15836",2,26,28,26
"15837",1,1,2,1
"15838",2,5,7,6
"15839",1,1,2,1
"15840",1,3,4,3
"15841",1,3,4,3
"15842",1,10,11,10
"15843",3,3,6,3
"15844",1,2,3,2
"15845",11,13,24,23
"15846",1,3,4,3
"15847",2,8,10,8
"15848",1,6,7,6
"15849",1,11,12,11
"15850",6,11,17,16
"15851",3,3,6,5
"15852",1,34,35,34
"15853",1,25,26,25
"15854",2,15,17,15
"15855",1,16,17,16
"15856",1,6,7,6
"15857",7,13,20,18
"15858",4,16,20,17
"15859",1,1,2,1
"15860",1,4,5,4
"15861",2,2,4,2
"15862",1,2,3,2
"15863",1,2,3,2
"15864",1,5,6,5
"15865",1,5,6,5
"15866",4,14,18,14
"15867",1,35,36,35
"15868",1,1,2,1
"15869",1,17,18,17
"15870",2,3,5,3
"15871",6,6,12,11
"15872",3,2,5,4
"15873",1,9,10,9
"15874",2,6,8,7
"15875",1,1,2,1
"15876",2,13,15,14
"15877",1,3,4,3
"15878",2,6,8,6
"15879",2,8,10,9
"15880",1,3,4,3
"15881",2,22,24,23
"15882",2,8,10,8
"15883",7,51,58,55
"15884",1,6,7,6
"15885",6,8,14,9
"15886",7,14,21,15
"15887",1,9,10,9
"15888",5,10,15,14
"15889",1,5,6,5
"15890",2,6,8,6
"15891",1,6,7,6
"15892",1,10,11,10
"15893",1,11,12,11
"15894",2,4,6,4
"15895",5,31,36,32
"15896",5,39,44,42
"15897",2,14,16,15
"15898",2,45,47,46
"15899",1,7,8,7
"15900",1,1,2,1
"15901",1,1,2,1
"15902",1,6,7,6
"15903",1,18,19,18
"15904",11,14,25,21
"15905",6,9,15,11
"15906",4,12,16,13
"15907",1,11,12,11
"15908",5,12,17,15
"15909",3,18,21,18
"15910",2,9,11,10
"15911",1,4,5,4
"15912",1,12,13,12
"15913",1,6,7,6
"15914",2,5,7,6
"15915",3,34,37,35
"15916",5,9,14,12
"15917",1,3,4,3
"15918",3,4,7,5
"15919",1,32,33,32
"15920",4,29,33,32
"15921",1,3,4,3
"15922",2,4,6,5
"15923",1,4,5,4
"15924",5,4,9,8
"15925",1,16,17,16
"15926",4,15,19,17
"15927",8,9,17,13
"15928",2,2,4,2
"15929",5,19,24,20
"15930",1,4,5,4
"15931",2,29,31,30
"15932",1,1,2,1
"15933",1,6,7,6
"15934",1,1,2,1
"15935",5,35,40,38
"15936",1,4,5,4
"15937",1,2,3,2
"15938",6,39,45,43
"15939",1,5,6,5
"15940",4,19,23,20
"15941",4,35,39,36
"15942",4,21,25,24
"15943",1,9,10,9
"15944",1,4,5,4
"15945",2,9,11,10
"15946",3,17,20,17
"15947",1,4,5,4
"15948",7,12,19,13
"15949",4,14,18,16
"15950",2,21,23,22
"15951",1,2,3,2
"15952",1,4,5,4
"15953",1,3,4,3
"15954",2,6,8,6
"15955",1,8,9,8
"15956",9,15,24,17
"15957",2,7,9,7
"15958",1,4,5,4
"15959",1,7,8,7
"15960",2,42,44,42
"15961",2,14,16,15
"15962",4,25,29,25
"15963",1,2,3,2
"15964",1,4,5,4
"15965",14,22,36,32
"15966",2,15,17,15
"15967",2,21,23,22
"15968",8,44,52,50
"15969",1,8,9,8
"15970",1,2,3,2
"15971",6,18,24,22
"15972",2,176,178,177
"15973",1,9,10,9
"15974",2,2,4,2
"15975",4,23,27,24
"15976",2,10,12,10
"15977",6,21,27,22
"15978",1,20,21,20
"15979",2,25,27,26
"15980",2,3,5,3
"15981",1,15,16,15
"15982",1,1,2,1
"15983",2,3,5,4
"15984",1,6,7,6
"15985",2,5,7,5
"15986",2,5,7,6
"15987",3,5,8,5
"15988",1,2,3,2
"15989",2,42,44,42
"15990",1,1,2,1
"15991",2,11,13,12
"15992",3,14,17,14
"15993",2,4,6,4
"15994",3,3,6,3
"15995",3,18,21,20
"15996",2,7,9,8
"15997",2,6,8,6
"15998",1,2,3,2
"15999",1,3,4,3
"16000",3,7,10,7
"16001",2,25,27,26
"16002",3,10,13,11
"16003",1,6,7,6
"16004",1,33,34,33
"16005",7,2,9,8
"16006",2,10,12,10
"16007",5,23,28,27
"16008",1,3,4,3
"16009",1,8,9,8
"16010",4,2,6,4
"16011",2,8,10,8
"16012",4,20,24,22
"16013",1,7,8,7
"16014",1,9,10,9
"16015",1,7,8,7
"16016",1,11,12,11
"16017",3,12,15,14
"16018",1,14,15,14
"16019",2,10,12,11
"16020",5,30,35,32
"16021",1,3,4,3
"16022",1,10,11,10
"16023",1,16,17,16
"16024",3,7,10,9
"16025",2,36,38,37
"16026",3,12,15,13
"16027",2,8,10,8
"16028",6,6,12,6
"16029",4,27,31,30
"16030",4,15,19,15
"16031",1,4,5,4
"16032",1,4,5,4
"16033",1,16,17,16
"16034",2,3,5,4
"16035",6,57,63,57
"16036",1,7,8,7
"16037",1,7,8,7
"16038",1,9,10,9
"16039",2,12,14,13
"16040",1,5,6,5
"16041",1,2,3,2
"16042",1,3,4,3
"16043",3,10,13,11
"16044",1,4,5,4
"16045",1,24,25,24
"16046",1,2,3,2
"16047",3,7,10,8
"16048",1,8,9,8
"16049",2,11,13,12
"16050",4,34,38,37
"16051",2,6,8,6
"16052",5,1,6,5
"16053",1,2,3,2
"16054",5,21,26,23
"16055",1,5,6,5
"16056",2,10,12,10
"16057",2,5,7,6
"16058",3,11,14,13
"16059",1,2,3,2
"16060",4,5,9,7
"16061",2,10,12,10
"16062",1,4,5,4
"16063",4,3,7,5
"16064",1,13,14,13
"16065",1,6,7,6
"16066",1,29,30,29
"16067",15,1,16,15
"16068",2,9,11,9
"16069",1,3,4,3
"16070",1,13,14,13
"16071",1,5,6,5
"16072",1,2,3,2
"16073",1,7,8,7
"16074",2,41,43,42
"16075",2,2,4,3
"16076",20,35,55,54
"16077",1,2,3,2
"16078",1,5,6,5
"16079",1,2,3,2
"16080",2,3,5,3
"16081",3,17,20,19
"16082",2,7,9,7
"16083",5,25,30,27
"16084",4,11,15,12
"16085",2,9,11,10
"16086",2,9,11,10
"16087",2,11,13,12
"16088",1,9,10,9
"16089",1,3,4,3
"16090",1,2,3,2
"16091",1,1,2,1
"16092",4,4,8,4
"16093",1,16,17,16
"16094",2,4,6,5
"16095",3,13,16,13
"16096",1,18,19,18
"16097",1,2,3,2
"16098",7,9,16,11
"16099",1,3,4,3
"16100",1,8,9,8
"16101",1,4,5,4
"16102",1,8,9,8
"16103",3,8,11,8
"16104",1,18,19,18
"16105",2,42,44,43
"16106",2,9,11,9
"16107",2,1,3,2
"16108",1,2,3,2
"16109",2,6,8,7
"16110",2,4,6,4
"16111",2,6,8,6
"16112",1,4,5,4
"16113",5,11,16,13
"16114",6,2,8,7
"16115",16,1,17,16
"16116",2,21,23,21
"16117",1,10,11,10
"16118",1,9,10,9
"16119",1,16,17,16
"16120",4,11,15,12
"16121",1,29,30,29
"16122",3,7,10,8
"16123",1,22,23,22
"16124",2,6,8,6
"16125",1,6,7,6
"16126",4,16,20,18
"16127",1,1,2,1
"16128",4,5,9,7
"16129",29,6,35,31
"16130",7,20,27,23
"16131",1,15,16,15
"16132",5,16,21,17
"16133",2,9,11,9
"16134",1,9,10,9
"16135",2,14,16,15
"16136",1,2,3,2
"16137",3,15,18,15
"16138",2,6,8,6
"16139",3,13,16,13
"16140",2,4,6,4
"16141",2,4,6,5
"16142",4,11,15,11
"16143",4,9,13,9
"16144",1,20,21,20
"16145",1,8,9,8
"16146",3,2,5,4
"16147",1,1,2,1
"16148",2,3,5,3
"16149",1,24,25,24
"16150",7,1,8,7
"16151",1,8,9,8
"16152",2,11,13,12
"16153",3,12,15,12
"16154",1,7,8,7
"16155",1,7,8,7
"16156",4,6,10,7
"16157",2,1,3,2
"16158",10,6,16,14
"16159",2,13,15,13
"16160",4,2,6,5
"16161",1,13,14,13
"16162",1,6,7,6
"16163",1,15,16,15
"16164",1,3,4,3
"16165",5,6,11,10
"16166",5,2,7,6
"16167",2,8,10,8
"16168",1,4,5,4
"16169",1,7,8,7
"16170",1,8,9,8
"16171",4,6,10,9
"16172",1,2,3,2
"16173",1,4,5,4
"16174",2,23,25,23
"16175",1,1,2,1
"16176",4,10,14,13
"16177",1,5,6,5
"16178",1,1,2,1
"16179",1,1,2,1
"16180",1,2,3,2
"16181",1,12,13,12
"16182",1,7,8,7
"16183",1,1,2,1
"16184",1,13,14,13
"16185",8,29,37,34
"16186",1,1,2,1
"16187",1,9,10,9
"16188",3,1,4,3
"16189",1,3,4,3
"16190",1,8,9,8
"16191",3,6,9,8
"16192",5,14,19,14
"16193",1,3,4,3
"16194",9,9,18,9
"16195",2,15,17,15
"16196",1,3,4,3
"16197",2,6,8,6
"16198",2,4,6,5
"16199",4,12,16,14
"16200",1,24,25,24
"16201",4,1,5,4
"16202",1,1,2,1
"16203",2,12,14,12
"16204",3,2,5,4
"16205",2,2,4,2
"16206",5,7,12,10
"16207",1,4,5,4
"16208",1,17,18,17
"16209",1,4,5,4
"16210",1,4,5,4
"16211",3,18,21,18
"16212",6,14,20,17
"16213",1,6,7,6
"16214",2,30,32,30
"16215",6,15,21,18
"16216",1,1,2,1
"16217",6,3,9,8
"16218",2,4,6,5
"16219",3,8,11,10
"16220",2,8,10,9
"16221",3,26,29,26
"16222",3,15,18,17
"16223",1,14,15,14
"16224",5,5,10,8
"16225",2,19,21,20
"16226",2,6,8,7
"16227",2,8,10,9
"16228",1,12,13,12
"16229",3,2,5,3
"16230",3,34,37,35
"16231",3,13,16,14
"16232",2,14,16,15
"16233",2,7,9,7
"16234",1,2,3,2
"16235",1,3,4,3
"16236",28,7,35,34
"16237",1,2,3,2
"16238",1,4,5,4
"16239",1,11,12,11
"16240",4,10,14,11
"16241",1,4,5,4
"16242",2,6,8,7
"16243",2,1,3,2
"16244",4,24,28,25
"16245",1,22,23,22
"16246",1,4,5,4
"16247",5,30,35,32
"16248",1,1,2,1
"16249",3,25,28,27
"16250",1,22,23,22
"16251",1,12,13,12
"16252",12,176,188,183
"16253",1,17,18,17
"16254",2,3,5,4
"16255",1,5,6,5
"16256",4,1,5,4
"16257",2,6,8,6
"16258",2,19,21,19
"16259",1,14,15,14
"16260",1,3,4,3
"16261",7,26,33,32
"16262",5,4,9,8
"16263",3,7,10,7
"16264",1,5,6,5
"16265",1,6,7,6
"16266",2,10,12,10
"16267",1,11,12,11
"16268",3,7,10,8
"16269",13,13,26,25
"16270",1,20,21,20
"16271",1,32,33,32
"16272",3,2,5,4
"16273",2,7,9,8
"16274",1,2,3,2
"16275",2,14,16,14
"16276",1,20,21,20
"16277",1,3,4,3
"16278",1,3,4,3
"16279",2,14,16,14
"16280",5,17,22,18
"16281",2,8,10,8
"16282",4,16,20,18
"16283",1,11,12,11
"16284",1,3,4,3
"16285",2,3,5,4
"16286",1,1,2,1
"16287",4,35,39,36
"16288",1,1,2,1
"16289",1,1,2,1
"16290",4,16,20,19
"16291",5,5,10,9
"16292",1,3,4,3
"16293",1,6,7,6
"16294",1,3,4,3
"16295",1,35,36,35
"16296",4,9,13,12
"16297",1,2,3,2
"16298",1,4,5,4
"16299",2,9,11,9
"16300",5,30,35,31
"16301",1,11,12,11
"16302",3,10,13,11
"16303",2,9,11,9
"16304",2,5,7,5
"16305",2,4,6,5
"16306",8,1,9,8
"16307",3,3,6,3
"16308",7,1,8,7
"16309",22,22,44,22
"16310",1,25,26,25
"16311",2,10,12,10
"16312",2,16,18,16
"16313",2,18,20,19
"16314",14,38,52,43
"16315",1,1,2,1
"16316",3,6,9,7
"16317",12,16,28,22
"16318",1,14,15,14
"16319",11,12,23,22
"16320",1,12,13,12
"16321",1,8,9,8
"16322",1,6,7,6
"16323",2,6,8,6
"16324",2,10,12,11
"16325",4,28,32,30
"16326",1,4,5,4
"16327",5,1,6,5
"16328",1,4,5,4
"16329",1,7,8,7
"16330",1,1,2,1
"16331",3,17,20,17
"16332",1,3,4,3
"16333",1,11,12,11
"16334",1,26,27,26
"16335",4,6,10,9
"16336",3,7,10,8
"16337",1,6,7,6
"16338",1,24,25,24
"16339",7,16,23,21
"16340",3,10,13,10
"16341",1,6,7,6
"16342",1,13,14,13
"16343",1,4,5,4
"16344",1,1,2,1
"16345",1,3,4,3
"16346",1,2,3,2
"16347",2,53,55,54
"16348",5,3,8,7
"16349",2,3,5,4
"16350",1,1,2,1
"16351",3,1,4,3
"16352",2,8,10,8
"16353",1,7,8,7
"16354",2,5,7,5
"16355",1,1,2,1
"16356",1,1,2,1
"16357",1,8,9,8
"16358",13,9,22,21
"16359",1,4,5,4
"16360",9,18,27,23
"16361",4,18,22,19
"16362",9,9,18,9
"16363",20,13,33,31
"16364",10,4,14,11
"16365",1,2,3,2
"16366",4,20,24,20
"16367",1,25,26,25
"16368",3,5,8,6
"16369",3,13,16,14
"16370",2,60,62,61
"16371",2,4,6,4
"16372",2,9,11,9
"16373",2,31,33,31
"16374",1,15,16,15
"16375",1,5,6,5
"16376",2,12,14,12
"16377",8,20,28,27
"16378",5,15,20,17
"16379",4,81,85,82
"16380",1,12,13,12
"16381",1,10,11,10
"16382",4,6,10,6
"16383",8,2,10,8
"16384",1,14,15,14
"16385",3,8,11,10
"16386",1,3,4,3
"16387",1,4,5,4
"16388",1,1,2,1
"16389",1,10,11,10
"16390",1,5,6,5
"16391",1,1,2,1
"16392",3,7,10,8
"16393",6,7,13,12
"16394",1,11,12,11
"16395",1,6,7,6
"16396",5,6,11,9
"16397",5,6,11,8
"16398",4,1,5,4
"16399",1,13,14,13
"16400",4,32,36,34
"16401",9,35,44,38
"16402",4,33,37,35
"16403",2,6,8,6
"16404",1,4,5,4
"16405",1,5,6,5
"16406",1,3,4,3
"16407",1,4,5,4
"16408",2,14,16,14
"16409",1,8,9,8
"16410",3,13,16,15
"16411",2,5,7,6
"16412",6,14,20,14
"16413",4,1,5,4
"16414",7,17,24,21
"16415",1,6,7,6
"16416",2,6,8,7
"16417",5,45,50,49
"16418",1,5,6,5
"16419",1,26,27,26
"16420",1,4,5,4
"16421",2,16,18,17
"16422",3,14,17,15
"16423",2,10,12,10
"16424",1,7,8,7
"16425",3,11,14,13
"16426",3,15,18,16
"16427",1,40,41,40
"16428",2,14,16,14
"16429",1,10,11,10
"16430",18,7,25,23
"16431",1,5,6,5
"16432",1,8,9,8
"16433",3,12,15,12
"16434",1,2,3,2
"16435",1,4,5,4
"16436",1,4,5,4
"16437",2,3,5,3
"16438",2,6,8,7
"16439",3,3,6,3
"16440",1,3,4,3
"16441",3,15,18,15
"16442",10,22,32,28
"16443",1,1,2,1
"16444",1,6,7,6
"16445",2,3,5,4
"16446",1,1,2,1
"16447",3,26,29,27
"16448",3,6,9,7
"16449",1,1,2,1
"16450",1,5,6,5
"16451",2,2,4,3
"16452",3,9,12,10
"16453",1,4,5,4
"16454",2,3,5,3
"16455",3,17,20,18
"16456",2,7,9,7
"16457",1,27,28,27
"16458",4,34,38,35
"16459",1,39,40,39
"16460",4,20,24,23
"16461",2,17,19,17
"16462",5,14,19,16
"16463",1,3,4,3
"16464",1,27,28,27
"16465",3,3,6,5
"16466",3,6,9,6
"16467",2,1,3,2
"16468",2,18,20,18
"16469",9,1,10,9
"16470",1,9,10,9
"16471",3,32,35,33
"16472",3,37,40,38
"16473",2,13,15,14
"16474",8,9,17,16
"16475",3,13,16,14
"16476",2,9,11,9
"16477",1,21,22,21
"16478",1,10,11,10
"16479",3,42,45,43
"16480",1,2,3,2
"16481",11,4,15,13
"16482",1,13,14,13
"16483",2,8,10,9
"16484",1,3,4,3
"16485",1,43,44,43
"16486",10,1,11,10
"16487",9,13,22,21
"16488",4,1,5,4
"16489",5,21,26,25
"16490",6,15,21,20
"16491",17,2,19,18
"16492",3,8,11,10
"16493",2,4,6,4
"16494",2,10,12,10
"16495",10,6,16,15
"16496",5,28,33,29
"16497",2,4,6,5
"16498",2,1,3,2
"16499",1,11,12,11
"16500",1,10,11,10
"16501",2,1,3,2
"16502",4,11,15,14
"16503",1,20,21,20
"16504",1,9,10,9
"16505",3,3,6,5
"16506",6,8,14,12
"16507",2,11,13,11
"16508",2,26,28,27
"16509",2,1,3,2
"16510",1,7,8,7
"16511",1,4,5,4
"16512",3,21,24,21
"16513",7,5,12,11
"16514",1,13,14,13
"16515",2,6,8,7
"16516",12,28,40,36
"16517",2,16,18,17
"16518",6,32,38,36
"16519",1,2,3,2
"16520",1,4,5,4
"16521",2,36,38,37
"16522",1,2,3,2
"16523",1,7,8,7
"16524",4,15,19,15
"16525",2,11,13,12
"16526",2,24,26,25
"16527",3,17,20,17
"16528",1,10,11,10
"16529",1,10,11,10
"16530",1,5,6,5
"16531",7,6,13,10
"16532",1,30,31,30
"16533",2,17,19,17
"16534",1,5,6,5
"16535",2,11,13,12
"16536",2,9,11,10
"16537",7,7,14,7
"16538",2,1,3,2
"16539",1,8,9,8
"16540",3,1,4,3
"16541",4,6,10,9
"16542",1,1,2,1
"16543",2,10,12,10
"16544",1,51,52,51
"16545",2,2,4,3
"16546",2,3,5,4
"16547",1,35,36,35
"16548",10,3,13,12
"16549",2,2,4,3
"16550",5,16,21,20
"16551",5,4,9,8
"16552",2,4,6,5
"16553",2,10,12,11
"16554",3,6,9,8
"16555",1,20,21,20
"16556",2,7,9,8
"16557",2,5,7,5
"16558",1,5,6,5
"16559",3,5,8,5
"16560",1,9,10,9
"16561",2,10,12,10
"16562",2,10,12,11
"16563",5,2,7,6
"16564",25,44,69,67
"16565",2,1,3,2
"16566",3,8,11,8
"16567",4,18,22,21
"16568",2,18,20,18
"16569",3,176,179,177
"16570",1,3,4,3
"16571",1,19,20,19
"16572",1,7,8,7
"16573",5,4,9,8
"16574",2,1,3,2
"16575",1,19,20,19
"16576",1,2,3,2
"16577",1,3,4,3
"16578",1,13,14,13
"16579",3,19,22,20
"16580",5,5,10,9
"16581",1,1,2,1
"16582",12,18,30,25
"16583",1,10,11,10
"16584",2,4,6,5
"16585",6,6,12,8
"16586",1,8,9,8
"16587",1,9,10,9
"16588",3,8,11,8
"16589",1,10,11,10
"16590",5,81,86,82
"16591",2,9,11,10
"16592",1,3,4,3
"16593",1,3,4,3
"16594",2,12,14,13
"16595",1,1,2,1
"16596",2,9,11,9
"16597",2,3,5,4
"16598",1,4,5,4
"16599",1,1,2,1
"16600",9,9,18,9
"16601",3,5,8,5
"16602",3,14,17,15
"16603",1,3,4,3
"16604",1,10,11,10
"16605",2,11,13,11
"16606",2,9,11,10
"16607",2,3,5,4
"16608",4,11,15,13
"16609",3,13,16,13
"16610",6,10,16,15
"16611",1,20,21,20
"16612",1,17,18,17
"16613",1,4,5,4
"16614",1,3,4,3
"16615",1,11,12,11
"16616",2,24,26,25
"16617",1,7,8,7
"16618",6,9,15,14
"16619",1,4,5,4
"16620",1,6,7,6
"16621",1,1,2,1
"16622",13,7,20,17
"16623",4,24,28,27
"16624",5,14,19,17
"16625",3,5,8,7
"16626",3,12,15,14
"16627",1,14,15,14
"16628",13,2,15,14
"16629",6,5,11,10
"16630",1,1,2,1
"16631",3,10,13,12
"16632",9,14,23,20
"16633",2,29,31,29
"16634",2,12,14,12
"16635",2,10,12,10
"16636",1,6,7,6
"16637",2,7,9,8
"16638",1,5,6,5
"16639",2,11,13,12
"16640",6,35,41,35
"16641",1,10,11,10
"16642",1,10,11,10
"16643",2,34,36,35
"16644",3,17,20,17
"16645",2,20,22,20
"16646",5,10,15,13
"16647",1,2,3,2
"16648",1,4,5,4
"16649",5,13,18,13
"16650",1,7,8,7
"16651",9,14,23,21
"16652",4,5,9,8
"16653",1,4,5,4
"16654",1,9,10,9
"16655",1,20,21,20
"16656",2,14,16,15
"16657",1,6,7,6
"16658",3,1,4,3
"16659",1,1,2,1
"16660",6,23,29,24
"16661",1,43,44,43
"16662",3,6,9,7
"16663",3,6,9,7
"16664",1,1,2,1
"16665",1,1,2,1
"16666",1,5,6,5
"16667",2,4,6,4
"16668",4,4,8,6
"16669",5,7,12,10
"16670",1,6,7,6
"16671",2,1,3,2
"16672",18,8,26,24
"16673",1,1,2,1
"16674",1,6,7,6
"16675",2,5,7,6
"16676",1,2,3,2
"16677",1,8,9,8
"16678",1,14,15,14
"16679",5,16,21,17
"16680",2,8,10,8
"16681",1,10,11,10
"16682",1,14,15,14
"16683",1,11,12,11
"16684",2,35,37,36
"16685",1,8,9,8
"16686",4,12,16,14
"16687",3,3,6,5
"16688",3,16,19,17
"16689",3,10,13,11
"16690",3,14,17,16
"16691",5,17,22,18
"16692",1,4,5,4
"16693",3,16,19,17
"16694",1,2,3,2
"16695",7,27,34,27
"16696",4,15,19,17
"16697",1,7,8,7
"16698",2,7,9,7
"16699",2,12,14,13
"16700",1,9,10,9
"16701",1,5,6,5
"16702",2,28,30,28
"16703",10,24,34,31
"16704",2,21,23,22
"16705",1,17,18,17
"16706",4,7,11,8
"16707",2,6,8,7
"16708",1,7,8,7
"16709",1,10,11,10
"16710",1,11,12,11
"16711",4,11,15,14
"16712",1,3,4,3
"16713",1,2,3,2
"16714",2,9,11,9
"16715",11,1,12,11
"16716",3,6,9,6
"16717",1,5,6,5
"16718",1,16,17,16
"16719",1,4,5,4
"16720",1,2,3,2
"16721",1,2,3,2
"16722",4,15,19,15
"16723",8,6,14,12
"16724",3,14,17,16
"16725",1,2,3,2
"16726",13,5,18,17
"16727",4,11,15,13
"16728",3,17,20,19
"16729",2,25,27,25
"16730",3,10,13,12
"16731",3,9,12,11
"16732",2,6,8,7
"16733",3,3,6,5
"16734",3,10,13,10
"16735",1,10,11,10
"16736",5,8,13,12
"16737",1,3,4,3
"16738",1,5,6,5
"16739",2,5,7,5
"16740",1,9,10,9
"16741",3,13,16,15
"16742",1,11,12,11
"16743",3,40,43,42
"16744",1,5,6,5
"16745",3,12,15,14
"16746",2,20,22,21
"16747",1,16,17,16
"16748",3,9,12,10
"16749",4,7,11,10
"16750",3,40,43,40
"16751",4,5,9,6
"16752",2,2,4,2
"16753",6,20,26,25
"16754",1,4,5,4
"16755",2,16,18,17
"16756",5,1,6,5
"16757",4,22,26,24
"16758",1,7,8,7
"16759",1,1,2,1
"16760",1,2,3,2
"16761",2,6,8,6
"16762",2,19,21,19
"16763",5,1,6,5
"16764",1,1,2,1
"16765",2,15,17,15
"16766",1,3,4,3
"16767",1,3,4,3
"16768",1,6,7,6
"16769",1,3,4,3
"16770",1,23,24,23
"16771",1,1,2,1
"16772",4,12,16,15
"16773",3,17,20,18
"16774",4,7,11,9
"16775",1,10,11,10
"16776",2,29,31,30
"16777",2,3,5,4
"16778",1,6,7,6
"16779",1,9,10,9
"16780",1,3,4,3
"16781",3,8,11,8
"16782",1,7,8,7
"16783",3,7,10,7
"16784",5,4,9,5
"16785",1,7,8,7
"16786",1,9,10,9
"16787",1,1,2,1
"16788",1,5,6,5
"16789",1,3,4,3
"16790",1,3,4,3
"16791",3,9,12,10
"16792",1,1,2,1
"16793",1,5,6,5
"16794",1,1,2,1
"16795",8,11,19,18
"16796",1,5,6,5
"16797",1,25,26,25
"16798",1,6,7,6
"16799",1,4,5,4
"16800",1,51,52,51
"16801",1,15,16,15
"16802",1,2,3,2
"16803",4,7,11,9
"16804",2,5,7,6
"16805",7,10,17,13
"16806",1,4,5,4
"16807",2,23,25,23
"16808",2,23,25,24
"16809",1,4,5,4
"16810",1,3,4,3
"16811",2,19,21,19
"16812",2,7,9,7
"16813",2,9,11,10
"16814",1,3,4,3
"16815",1,7,8,7
"16816",1,5,6,5
"16817",4,17,21,17
"16818",2,3,5,3
"16819",1,6,7,6
"16820",5,32,37,34
"16821",1,1,2,1
"16822",13,13,26,13
"16823",4,10,14,12
"16824",5,11,16,13
"16825",4,16,20,17
"16826",1,5,6,5
"16827",11,4,15,12
"16828",1,7,8,7
"16829",5,2,7,5
"16830",5,7,12,9
"16831",2,22,24,22
"16832",3,6,9,7
"16833",2,14,16,14
"16834",5,17,22,20
"16835",9,9,18,16
"16836",2,11,13,11
"16837",2,34,36,35
"16838",2,10,12,11
"16839",1,3,4,3
"16840",5,16,21,16
"16841",1,3,4,3
"16842",2,6,8,7
"16843",2,2,4,2
"16844",1,15,16,15
"16845",3,1,4,3
"16846",3,13,16,13
"16847",1,9,10,9
"16848",3,24,27,26
"16849",1,2,3,2
"16850",3,39,42,40
"16851",1,12,13,12
"16852",1,3,4,3
"16853",2,10,12,11
"16854",1,2,3,2
"16855",1,7,8,7
"16856",3,4,7,4
"16857",1,10,11,10
"16858",2,7,9,8
"16859",1,1,2,1
"16860",1,1,2,1
"16861",2,27,29,28
"16862",1,8,9,8
"16863",3,8,11,10
"16864",2,16,18,16
"16865",1,10,11,10
"16866",7,6,13,10
"16867",1,6,7,6
"16868",2,9,11,10
"16869",1,2,3,2
"16870",3,4,7,4
"16871",1,1,2,1
"16872",1,23,24,23
"16873",1,4,5,4
"16874",1,1,2,1
"16875",4,11,15,11
"16876",1,36,37,36
"16877",2,2,4,2
"16878",1,2,3,2
"16879",2,23,25,23
"16880",2,10,12,11
"16881",1,19,20,19
"16882",1,3,4,3
"16883",1,15,16,15
"16884",1,12,13,12
"16885",6,13,19,18
"16886",4,5,9,8
"16887",16,55,71,63
"16888",2,2,4,3
"16889",2,5,7,5
"16890",3,32,35,32
"16891",1,2,3,2
"16892",2,5,7,5
"16893",1,4,5,4
"16894",13,13,26,22
"16895",1,45,46,45
"16896",4,12,16,13
"16897",3,8,11,10
"16898",3,30,33,31
"16899",5,4,9,8
"16900",1,3,4,3
"16901",3,4,7,5
"16902",3,36,39,38
"16903",3,6,9,7
"16904",2,6,8,7
"16905",1,1,2,1
"16906",1,6,7,6
"16907",8,23,31,28
"16908",1,21,22,21
"16909",2,22,24,22
"16910",6,37,43,41
"16911",8,25,33,30
"16912",3,9,12,10
"16913",3,8,11,9
"16914",1,23,24,23
"16915",1,4,5,4
"16916",3,13,16,15
"16917",2,21,23,21
"16918",1,1,2,1
"16919",1,2,3,2
"16920",2,13,15,13
"16921",1,1,2,1
"16922",1,6,7,6
"16923",1,2,3,2
"16924",1,11,12,11
"16925",24,5,29,26
"16926",2,17,19,18
"16927",5,176,181,178
"16928",4,3,7,6
"16929",1,2,3,2
"16930",2,10,12,10
"16931",6,29,35,33
"16932",3,15,18,16
"16933",2,12,14,12
"16934",1,5,6,5
"16935",1,8,9,8
"16936",2,7,9,7
"16937",1,9,10,9
"16938",5,4,9,8
"16939",1,6,7,6
"16940",1,3,4,3
"16941",4,7,11,8
"16942",4,21,25,22
"16943",2,19,21,19
"16944",1,6,7,6
"16945",1,9,10,9
"16946",1,27,28,27
"16947",1,5,6,5
"16948",2,11,13,11
"16949",2,12,14,13
"16950",3,3,6,4
"16951",3,22,25,24
"16952",1,10,11,10
"16953",1,1,2,1
"16954",1,2,3,2
"16955",1,3,4,3
"16956",2,43,45,43
"16957",4,25,29,25
"16958",5,5,10,9
"16959",3,22,25,23
"16960",2,1,3,2
"16961",1,11,12,11
"16962",3,16,19,18
"16963",2,27,29,27
"16964",2,3,5,3
"16965",1,5,6,5
"16966",5,23,28,27
"16967",35,1,36,35
"16968",2,3,5,4
"16969",3,17,20,18
"16970",2,9,11,10
"16971",1,13,14,13
"16972",2,1,3,2
"16973",1,3,4,3
"16974",2,19,21,20
"16975",3,29,32,29
"16976",1,4,5,4
"16977",1,4,5,4
"16978",3,7,10,8
"16979",2,12,14,12
"16980",2,4,6,5
"16981",5,10,15,13
"16982",4,17,21,17
"16983",2,7,9,7
"16984",3,30,33,32
"16985",7,40,47,41
"16986",1,7,8,7
"16987",6,14,20,18
"16988",1,5,6,5
"16989",1,3,4,3
"16990",1,10,11,10
"16991",15,34,49,48
"16992",1,31,32,31
"16993",2,21,23,21
"16994",5,21,26,23
"16995",1,3,4,3
"16996",3,4,7,6
"16997",12,18,30,25
"16998",3,10,13,11
"16999",3,40,43,40
"17000",2,2,4,3
"17001",5,7,12,10
"17002",6,21,27,23
"17003",2,5,7,5
"17004",1,2,3,2
"17005",2,8,10,8
"17006",1,32,33,32
"17007",7,2,9,8
"17008",1,3,4,3
"17009",1,2,3,2
"17010",1,4,5,4
"17011",2,26,28,27
"17012",1,4,5,4
"17013",2,9,11,9
"17014",1,11,12,11
"17015",3,3,6,5
"17016",1,4,5,4
"17017",6,5,11,8
"17018",4,6,10,8
"17019",3,39,42,41
"17020",2,27,29,28
"17021",1,11,12,11
"17022",1,2,3,2
"17023",4,9,13,12
"17024",1,5,6,5
"17025",3,17,20,17
"17026",5,25,30,28
"17027",10,18,28,24
"17028",2,12,14,13
"17029",2,16,18,16
"17030",1,1,2,1
"17031",2,3,5,4
"17032",1,36,37,36
"17033",5,3,8,6
"17034",2,21,23,22
"17035",2,3,5,4
"17036",3,7,10,8
"17037",1,3,4,3
"17038",1,4,5,4
"17039",1,4,5,4
"17040",1,1,2,1
"17041",3,17,20,19
"17042",1,1,2,1
"17043",3,26,29,27
"17044",2,3,5,3
"17045",1,1,2,1
"17046",1,44,45,44
"17047",1,8,9,8
"17048",1,1,2,1
"17049",4,4,8,6
"17050",2,1,3,2
"17051",2,9,11,9
"17052",9,14,23,18
"17053",4,14,18,17
"17054",4,3,7,6
"17055",1,5,6,5
"17056",2,1,3,2
"17057",1,3,4,3
"17058",1,16,17,16
"17059",1,2,3,2
"17060",1,2,3,2
"17061",1,4,5,4
"17062",1,5,6,5
"17063",1,9,10,9
"17064",3,17,20,19
"17065",2,5,7,6
"17066",5,12,17,16
"17067",1,13,14,13
"17068",1,5,6,5
"17069",2,8,10,8
"17070",1,57,58,57
"17071",1,33,34,33
"17072",3,3,6,5
"17073",3,8,11,8
"17074",5,11,16,14
"17075",2,17,19,17
"17076",1,31,32,31
"17077",1,6,7,6
"17078",1,2,3,2
"17079",2,10,12,10
"17080",8,17,25,20
"17081",2,10,12,10
"17082",1,1,2,1
"17083",9,176,185,182
"17084",11,42,53,52
"17085",1,10,11,10
"17086",1,1,2,1
"17087",2,11,13,12
"17088",4,6,10,8
"17089",1,9,10,9
"17090",1,2,3,2
"17091",1,5,6,5
"17092",1,29,30,29
"17093",1,8,9,8
"17094",1,4,5,4
"17095",2,21,23,21
"17096",2,32,34,32
"17097",1,1,2,1
"17098",1,5,6,5
"17099",1,25,26,25
"17100",1,2,3,2
"17101",1,2,3,2
"17102",1,3,4,3
"17103",3,20,23,20
"17104",3,11,14,13
"17105",2,26,28,27
"17106",1,11,12,11
"17107",5,176,181,178
"17108",3,7,10,7
"17109",1,12,13,12
"17110",2,3,5,4
"17111",2,3,5,4
"17112",3,15,18,17
"17113",2,11,13,11
"17114",3,5,8,7
"17115",2,176,178,176
"17116",2,15,17,15
"17117",2,24,26,25
"17118",1,3,4,3
"17119",1,2,3,2
"17120",2,19,21,19
"17121",1,2,3,2
"17122",1,1,2,1
"17123",1,10,11,10
"17124",2,7,9,8
"17125",1,5,6,5
"17126",11,23,34,23
"17127",1,2,3,2
"17128",1,2,3,2
"17129",5,1,6,5
"17130",2,11,13,12
"17131",2,4,6,4
"17132",1,7,8,7
"17133",3,11,14,13
"17134",3,7,10,7
"17135",4,15,19,18
"17136",6,39,45,44
"17137",1,5,6,5
"17138",4,8,12,9
"17139",1,21,22,21
"17140",4,20,24,20
"17141",1,36,37,36
"17142",4,26,30,29
"17143",1,13,14,13
"17144",3,19,22,20
"17145",1,2,3,2
"17146",5,14,19,15
"17147",2,1,3,2
"17148",8,15,23,21
"17149",1,2,3,2
"17150",1,4,5,4
"17151",8,8,16,15
"17152",1,2,3,2
"17153",4,13,17,15
"17154",1,1,2,1
"17155",1,2,3,2
"17156",1,2,3,2
"17157",4,10,14,12
"17158",3,3,6,5
"17159",5,36,41,39
"17160",2,9,11,9
"17161",1,11,12,11
"17162",14,2,16,15
"17163",4,57,61,57
"17164",1,16,17,16
"17165",2,3,5,3
"17166",3,11,14,11
"17167",1,12,13,12
"17168",1,15,16,15
"17169",1,6,7,6
"17170",14,8,22,16
"17171",2,9,11,10
"17172",2,15,17,16
"17173",1,3,4,3
"17174",1,2,3,2
"17175",12,30,42,41
"17176",1,1,2,1
"17177",2,7,9,7
"17178",1,14,15,14
"17179",2,6,8,7
"17180",1,9,10,9
"17181",1,1,2,1
"17182",5,21,26,24
"17183",2,6,8,6
"17184",5,8,13,9
"17185",3,9,12,10
"17186",1,5,6,5
"17187",1,4,5,4
"17188",3,5,8,7
"17189",1,2,3,2
"17190",1,13,14,13
"17191",2,3,5,4
"17192",2,1,3,2
"17193",3,11,14,12
"17194",1,1,2,1
"17195",1,5,6,5
"17196",1,8,9,8
"17197",1,7,8,7
"17198",1,5,6,5
"17199",3,8,11,9
"17200",2,10,12,10
"17201",2,7,9,8
"17202",1,23,24,23
"17203",2,7,9,8
"17204",1,16,17,16
"17205",4,8,12,9
"17206",1,3,4,3
"17207",2,14,16,14
"17208",3,38,41,40
"17209",10,21,31,29
"17210",1,21,22,21
"17211",1,6,7,6
"17212",4,42,46,44
"17213",2,10,12,11
"17214",1,2,3,2
"17215",1,1,2,1
"17216",1,7,8,7
"17217",2,2,4,2
"17218",2,4,6,5
"17219",2,17,19,17
"17220",2,27,29,27
"17221",2,16,18,17
"17222",1,2,3,2
"17223",3,7,10,8
"17224",1,3,4,3
"17225",4,6,10,9
"17226",3,8,11,10
"17227",1,6,7,6
"17228",7,12,19,18
"17229",3,15,18,17
"17230",1,5,6,5
"17231",4,13,17,13
"17232",1,2,3,2
"17233",1,6,7,6
"17234",1,5,6,5
"17235",4,13,17,13
"17236",2,4,6,4
"17237",2,10,12,10
"17238",3,9,12,11
"17239",9,37,46,45
"17240",2,21,23,21
"17241",2,6,8,6
"17242",2,8,10,8
"17243",1,4,5,4
"17244",1,6,7,6
"17245",2,7,9,7
"17246",2,12,14,13
"17247",4,5,9,6
"17248",2,18,20,18
"17249",2,9,11,10
"17250",4,14,18,16
"17251",1,12,13,12
"17252",1,3,4,3
"17253",1,20,21,20
"17254",1,20,21,20
"17255",3,4,7,5
"17256",4,16,20,19
"17257",3,14,17,14
"17258",3,14,17,14
"17259",2,8,10,8
"17260",1,16,17,16
"17261",2,23,25,23
"17262",5,12,17,15
"17263",1,8,9,8
"17264",4,20,24,21
"17265",1,2,3,2
"17266",1,2,3,2
"17267",6,32,38,37
"17268",3,3,6,4
"17269",3,24,27,25
"17270",1,4,5,4
"17271",2,6,8,7
"17272",1,1,2,1
"17273",8,29,37,35
"17274",3,15,18,15
"17275",2,16,18,17
"17276",23,2,25,23
"17277",4,15,19,15
"17278",8,41,49,46
"17279",2,2,4,2
"17280",1,1,2,1
"17281",3,4,7,4
"17282",2,18,20,18
"17283",2,5,7,5
"17284",2,39,41,39
"17285",2,21,23,21
"17286",3,6,9,8
"17287",3,2,5,4
"17288",1,8,9,8
"17289",4,8,12,9
"17290",1,10,11,10
"17291",11,21,32,26
"17292",10,34,44,41
"17293",1,4,5,4
"17294",4,8,12,9
"17295",2,10,12,10
"17296",6,24,30,28
"17297",3,11,14,12
"17298",1,11,12,11
"17299",4,11,15,13
"17300",1,7,8,7
"17301",6,7,13,12
"17302",1,18,19,18
"17303",4,17,21,17
"17304",4,6,10,8
"17305",2,9,11,10
"17306",3,6,9,8
"17307",1,15,16,15
"17308",3,5,8,7
"17309",2,2,4,2
"17310",1,5,6,5
"17311",2,13,15,13
"17312",10,34,44,41
"17313",1,12,13,12
"17314",1,7,8,7
"17315",1,8,9,8
"17316",2,9,11,9
"17317",8,2,10,8
"17318",2,9,11,9
"17319",1,10,11,10
"17320",2,15,17,15
"17321",1,1,2,1
"17322",1,2,3,2
"17323",3,8,11,8
"17324",2,12,14,13
"17325",1,1,2,1
"17326",3,6,9,6
"17327",1,10,11,10
"17328",3,31,34,33
"17329",2,5,7,6
"17330",4,16,20,18
"17331",2,5,7,5
"17332",1,4,5,4
"17333",7,15,22,16
"17334",1,14,15,14
"17335",2,5,7,6
"17336",1,2,3,2
"17337",1,4,5,4
"17338",1,2,3,2
"17339",2,6,8,7
"17340",1,26,27,26
"17341",1,13,14,13
"17342",2,4,6,4
"17343",1,24,25,24
"17344",1,2,3,2
"17345",1,19,20,19
"17346",1,3,4,3
"17347",8,1,9,8
"17348",7,6,13,12
"17349",1,3,4,3
"17350",1,1,2,1
"17351",1,8,9,8
"17352",4,13,17,16
"17353",6,2,8,7
"17354",2,2,4,3
"17355",4,22,26,24
"17356",3,13,16,14
"17357",1,2,3,2
"17358",6,42,48,46
"17359",1,41,42,41
"17360",1,3,4,3
"17361",9,35,44,38
"17362",6,2,8,6
"17363",37,27,64,63
"17364",8,9,17,13
"17365",6,1,7,6
"17366",4,17,21,20
"17367",1,2,3,2
"17368",1,2,3,2
"17369",1,3,4,3
"17370",1,2,3,2
"17371",5,19,24,21
"17372",1,9,10,9
"17373",2,7,9,7
"17374",1,7,8,7
"17375",3,12,15,14
"17376",1,4,5,4
"17377",2,18,20,19
"17378",1,2,3,2
"17379",1,12,13,12
"17380",1,12,13,12
"17381",1,2,3,2
"17382",1,8,9,8
"17383",1,2,3,2
"17384",9,24,33,32
"17385",3,14,17,16
"17386",3,25,28,27
"17387",1,3,4,3
"17388",1,37,38,37
"17389",2,4,6,4
"17390",1,6,7,6
"17391",1,7,8,7
"17392",4,11,15,12
"17393",3,9,12,11
"17394",1,12,13,12
"17395",2,6,8,6
"17396",1,2,3,2
"17397",1,7,8,7
"17398",1,5,6,5
"17399",1,7,8,7
"17400",1,2,3,2
"17401",1,11,12,11
"17402",2,2,4,3
"17403",1,2,3,2
"17404",4,16,20,17
"17405",2,20,22,20
"17406",1,7,8,7
"17407",3,5,8,6
"17408",1,4,5,4
"17409",1,8,9,8
"17410",1,20,21,20
"17411",1,2,3,2
"17412",1,5,6,5
"17413",1,15,16,15
"17414",4,4,8,7
"17415",5,11,16,12
"17416",2,24,26,24
"17417",2,10,12,10
"17418",5,6,11,10
"17419",2,11,13,11
"17420",1,4,5,4
"17421",1,4,5,4
"17422",3,5,8,6
"17423",3,20,23,20
"17424",2,7,9,7
"17425",1,15,16,15
"17426",3,17,20,18
"17427",1,1,2,1
"17428",1,3,4,3
"17429",1,26,27,26
"17430",1,4,5,4
"17431",5,13,18,13
"17432",1,14,15,14
"17433",1,9,10,9
"17434",1,12,13,12
"17435",5,8,13,11
"17436",4,4,8,5
"17437",13,3,16,15
"17438",2,17,19,17
"17439",1,4,5,4
"17440",1,17,18,17
"17441",3,7,10,9
"17442",3,7,10,7
"17443",7,22,29,28
"17444",1,4,5,4
"17445",1,11,12,11
"17446",1,3,4,3
"17447",1,15,16,15
"17448",1,5,6,5
"17449",1,3,4,3
"17450",2,18,20,18
"17451",4,14,18,17
"17452",3,4,7,5
"17453",2,6,8,6
"17454",2,27,29,27
"17455",4,4,8,4
"17456",1,11,12,11
"17457",4,5,9,7
"17458",1,1,2,1
"17459",13,4,17,16
"17460",2,3,5,4
"17461",2,7,9,7
"17462",2,10,12,10
"17463",2,4,6,4
"17464",3,14,17,15
"17465",2,8,10,8
"17466",7,32,39,35
"17467",1,3,4,3
"17468",2,1,3,2
"17469",1,1,2,1
"17470",3,11,14,12
"17471",5,9,14,12
"17472",1,11,12,11
"17473",4,9,13,9
"17474",3,13,16,14
"17475",4,16,20,17
"17476",2,21,23,21
"17477",5,48,53,52
"17478",2,7,9,8
"17479",1,15,16,15
"17480",1,1,2,1
"17481",2,20,22,21
"17482",2,8,10,9
"17483",1,5,6,5
"17484",7,4,11,10
"17485",9,1,10,9
"17486",1,3,4,3
"17487",2,23,25,23
"17488",7,11,18,17
"17489",1,2,3,2
"17490",1,6,7,6
"17491",5,6,11,10
"17492",4,8,12,10
"17493",2,10,12,10
"17494",1,9,10,9
"17495",3,10,13,11
"17496",1,8,9,8
"17497",1,3,4,3
"17498",3,29,32,30
"17499",1,25,26,25
"17500",1,7,8,7
"17501",2,23,25,23
"17502",1,1,2,1
"17503",1,2,3,2
"17504",2,11,13,11
"17505",3,8,11,9
"17506",9,2,11,10
"17507",1,11,12,11
"17508",1,15,16,15
"17509",2,9,11,10
"17510",2,35,37,35
"17511",1,7,8,7
"17512",1,3,4,3
"17513",5,31,36,33
"17514",1,6,7,6
"17515",4,15,19,17
"17516",2,4,6,5
"17517",2,4,6,5
"17518",3,11,14,12
"17519",3,19,22,21
"17520",1,18,19,18
"17521",1,3,4,3
"17522",1,3,4,3
"17523",2,1,3,2
"17524",1,3,4,3
"17525",1,7,8,7
"17526",1,1,2,1
"17527",1,8,9,8
"17528",2,26,28,27
"17529",1,8,9,8
"17530",1,4,5,4
"17531",2,7,9,7
"17532",1,1,2,1
"17533",2,22,24,22
"17534",4,48,52,51
"17535",2,9,11,10
"17536",4,7,11,7
"17537",2,5,7,5
"17538",3,12,15,13
"17539",1,3,4,3
"17540",5,14,19,18
"17541",9,6,15,12
"17542",2,8,10,8
"17543",5,42,47,46
"17544",1,9,10,9
"17545",2,1,3,2
"17546",1,1,2,1
"17547",2,3,5,4
"17548",1,9,10,9
"17549",1,17,18,17
"17550",6,21,27,22
"17551",3,14,17,16
"17552",2,1,3,2
"17553",10,13,23,21
"17554",1,15,16,15
"17555",1,10,11,10
"17556",1,2,3,2
"17557",1,29,30,29
"17558",7,27,34,27
"17559",4,20,24,21
"17560",2,15,17,15
"17561",1,1,2,1
"17562",2,7,9,7
"17563",2,6,8,7
"17564",15,60,75,74
"17565",2,3,5,4
"17566",1,1,2,1
"17567",1,3,4,3
"17568",1,16,17,16
"17569",1,1,2,1
"17570",1,1,2,1
"17571",3,7,10,8
"17572",3,176,179,178
"17573",2,10,12,10
"17574",3,25,28,25
"17575",2,3,5,3
"17576",1,6,7,6
"17577",1,5,6,5
"17578",1,27,28,27
"17579",3,25,28,27
"17580",3,17,20,17
"17581",1,8,9,8
"17582",2,1,3,2
"17583",1,1,2,1
"17584",1,1,2,1
"17585",4,4,8,7
"17586",2,1,3,2
"17587",1,2,3,2
"17588",1,2,3,2
"17589",7,37,44,41
"17590",7,5,12,10
"17591",2,6,8,7
"17592",1,5,6,5
"17593",3,9,12,9
"17594",1,6,7,6
"17595",3,1,4,3
"17596",5,5,10,9
"17597",4,32,36,32
"17598",1,5,6,5
"17599",3,23,26,24
"17600",2,3,5,3
"17601",3,3,6,3
"17602",1,23,24,23
"17603",11,39,50,43
"17604",9,3,12,11
"17605",1,4,5,4
"17606",1,6,7,6
"17607",1,15,16,15
"17608",2,11,13,11
"17609",4,9,13,11
"17610",4,2,6,5
"17611",1,3,4,3
"17612",4,12,16,14
"17613",4,30,34,32
"17614",1,1,2,1
"17615",1,2,3,2
"17616",6,5,11,8
"17617",3,9,12,11
"17618",1,1,2,1
"17619",9,16,25,23
"17620",1,1,2,1
"17621",2,2,4,3
"17622",1,5,6,5
"17623",1,2,3,2
"17624",3,3,6,3
"17625",1,17,18,17
"17626",1,3,4,3
"17627",1,4,5,4
"17628",1,7,8,7
"17629",1,2,3,2
"17630",2,2,4,3
"17631",1,1,2,1
"17632",3,21,24,23
"17633",5,20,25,23
"17634",2,16,18,17
"17635",2,15,17,15
"17636",1,3,4,3
"17637",2,7,9,8
"17638",15,42,57,53
"17639",3,5,8,5
"17640",4,13,17,15
"17641",16,54,70,54
"17642",9,30,39,36
"17643",1,6,7,6
"17644",3,6,9,7
"17645",11,14,25,21
"17646",2,3,5,3
"17647",1,1,2,1
"17648",1,4,5,4
"17649",2,7,9,8
"17650",3,19,22,21
"17651",3,10,13,11
"17652",1,6,7,6
"17653",2,6,8,6
"17654",2,3,5,3
"17655",2,4,6,4
"17656",2,8,10,8
"17657",5,6,11,8
"17658",2,13,15,14
"17659",1,6,7,6
"17660",1,6,7,6
"17661",5,9,14,10
"17662",1,5,6,5
"17663",1,2,3,2
"17664",4,13,17,13
"17665",1,1,2,1
"17666",17,3,20,19
"17667",2,27,29,28
"17668",2,19,21,19
"17669",1,8,9,8
"17670",3,4,7,5
"17671",4,5,9,7
"17672",30,16,46,39
"17673",1,1,2,1
"17674",1,2,3,2
"17675",1,3,4,3
"17676",1,41,42,41
"17677",2,5,7,5
"17678",1,3,4,3
"17679",3,4,7,6
"17680",2,34,36,35
"17681",3,9,12,10
"17682",1,13,14,13
"17683",2,1,3,2
"17684",3,6,9,7
"17685",1,4,5,4
"17686",7,18,25,22
"17687",6,57,63,57
"17688",9,18,27,23
"17689",1,2,3,2
"17690",6,28,34,32
"17691",1,1,2,1
"17692",1,12,13,12
"17693",1,5,6,5
"17694",1,4,5,4
"17695",1,5,6,5
"17696",1,1,2,1
"17697",1,1,2,1
"17698",1,7,8,7
"17699",3,3,6,3
"17700",2,12,14,13
"17701",15,2,17,16
"17702",2,20,22,20
"17703",1,13,14,13
"17704",8,6,14,13
"17705",1,4,5,4
"17706",1,2,3,2
"17707",14,41,55,47
"17708",3,17,20,18
"17709",2,14,16,14
"17710",5,20,25,23
"17711",1,6,7,6
"17712",2,4,6,4
"17713",1,4,5,4
"17714",1,1,2,1
"17715",2,4,6,4
"17716",5,8,13,11
"17717",2,1,3,2
"17718",2,14,16,15
"17719",2,6,8,7
"17720",1,4,5,4
"17721",2,9,11,9
"17722",1,24,25,24
"17723",3,21,24,21
"17724",1,11,12,11
"17725",2,30,32,30
"17726",1,22,23,22
"17727",2,23,25,23
"17728",4,51,55,54
"17729",5,1,6,5
"17730",2,20,22,21
"17731",2,21,23,21
"17732",2,9,11,10
"17733",2,20,22,21
"17734",2,4,6,4
"17735",1,19,20,19
"17736",1,1,2,1
"17737",1,11,12,11
"17738",1,9,10,9
"17739",2,12,14,12
"17740",4,6,10,8
"17741",2,12,14,13
"17742",5,19,24,22
"17743",3,5,8,7
"17744",1,1,2,1
"17745",2,14,16,14
"17746",1,7,8,7
"17747",3,8,11,8
"17748",3,35,38,36
"17749",2,2,4,3
"17750",19,28,47,43
"17751",2,21,23,22
"17752",2,6,8,6
"17753",1,8,9,8
"17754",4,5,9,6
"17755",1,32,33,32
"17756",2,19,21,19
"17757",2,37,39,37
"17758",3,17,20,19
"17759",4,11,15,13
"17760",2,5,7,6
"17761",2,17,19,18
"17762",7,19,26,23
"17763",2,11,13,11
"17764",4,20,24,20
"17765",1,1,2,1
"17766",1,25,26,25
"17767",2,19,21,19
"17768",1,13,14,13
"17769",1,3,4,3
"17770",2,14,16,15
"17771",1,10,11,10
"17772",4,22,26,24
"17773",2,13,15,13
"17774",1,3,4,3
"17775",3,8,11,10
"17776",3,3,6,3
"17777",1,1,2,1
"17778",1,1,2,1
"17779",5,27,32,28
"17780",3,19,22,20
"17781",1,8,9,8
"17782",1,1,2,1
"17783",3,7,10,8
"17784",1,6,7,6
"17785",1,2,3,2
"17786",3,10,13,11
"17787",2,7,9,7
"17788",1,3,4,3
"17789",1,1,2,1
"17790",2,11,13,12
"17791",5,12,17,16
"17792",6,32,38,32
"17793",1,13,14,13
"17794",2,10,12,10
"17795",18,18,36,18
"17796",1,1,2,1
"17797",6,36,42,40
"17798",1,5,6,5
"17799",1,8,9,8
"17800",1,4,5,4
"17801",1,31,32,31
"17802",5,19,24,20
"17803",1,14,15,14
"17804",2,7,9,8
"17805",1,9,10,9
"17806",2,2,4,2
"17807",1,1,2,1
"17808",2,3,5,3
"17809",2,9,11,10
"17810",1,9,10,9
"17811",2,20,22,20
"17812",6,1,7,6
"17813",7,48,55,52
"17814",1,5,6,5
"17815",1,5,6,5
"17816",3,7,10,8
"17817",2,8,10,8
"17818",6,8,14,13
"17819",1,5,6,5
"17820",6,29,35,33
"17821",4,8,12,9
"17822",2,5,7,5
"17823",2,3,5,3
"17824",1,7,8,7
"17825",1,9,10,9
"17826",2,7,9,7
"17827",1,4,5,4
"17828",1,1,2,1
"17829",1,24,25,24
"17830",2,1,3,2
"17831",1,8,9,8
"17832",3,39,42,40
"17833",1,12,13,12
"17834",1,2,3,2
"17835",1,2,3,2
"17836",5,24,29,26
"17837",2,6,8,6
"17838",5,2,7,6
"17839",3,32,35,34
"17840",1,1,2,1
"17841",2,6,8,7
"17842",4,10,14,10
"17843",4,7,11,8
"17844",1,1,2,1
"17845",1,2,3,2
"17846",1,4,5,4
"17847",1,4,5,4
"17848",3,23,26,24
"17849",1,14,15,14
"17850",5,6,11,8
"17851",2,10,12,10
"17852",1,2,3,2
"17853",1,6,7,6
"17854",1,4,5,4
"17855",1,8,9,8
"17856",2,3,5,3
"17857",1,5,6,5
"17858",3,1,4,3
"17859",1,2,3,2
"17860",1,10,11,10
"17861",1,3,4,3
"17862",1,8,9,8
"17863",1,17,18,17
"17864",1,38,39,38
"17865",3,5,8,6
"17866",1,1,2,1
"17867",10,3,13,12
"17868",2,7,9,7
"17869",2,4,6,5
"17870",2,8,10,8
"17871",3,2,5,4
"17872",4,2,6,5
"17873",1,4,5,4
"17874",3,17,20,19
"17875",3,19,22,19
"17876",2,34,36,35
"17877",2,19,21,19
"17878",1,10,11,10
"17879",1,3,4,3
"17880",1,10,11,10
"17881",2,3,5,4
"17882",5,5,10,9
"17883",13,5,18,15
"17884",1,7,8,7
"17885",2,7,9,7
"17886",1,4,5,4
"17887",1,28,29,28
"17888",4,25,29,25
"17889",1,4,5,4
"17890",1,14,15,14
"17891",2,18,20,18
"17892",5,12,17,14
"17893",3,57,60,57
"17894",1,4,5,4
"17895",1,8,9,8
"17896",1,1,2,1
"17897",1,6,7,6
"17898",7,18,25,22
"17899",1,6,7,6
"17900",4,7,11,10
"17901",3,18,21,19
"17902",3,10,13,10
"17903",1,26,27,26
"17904",2,11,13,12
"17905",3,5,8,6
"17906",7,15,22,19
"17907",2,6,8,6
"17908",1,8,9,8
"17909",2,9,11,9
"17910",4,8,12,10
"17911",2,9,11,10
"17912",11,35,46,44
"17913",2,13,15,14
"17914",1,6,7,6
"17915",1,21,22,21
"17916",7,21,28,24
"17917",1,13,14,13
"17918",1,7,8,7
"17919",2,26,28,27
"17920",1,17,18,17
"17921",2,11,13,12
"17922",1,1,2,1
"17923",13,40,53,52
"17924",1,12,13,12
"17925",2,2,4,3
"17926",2,5,7,6
"17927",5,5,10,8
"17928",1,4,5,4
"17929",1,8,9,8
"17930",1,2,3,2
"17931",3,14,17,15
"17932",1,5,6,5
"17933",2,13,15,13
"17934",2,2,4,3
"17935",2,20,22,20
"17936",2,1,3,2
"17937",1,5,6,5
"17938",1,25,26,25
"17939",1,4,5,4
"17940",2,9,11,9
"17941",10,9,19,17
"17942",1,1,2,1
"17943",9,24,33,29
"17944",3,25,28,26
"17945",1,5,6,5
"17946",3,13,16,13
"17947",3,3,6,4
"17948",3,2,5,4
"17949",1,6,7,6
"17950",2,7,9,7
"17951",2,12,14,13
"17952",7,12,19,13
"17953",2,26,28,27
"17954",3,18,21,18
"17955",1,6,7,6
"17956",2,5,7,6
"17957",2,35,37,36
"17958",2,5,7,5
"17959",1,4,5,4
"17960",2,10,12,11
"17961",4,20,24,22
"17962",10,8,18,15
"17963",6,9,15,14
"17964",1,16,17,16
"17965",3,26,29,27
"17966",1,6,7,6
"17967",1,4,5,4
"17968",1,4,5,4
"17969",1,9,10,9
"17970",2,14,16,14
"17971",2,14,16,14
"17972",1,11,12,11
"17973",1,2,3,2
"17974",1,14,15,14
"17975",6,11,17,16
"17976",2,8,10,8
"17977",4,46,50,48
"17978",1,2,3,2
"17979",1,2,3,2
"17980",5,13,18,17
"17981",9,18,27,26
"17982",6,40,46,44
"17983",2,5,7,5
"17984",4,8,12,8
"17985",1,5,6,5
"17986",2,23,25,23
"17987",2,25,27,26
"17988",5,3,8,6
"17989",1,11,12,11
"17990",5,15,20,18
"17991",3,3,6,3
"17992",2,1,3,2
"17993",1,11,12,11
"17994",1,9,10,9
"17995",1,2,3,2
"17996",1,1,2,1
"17997",2,18,20,19
"17998",3,17,20,18
"17999",2,5,7,6
"18000",1,4,5,4
"18001",3,6,9,8
"18002",1,3,4,3
"18003",3,7,10,8
"18004",2,3,5,4
"18005",1,2,3,2
"18006",3,13,16,15
"18007",4,19,23,22
"18008",2,7,9,8
"18009",1,1,2,1
"18010",1,17,18,17
"18011",3,17,20,18
"18012",3,4,7,6
"18013",1,3,4,3
"18014",2,10,12,10
"18015",1,3,4,3
"18016",1,13,14,13
"18017",1,5,6,5
"18018",3,21,24,23
"18019",1,4,5,4
"18020",1,4,5,4
"18021",1,15,16,15
"18022",2,5,7,6
"18023",1,3,4,3
"18024",6,3,9,8
"18025",1,2,3,2
"18026",11,32,43,41
"18027",2,14,16,14
"18028",4,57,61,58
"18029",1,8,9,8
"18030",1,10,11,10
"18031",3,10,13,11
"18032",2,9,11,9
"18033",3,9,12,11
"18034",4,3,7,6
"18035",2,4,6,5
"18036",1,7,8,7
"18037",3,16,19,17
"18038",3,6,9,8
"18039",2,5,7,5
"18040",1,4,5,4
"18041",4,6,10,6
"18042",3,7,10,9
"18043",1,1,2,1
"18044",2,14,16,14
"18045",2,5,7,5
"18046",5,10,15,13
"18047",9,40,49,45
"18048",4,19,23,19
"18049",2,4,6,5
"18050",19,28,47,43
"18051",5,19,24,23
"18052",3,7,10,8
"18053",5,3,8,5
"18054",2,41,43,42
"18055",3,6,9,6
"18056",2,7,9,7
"18057",7,7,14,7
"18058",5,12,17,14
"18059",2,4,6,5
"18060",1,9,10,9
"18061",1,5,6,5
"18062",1,7,8,7
"18063",1,12,13,12
"18064",2,12,14,12
"18065",3,7,10,8
"18066",1,4,5,4
"18067",1,2,3,2
"18068",1,3,4,3
"18069",1,6,7,6
"18070",1,2,3,2
"18071",2,5,7,5
"18072",1,19,20,19
"18073",3,1,4,3
"18074",2,16,18,17
"18075",2,6,8,7
"18076",2,2,4,2
"18077",1,4,5,4
"18078",1,2,3,2
"18079",4,3,7,5
"18080",4,20,24,22
"18081",4,10,14,13
"18082",1,7,8,7
"18083",5,3,8,7
"18084",2,7,9,7
"18085",2,5,7,5
"18086",10,13,23,21
"18087",2,10,12,10
"18088",3,11,14,11
"18089",2,5,7,6
"18090",5,1,6,5
"18091",1,10,11,10
"18092",10,22,32,28
"18093",2,8,10,8
"18094",2,28,30,29
"18095",1,4,5,4
"18096",2,5,7,5
"18097",1,2,3,2
"18098",1,9,10,9
"18099",1,1,2,1
"18100",3,6,9,8
"18101",4,3,7,6
"18102",1,4,5,4
"18103",2,9,11,9
"18104",1,4,5,4
"18105",5,6,11,8
"18106",1,3,4,3
"18107",8,24,32,28
"18108",9,6,15,13
"18109",2,17,19,17
"18110",2,18,20,19
"18111",1,3,4,3
"18112",3,7,10,8
"18113",2,25,27,25
"18114",2,1,3,2
"18115",5,22,27,25
"18116",2,7,9,8
"18117",4,7,11,10
"18118",4,176,180,177
"18119",5,30,35,30
"18120",1,1,2,1
"18121",5,5,10,9
"18122",1,2,3,2
"18123",2,12,14,13
"18124",1,4,5,4
"18125",2,3,5,3
"18126",3,13,16,14
"18127",1,8,9,8
"18128",5,15,20,18
"18129",1,5,6,5
"18130",2,21,23,21
"18131",1,3,4,3
"18132",1,3,4,3
"18133",2,8,10,9
"18134",1,4,5,4
"18135",1,3,4,3
"18136",1,7,8,7
"18137",4,13,17,15
"18138",1,12,13,12
"18139",1,43,44,43
"18140",1,6,7,6
"18141",1,4,5,4
"18142",3,14,17,14
"18143",1,7,8,7
"18144",11,16,27,24
"18145",2,7,9,7
"18146",16,55,71,63
"18147",1,19,20,19
"18148",1,4,5,4
"18149",7,2,9,8
"18150",2,10,12,10
"18151",4,10,14,10
"18152",1,7,8,7
"18153",3,7,10,9
"18154",2,7,9,7
"18155",4,34,38,35
"18156",2,3,5,3
"18157",2,16,18,16
"18158",7,19,26,23
"18159",1,1,2,1
"18160",2,6,8,7
"18161",1,8,9,8
"18162",1,11,12,11
"18163",1,7,8,7
"18164",1,12,13,12
"18165",2,4,6,4
"18166",1,2,3,2
"18167",1,41,42,41
"18168",1,10,11,10
"18169",1,1,2,1
"18170",5,37,42,41
"18171",4,3,7,6
"18172",3,12,15,12
"18173",4,15,19,15
"18174",1,1,2,1
"18175",4,3,7,6
"18176",2,6,8,7
"18177",3,15,18,15
"18178",2,11,13,11
"18179",2,11,13,11
"18180",4,30,34,32
"18181",10,10,20,10
"18182",1,6,7,6
"18183",4,5,9,8
"18184",3,1,4,3
"18185",2,7,9,7
"18186",1,10,11,10
"18187",3,16,19,17
"18188",4,10,14,12
"18189",3,18,21,18
"18190",1,6,7,6
"18191",1,3,4,3
"18192",2,18,20,18
"18193",1,2,3,2
"18194",2,38,40,38
"18195",8,15,23,22
"18196",1,45,46,45
"18197",1,5,6,5
"18198",3,21,24,21
"18199",7,10,17,15
"18200",2,19,21,19
"18201",2,14,16,14
"18202",2,12,14,12
"18203",3,20,23,21
"18204",1,21,22,21
"18205",1,6,7,6
"18206",2,11,13,11
"18207",3,14,17,16
"18208",4,1,5,4
"18209",1,30,31,30
"18210",9,6,15,13
"18211",1,5,6,5
"18212",1,13,14,13
"18213",1,2,3,2
"18214",1,6,7,6
"18215",10,18,28,23
"18216",6,37,43,42
"18217",2,1,3,2
"18218",1,3,4,3
"18219",5,9,14,9
"18220",1,1,2,1
"18221",3,8,11,8
"18222",3,6,9,8
"18223",5,20,25,23
"18224",10,1,11,10
"18225",3,13,16,15
"18226",1,2,3,2
"18227",1,6,7,6
"18228",6,11,17,16
"18229",1,12,13,12
"18230",1,9,10,9
"18231",5,4,9,8
"18232",4,19,23,21
"18233",1,1,2,1
"18234",1,4,5,4
"18235",1,15,16,15
"18236",3,14,17,14
"18237",1,3,4,3
"18238",1,1,2,1
"18239",1,2,3,2
"18240",2,15,17,15
"18241",5,5,10,8
"18242",10,34,44,41
"18243",2,3,5,4
"18244",14,41,55,47
"18245",1,1,2,1
"18246",2,2,4,2
"18247",1,11,12,11
"18248",6,21,27,23
"18249",3,34,37,34
"18250",29,29,58,29
"18251",25,25,50,25
"18252",2,2,4,2
"18253",16,16,32,16
"18254",20,20,40,20
"18255",38,38,76,38
"18256",5,3,8,7
"18257",33,6,39,38
"18258",5,4,9,8
"18259",3,8,11,8
"18260",7,12,19,18
"18261",3,1,4,3
"18262",9,3,12,11
"18263",4,6,10,9
"18264",15,1,16,15
"18265",3,2,5,4
"18266",17,2,19,18
"18267",2,30,32,31
"18268",1,4,5,4
"18269",1,1,2,1
"18270",1,3,4,3
"18271",2,13,15,14
"18272",1,10,11,10
"18273",4,18,22,19
"18274",1,3,4,3
"18275",2,35,37,36
"18276",2,23,25,23
"18277",8,9,17,15
"18278",1,7,8,7
"18279",1,18,19,18
"18280",1,19,20,19
"18281",1,2,3,2
"18282",4,18,22,19
"18283",1,4,5,4
"18284",2,10,12,10
"18285",1,2,3,2
"18286",2,7,9,7
"18287",3,3,6,5
"18288",4,12,16,13
"18289",3,7,10,9
"18290",6,9,15,12
"18291",3,10,13,12
"18292",1,2,3,2
"18293",1,1,2,1
"18294",1,2,3,2
"18295",1,1,2,1
"18296",3,25,28,26
"18297",1,22,23,22
"18298",1,10,11,10
"18299",1,3,4,3
"18300",3,2,5,3
"18301",2,2,4,2
"18302",1,18,19,18
"18303",2,2,4,3
"18304",3,3,6,4
"18305",1,28,29,28
"18306",1,6,7,6
"18307",2,14,16,15
"18308",2,13,15,14
"18309",2,18,20,19
"18310",2,2,4,2
"18311",4,36,40,38
"18312",2,14,16,14
"18313",1,1,2,1
"18314",4,6,10,9
"18315",2,30,32,31
"18316",6,7,13,12
"18317",1,2,3,2
"18318",4,43,47,45
"18319",4,18,22,20
"18320",4,43,47,46
"18321",4,3,7,5
"18322",1,4,5,4
"18323",1,3,4,3
"18324",2,19,21,19
"18325",1,17,18,17
"18326",4,8,12,10
"18327",2,6,8,6
"18328",1,18,19,18
"18329",1,7,8,7
"18330",8,10,18,16
"18331",2,14,16,14
"18332",3,2,5,4
"18333",1,2,3,2
"18334",2,21,23,21
"18335",1,8,9,8
"18336",1,1,2,1
"18337",1,20,21,20
"18338",1,17,18,17
"18339",2,2,4,3
"18340",2,26,28,26
"18341",2,4,6,4
"18342",1,5,6,5
"18343",5,40,45,44
"18344",2,6,8,7
"18345",2,5,7,5
"18346",2,9,11,9
"18347",3,8,11,8
"18348",1,1,2,1
"18349",1,1,2,1
"18350",2,26,28,26
"18351",5,31,36,33
"18352",3,1,4,3
"18353",1,1,2,1
"18354",3,18,21,19
"18355",2,20,22,20
"18356",2,4,6,4
"18357",2,13,15,14
"18358",1,1,2,1
"18359",1,17,18,17
"18360",5,5,10,6
"18361",1,17,18,17
"18362",3,6,9,7
"18363",1,2,3,2
"18364",1,2,3,2
"18365",1,15,16,15
"18366",2,13,15,13
"18367",6,4,10,9
"18368",7,5,12,11
"18369",2,4,6,5
"18370",1,29,30,29
"18371",3,18,21,20
"18372",2,7,9,7
"18373",2,7,9,8
"18374",5,15,20,17
"18375",2,15,17,16
"18376",2,21,23,21
"18377",5,4,9,7
"18378",2,25,27,26
"18379",16,3,19,18
"18380",4,26,30,26
"18381",3,26,29,27
"18382",4,38,42,41
"18383",2,5,7,6
"18384",1,6,7,6
"18385",2,57,59,58
"18386",1,3,4,3
"18387",11,30,41,37
"18388",4,81,85,82
"18389",4,4,8,7
"18390",3,12,15,13
"18391",2,24,26,24
"18392",1,36,37,36
"18393",6,12,18,17
"18394",2,39,41,39
"18395",5,17,22,18
"18396",1,3,4,3
"18397",10,1,11,10
"18398",1,1,2,1
"18399",1,1,2,1
"18400",1,1,2,1
"18401",2,13,15,14
"18402",2,5,7,5
"18403",1,4,5,4
"18404",3,15,18,15
"18405",5,7,12,11
"18406",1,2,3,2
"18407",1,5,6,5
"18408",1,5,6,5
"18409",3,5,8,6
"18410",1,2,3,2
"18411",2,2,4,2
"18412",3,7,10,9
"18413",1,3,4,3
"18414",1,28,29,28
"18415",1,8,9,8
"18416",6,37,43,41
"18417",6,24,30,29
"18418",2,13,15,14
"18419",1,4,5,4
"18420",2,19,21,20
"18421",5,6,11,10
"18422",2,3,5,4
"18423",2,15,17,15
"18424",3,11,14,13
"18425",4,20,24,21
"18426",1,7,8,7
"18427",5,30,35,32
"18428",6,4,10,9
"18429",1,11,12,11
"18430",4,5,9,6
"18431",2,3,5,3
"18432",1,17,18,17
"18433",3,35,38,37
"18434",6,15,21,18
"18435",1,7,8,7
"18436",2,2,4,3
"18437",5,19,24,19
"18438",2,25,27,26
"18439",3,11,14,13
"18440",1,29,30,29
"18441",1,2,3,2
"18442",1,3,4,3
"18443",1,1,2,1
"18444",2,8,10,9
"18445",1,10,11,10
"18446",1,4,5,4
"18447",1,14,15,14
"18448",4,3,7,5
"18449",1,1,2,1
"18450",1,3,4,3
"18451",7,19,26,23
"18452",1,34,35,34
"18453",5,37,42,41
"18454",1,3,4,3
"18455",2,8,10,9
"18456",1,2,3,2
"18457",6,26,32,29
"18458",4,13,17,16
"18459",1,4,5,4
"18460",2,4,6,4
"18461",1,12,13,12
"18462",3,13,16,15
"18463",4,10,14,12
"18464",3,13,16,14
"18465",4,1,5,4
"18466",2,30,32,31
"18467",3,5,8,5
"18468",1,4,5,4
"18469",2,7,9,7
"18470",2,44,46,45
"18471",5,10,15,12
"18472",4,12,16,15
"18473",6,24,30,24
"18474",1,3,4,3
"18475",4,9,13,11
"18476",1,9,10,9
"18477",7,3,10,9
"18478",2,3,5,3
"18479",2,21,23,21
"18480",3,15,18,16
"18481",4,18,22,19
"18482",3,17,20,17
"18483",2,4,6,4
"18484",3,6,9,7
"18485",2,23,25,24
"18486",3,5,8,7
"18487",1,4,5,4
"18488",1,7,8,7
"18489",1,15,16,15
"18490",2,13,15,14
"18491",1,6,7,6
"18492",5,25,30,27
"18493",1,3,4,3
"18494",4,5,9,6
"18495",3,39,42,40
"18496",1,21,22,21
"18497",2,11,13,12
"18498",2,7,9,8
"18499",3,9,12,9
"18500",2,22,24,22
"18501",2,3,5,4
"18502",2,4,6,4
"18503",2,8,10,8
"18504",2,2,4,3
"18505",1,1,2,1
"18506",1,3,4,3
"18507",12,20,32,29
"18508",5,18,23,20
"18509",2,9,11,9
"18510",5,2,7,5
"18511",1,2,3,2
"18512",1,10,11,10
"18513",1,2,3,2
"18514",1,10,11,10
"18515",3,3,6,5
"18516",1,1,2,1
"18517",1,39,40,39
"18518",3,12,15,14
"18519",1,18,19,18
"18520",2,9,11,9
"18521",3,4,7,6
"18522",5,30,35,31
"18523",1,1,2,1
"18524",2,7,9,8
"18525",3,14,17,15
"18526",1,3,4,3
"18527",1,7,8,7
"18528",3,5,8,7
"18529",3,11,14,12
"18530",2,7,9,7
"18531",2,6,8,7
"18532",1,5,6,5
"18533",2,6,8,7
"18534",1,2,3,2
"18535",2,11,13,11
"18536",3,18,21,18
"18537",1,6,7,6
"18538",3,2,5,3
"18539",2,3,5,3
"18540",1,2,3,2
"18541",4,5,9,8
"18542",1,8,9,8
"18543",2,32,34,32
"18544",1,3,4,3
"18545",1,2,3,2
"18546",2,10,12,10
"18547",3,40,43,41
"18548",3,11,14,11
"18549",4,15,19,16
"18550",3,1,4,3
"18551",2,3,5,3
"18552",1,6,7,6
"18553",1,1,2,1
"18554",10,40,50,49
"18555",2,13,15,13
"18556",2,16,18,17
"18557",2,4,6,5
"18558",2,12,14,13
"18559",1,4,5,4
"18560",3,5,8,5
"18561",2,8,10,9
"18562",1,3,4,3
"18563",1,2,3,2
"18564",2,34,36,34
"18565",1,12,13,12
"18566",2,18,20,19
"18567",3,17,20,19
"18568",1,7,8,7
"18569",1,5,6,5
"18570",2,16,18,17
"18571",3,11,14,13
"18572",2,24,26,24
"18573",1,2,3,2
"18574",1,6,7,6
"18575",2,11,13,11
"18576",1,8,9,8
"18577",6,5,11,10
"18578",3,9,12,11
"18579",2,42,44,42
"18580",1,5,6,5
"18581",2,7,9,7
"18582",7,7,14,7
"18583",1,11,12,11
"18584",1,1,2,1
"18585",4,18,22,20
"18586",3,9,12,9
"18587",2,29,31,29
"18588",3,4,7,6
"18589",4,2,6,4
"18590",1,9,10,9
"18591",2,3,5,3
"18592",1,3,4,3
"18593",1,6,7,6
"18594",1,16,17,16
"18595",1,23,24,23
"18596",1,14,15,14
"18597",2,176,178,176
"18598",1,3,4,3
"18599",5,24,29,25
"18600",4,8,12,9
"18601",3,5,8,7
"18602",3,36,39,37
"18603",1,3,4,3
"18604",2,2,4,2
"18605",1,1,2,1
"18606",2,5,7,6
"18607",7,14,21,20
"18608",4,7,11,7
"18609",1,6,7,6
"18610",6,6,12,11
"18611",5,9,14,13
"18612",1,8,9,8
"18613",1,15,16,15
"18614",4,7,11,10
"18615",1,9,10,9
"18616",2,4,6,4
"18617",2,4,6,4
"18618",3,26,29,26
"18619",2,7,9,7
"18620",5,5,10,6
"18621",5,13,18,13
"18622",1,4,5,4
"18623",1,3,4,3
"18624",6,8,14,13
"18625",1,2,3,2
"18626",1,9,10,9
"18627",1,8,9,8
"18628",3,11,14,11
"18629",2,19,21,19
"18630",1,4,5,4
"18631",3,2,5,3
"18632",1,4,5,4
"18633",1,3,4,3
"18634",4,4,8,7
"18635",1,2,3,2
"18636",1,1,2,1
"18637",1,2,3,2
"18638",3,57,60,57
"18639",1,2,3,2
"18640",8,28,36,32
"18641",2,17,19,17
"18642",3,3,6,5
"18643",7,18,25,23
"18644",3,10,13,10
"18645",2,8,10,8
"18646",1,5,6,5
"18647",2,4,6,5
"18648",1,1,2,1
"18649",3,2,5,4
"18650",3,30,33,31
"18651",5,1,6,5
"18652",3,9,12,9
"18653",1,1,2,1
"18654",1,5,6,5
"18655",5,8,13,12
"18656",2,40,42,41
"18657",7,18,25,23
"18658",2,3,5,4
"18659",4,22,26,22
"18660",2,47,49,47
"18661",4,7,11,8
"18662",1,7,8,7
"18663",2,5,7,5
"18664",2,21,23,21
"18665",1,10,11,10
"18666",6,11,17,15
"18667",1,1,2,1
"18668",5,13,18,16
"18669",2,6,8,6
"18670",1,1,2,1
"18671",1,7,8,7
"18672",1,17,18,17
"18673",1,7,8,7
"18674",19,17,36,29
"18675",1,3,4,3
"18676",1,2,3,2
"18677",1,8,9,8
"18678",1,21,22,21
"18679",2,19,21,19
"18680",1,12,13,12
"18681",1,1,2,1
"18682",1,3,4,3
"18683",2,3,5,3
"18684",3,4,7,4
"18685",1,3,4,3
"18686",1,1,2,1
"18687",3,3,6,4
"18688",1,4,5,4
"18689",4,10,14,10
"18690",1,4,5,4
"18691",4,11,15,11
"18692",5,176,181,176
"18693",8,14,22,20
"18694",1,6,7,6
"18695",1,23,24,23
"18696",1,11,12,11
"18697",1,7,8,7
"18698",3,4,7,5
"18699",2,14,16,15
"18700",3,14,17,14
"18701",3,17,20,18
"18702",1,3,4,3
"18703",1,1,2,1
"18704",1,10,11,10
"18705",4,18,22,20
"18706",1,22,23,22
"18707",3,32,35,34
"18708",2,1,3,2
"18709",2,3,5,4
"18710",1,5,6,5
"18711",1,9,10,9
"18712",1,10,11,10
"18713",1,12,13,12
"18714",7,5,12,9
"18715",1,6,7,6
"18716",2,3,5,4
"18717",7,5,12,10
"18718",1,7,8,7
"18719",4,7,11,10
"18720",2,22,24,23
"18721",4,13,17,16
"18722",1,1,2,1
"18723",1,11,12,11
"18724",1,30,31,30
"18725",1,4,5,4
"18726",1,22,23,22
"18727",1,7,8,7
"18728",5,5,10,7
"18729",1,1,2,1
"18730",2,1,3,2
"18731",1,3,4,3
"18732",1,25,26,25
"18733",4,56,60,59
"18734",2,5,7,5
"18735",1,3,4,3
"18736",1,6,7,6
"18737",5,11,16,14
"18738",6,17,23,21
"18739",2,13,15,13
"18740",1,1,2,1
"18741",2,1,3,2
"18742",9,35,44,38
"18743",3,4,7,5
"18744",2,11,13,11
"18745",2,8,10,9
"18746",16,1,17,16
"18747",5,31,36,33
"18748",5,34,39,35
"18749",1,9,10,9
"18750",1,1,2,1
"18751",1,20,21,20
"18752",1,12,13,12
"18753",1,3,4,3
"18754",3,14,17,14
"18755",3,5,8,6
"18756",3,21,24,21
"18757",1,15,16,15
"18758",4,11,15,12
"18759",1,4,5,4
"18760",1,5,6,5
"18761",1,2,3,2
"18762",1,4,5,4
"18763",1,3,4,3
"18764",1,3,4,3
"18765",2,4,6,4
"18766",4,8,12,9
"18767",2,9,11,10
"18768",2,66,68,66
"18769",1,18,19,18
"18770",2,81,83,81
"18771",2,8,10,9
"18772",11,16,27,24
"18773",1,5,6,5
"18774",4,13,17,16
"18775",6,14,20,19
"18776",4,9,13,9
"18777",1,12,13,12
"18778",2,19,21,20
"18779",2,2,4,3
"18780",1,8,9,8
"18781",2,11,13,11
"18782",1,2,3,2
"18783",3,32,35,32
"18784",1,15,16,15
"18785",1,5,6,5
"18786",1,14,15,14
"18787",1,43,44,43
"18788",4,2,6,4
"18789",2,4,6,5
"18790",7,20,27,23
"18791",2,32,34,32
"18792",2,32,34,32
"18793",3,14,17,15
"18794",1,1,2,1
"18795",2,9,11,9
"18796",3,37,40,39
"18797",1,6,7,6
"18798",3,34,37,34
"18799",2,5,7,5
"18800",1,1,2,1
"18801",16,1,17,16
"18802",1,3,4,3
"18803",1,10,11,10
"18804",18,7,25,23
"18805",8,20,28,26
"18806",2,26,28,27
"18807",2,4,6,5
"18808",1,3,4,3
"18809",2,2,4,3
"18810",9,27,36,35
"18811",2,7,9,7
"18812",1,2,3,2
"18813",14,8,22,16
"18814",4,7,11,10
"18815",3,12,15,13
"18816",2,3,5,3
"18817",2,7,9,7
"18818",1,9,10,9
"18819",5,2,7,5
"18820",7,10,17,13
"18821",1,3,4,3
"18822",3,22,25,22
"18823",2,11,13,12
"18824",1,3,4,3
"18825",4,39,43,41
"18826",9,18,27,23
"18827",1,34,35,34
"18828",5,21,26,23
"18829",2,5,7,5
"18830",4,3,7,6
"18831",2,2,4,3
"18832",2,16,18,16
"18833",2,2,4,2
"18834",2,2,4,2
"18835",2,8,10,9
"18836",2,6,8,6
"18837",2,3,5,4
"18838",1,1,2,1
"18839",3,7,10,7
"18840",1,2,3,2
"18841",19,8,27,26
"18842",3,13,16,13
"18843",1,15,16,15
"18844",3,23,26,25
"18845",2,7,9,7
"18846",3,24,27,25
"18847",1,3,4,3
"18848",1,2,3,2
"18849",5,39,44,42
"18850",1,2,3,2
"18851",3,5,8,6
"18852",1,2,3,2
"18853",2,4,6,4
"18854",2,2,4,3
"18855",2,13,15,13
"18856",2,2,4,2
"18857",1,19,20,19
"18858",1,1,2,1
"18859",3,15,18,15
"18860",3,21,24,22
"18861",2,17,19,18
"18862",1,7,8,7
"18863",2,1,3,2
"18864",2,10,12,10
"18865",1,5,6,5
"18866",4,6,10,7
"18867",1,1,2,1
"18868",1,10,11,10
"18869",3,13,16,15
"18870",1,12,13,12
"18871",1,7,8,7
"18872",3,5,8,5
"18873",1,12,13,12
"18874",1,5,6,5
"18875",2,30,32,31
"18876",6,23,29,28
"18877",5,18,23,22
"18878",3,15,18,15
"18879",4,34,38,34
"18880",3,30,33,32
"18881",1,5,6,5
"18882",2,17,19,17
"18883",1,8,9,8
"18884",1,13,14,13
"18885",1,1,2,1
"18886",2,2,4,2
"18887",1,5,6,5
"18888",1,12,13,12
"18889",2,6,8,7
"18890",12,14,26,24
"18891",2,10,12,11
"18892",8,9,17,13
"18893",1,6,7,6
"18894",2,4,6,5
"18895",1,16,17,16
"18896",1,29,30,29
"18897",1,6,7,6
"18898",1,4,5,4
"18899",2,1,3,2
"18900",1,1,2,1
"18901",2,2,4,3
"18902",2,4,6,5
"18903",1,7,8,7
"18904",1,10,11,10
"18905",1,9,10,9
"18906",3,19,22,20
"18907",7,23,30,29
"18908",1,3,4,3
"18909",1,10,11,10
"18910",2,16,18,16
"18911",2,1,3,2
"18912",1,14,15,14
"18913",3,6,9,7
"18914",2,2,4,3
"18915",3,3,6,3
"18916",2,19,21,19
"18917",11,3,14,13
"18918",5,35,40,35
"18919",1,3,4,3
"18920",1,2,3,2
"18921",2,23,25,24
"18922",2,5,7,5
"18923",2,7,9,8
"18924",1,5,6,5
"18925",1,7,8,7
"18926",1,1,2,1
"18927",1,4,5,4
"18928",15,15,30,15
"18929",3,4,7,5
"18930",5,3,8,7
"18931",2,4,6,4
"18932",1,1,2,1
"18933",3,3,6,5
"18934",1,9,10,9
"18935",1,1,2,1
"18936",1,1,2,1
"18937",1,1,2,1
"18938",1,1,2,1
"18939",6,17,23,19
"18940",3,3,6,3
"18941",2,8,10,9
"18942",2,9,11,10
"18943",2,6,8,6
"18944",4,8,12,11
"18945",4,18,22,19
"18946",2,15,17,15
"18947",1,1,2,1
"18948",1,5,6,5
"18949",19,5,24,22
"18950",4,39,43,40
"18951",5,10,15,14
"18952",1,6,7,6
"18953",2,8,10,9
"18954",5,3,8,7
"18955",1,6,7,6
"18956",1,7,8,7
"18957",1,12,13,12
"18958",3,3,6,3
"18959",7,3,10,8
"18960",1,1,2,1
"18961",7,176,183,182
"18962",1,6,7,6
"18963",8,31,39,37
"18964",1,5,6,5
"18965",2,3,5,4
"18966",1,4,5,4
"18967",1,9,10,9
"18968",1,16,17,16
"18969",4,1,5,4
"18970",2,8,10,8
"18971",3,4,7,5
"18972",1,6,7,6
"18973",1,4,5,4
"18974",1,17,18,17
"18975",2,25,27,25
"18976",1,9,10,9
"18977",1,9,10,9
"18978",1,3,4,3
"18979",1,1,2,1
"18980",8,3,11,10
"18981",2,7,9,7
"18982",2,26,28,26
"18983",4,27,31,27
"18984",4,34,38,34
"18985",2,7,9,8
"18986",1,22,23,22
"18987",2,6,8,6
"18988",3,31,34,32
"18989",1,8,9,8
"18990",3,18,21,19
"18991",3,8,11,8
"18992",5,16,21,17
"18993",1,13,14,13
"18994",3,14,17,16
"18995",3,27,30,29
"18996",3,4,7,5
"18997",13,13,26,24
"18998",2,11,13,11
"18999",4,7,11,9
"19000",2,2,4,3
"19001",4,4,8,4
"19002",3,7,10,7
"19003",5,4,9,8
"19004",3,2,5,3
"19005",1,7,8,7
"19006",4,7,11,7
"19007",2,11,13,12
"19008",1,3,4,3
"19009",1,8,9,8
"19010",3,20,23,21
"19011",4,2,6,5
"19012",2,9,11,9
"19013",1,3,4,3
"19014",1,2,3,2
"19015",1,1,2,1
"19016",7,28,35,33
"19017",3,5,8,6
"19018",1,3,4,3
"19019",14,4,18,17
"19020",1,5,6,5
"19021",1,22,23,22
"19022",3,23,26,25
"19023",1,2,3,2
"19024",1,2,3,2
"19025",1,9,10,9
"19026",2,1,3,2
"19027",3,5,8,6
"19028",4,2,6,5
"19029",3,5,8,7
"19030",2,3,5,4
"19031",1,7,8,7
"19032",3,34,37,34
"19033",2,38,40,39
"19034",3,11,14,13
"19035",1,1,2,1
"19036",1,7,8,7
"19037",1,5,6,5
"19038",2,17,19,18
"19039",1,12,13,12
"19040",1,10,11,10
"19041",3,19,22,21
"19042",1,5,6,5
"19043",2,9,11,10
"19044",1,5,6,5
"19045",3,5,8,7
"19046",1,14,15,14
"19047",1,14,15,14
"19048",1,1,2,1
"19049",4,15,19,17
"19050",5,8,13,12
"19051",1,7,8,7
"19052",1,13,14,13
"19053",1,2,3,2
"19054",3,6,9,7
"19055",2,4,6,4
"19056",2,7,9,7
"19057",2,20,22,20
"19058",3,6,9,7
"19059",1,5,6,5
"19060",1,5,6,5
"19061",1,2,3,2
"19062",3,12,15,12
"19063",2,21,23,22
"19064",1,7,8,7
"19065",2,19,21,19
"19066",2,25,27,26
"19067",4,14,18,16
"19068",1,5,6,5
"19069",3,8,11,10
"19070",1,1,2,1
"19071",10,10,20,10
"19072",7,12,19,15
"19073",11,39,50,43
"19074",2,6,8,6
"19075",2,12,14,13
"19076",1,3,4,3
"19077",1,2,3,2
"19078",1,1,2,1
"19079",2,2,4,3
"19080",2,4,6,4
"19081",1,6,7,6
"19082",2,3,5,3
"19083",2,4,6,5
"19084",4,39,43,41
"19085",5,17,22,20
"19086",7,8,15,14
"19087",1,4,5,4
"19088",7,21,28,27
"19089",3,12,15,13
"19090",1,3,4,3
"19091",1,1,2,1
"19092",2,6,8,6
"19093",40,9,49,48
"19094",1,4,5,4
"19095",5,18,23,19
"19096",5,8,13,11
"19097",2,13,15,13
"19098",2,19,21,20
"19099",1,1,2,1
"19100",2,10,12,10
"19101",4,2,6,5
"19102",1,5,6,5
"19103",2,9,11,9
"19104",1,4,5,4
"19105",1,2,3,2
"19106",1,17,18,17
"19107",1,13,14,13
"19108",3,8,11,9
"19109",2,3,5,4
"19110",2,16,18,17
"19111",5,19,24,20
"19112",3,24,27,26
"19113",9,4,13,12
"19114",1,6,7,6
"19115",4,15,19,17
"19116",1,15,16,15
"19117",1,1,2,1
"19118",3,56,59,58
"19119",1,7,8,7
"19120",1,1,2,1
"19121",1,1,2,1
"19122",2,7,9,7
"19123",1,9,10,9
"19124",3,10,13,12
"19125",5,21,26,24
"19126",1,26,27,26
"19127",14,32,46,42
"19128",3,22,25,24
"19129",1,1,2,1
"19130",1,2,3,2
"19131",1,2,3,2
"19132",2,25,27,26
"19133",2,25,27,25
"19134",6,21,27,25
"19135",5,19,24,23
"19136",7,20,27,23
"19137",2,9,11,10
"19138",1,4,5,4
"19139",2,7,9,8
"19140",2,15,17,15
"19141",7,7,14,7
"19142",9,176,185,182
"19143",2,2,4,3
"19144",1,1,2,1
"19145",2,7,9,8
"19146",1,2,3,2
"19147",2,1,3,2
"19148",2,3,5,3
"19149",2,8,10,8
"19150",6,176,182,179
"19151",1,3,4,3
"19152",1,2,3,2
"19153",3,22,25,22
"19154",2,2,4,3
"19155",2,21,23,21
"19156",1,4,5,4
"19157",6,5,11,9
"19158",1,1,2,1
"19159",4,10,14,13
"19160",5,6,11,10
"19161",1,1,2,1
"19162",2,10,12,10
"19163",2,7,9,7
"19164",1,1,2,1
"19165",3,12,15,12
"19166",5,11,16,14
"19167",2,12,14,13
"19168",1,1,2,1
"19169",4,5,9,7
"19170",2,3,5,4
"19171",2,8,10,9
"19172",16,7,23,22
"19173",1,6,7,6
"19174",1,20,21,20
"19175",1,6,7,6
"19176",1,1,2,1
"19177",2,7,9,8
"19178",4,5,9,6
"19179",4,7,11,10
"19180",9,81,90,87
"19181",1,1,2,1
"19182",1,12,13,12
"19183",3,2,5,3
"19184",1,10,11,10
"19185",2,26,28,27
"19186",1,8,9,8
"19187",2,18,20,19
"19188",3,22,25,22
"19189",1,5,6,5
"19190",3,5,8,6
"19191",3,7,10,7
"19192",5,18,23,22
"19193",1,10,11,10
"19194",4,4,8,7
"19195",7,3,10,9
"19196",7,19,26,19
"19197",4,10,14,12
"19198",1,5,6,5
"19199",1,6,7,6
"19200",1,1,2,1
"19201",1,9,10,9
"19202",4,10,14,13
"19203",4,6,10,8
"19204",1,7,8,7
"19205",2,7,9,7
"19206",2,7,9,7
"19207",13,8,21,20
"19208",7,23,30,29
"19209",3,13,16,15
"19210",2,6,8,7
"19211",2,6,8,6
"19212",1,5,6,5
"19213",1,3,4,3
"19214",2,22,24,23
"19215",1,4,5,4
"19216",2,7,9,7
"19217",5,9,14,12
"19218",5,8,13,12
"19219",2,30,32,30
"19220",1,1,2,1
"19221",2,2,4,3
"19222",1,4,5,4
"19223",3,9,12,10
"19224",1,2,3,2
"19225",1,5,6,5
"19226",2,42,44,42
"19227",2,10,12,10
"19228",1,1,2,1
"19229",3,2,5,3
"19230",1,5,6,5
"19231",1,5,6,5
"19232",13,8,21,17
"19233",1,2,3,2
"19234",1,2,3,2
"19235",2,7,9,7
"19236",8,28,36,32
"19237",1,8,9,8
"19238",10,9,19,17
"19239",1,6,7,6
"19240",3,13,16,15
"19241",2,7,9,7
"19242",2,10,12,10
"19243",6,23,29,24
"19244",6,23,29,24
"19245",4,22,26,22
"19246",2,7,9,8
"19247",2,38,40,38
"19248",1,1,2,1
"19249",1,4,5,4
"19250",1,4,5,4
"19251",1,11,12,11
"19252",3,20,23,21
"19253",2,16,18,17
"19254",3,5,8,7
"19255",3,16,19,18
"19256",1,4,5,4
"19257",1,3,4,3
"19258",1,3,4,3
"19259",1,1,2,1
"19260",7,34,41,37
"19261",1,10,11,10
"19262",2,9,11,10
"19263",5,34,39,36
"19264",2,8,10,9
"19265",2,9,11,10
"19266",2,10,12,10
"19267",1,34,35,34
"19268",1,4,5,4
"19269",1,7,8,7
"19270",11,7,18,15
"19271",4,2,6,5
"19272",2,2,4,2
"19273",2,3,5,3
"19274",4,13,17,13
"19275",9,14,23,22
"19276",1,3,4,3
"19277",1,24,25,24
"19278",1,2,3,2
"19279",3,2,5,4
"19280",1,4,5,4
"19281",1,23,24,23
"19282",2,9,11,9
"19283",1,29,30,29
"19284",4,14,18,14
"19285",1,9,10,9
"19286",1,4,5,4
"19287",1,2,3,2
"19288",2,4,6,4
"19289",1,8,9,8
"19290",2,2,4,2
"19291",2,10,12,11
"19292",10,10,20,18
"19293",1,1,2,1
"19294",2,12,14,12
"19295",1,12,13,12
"19296",3,26,29,27
"19297",1,12,13,12
"19298",1,7,8,7
"19299",1,1,2,1
"19300",4,3,7,6
"19301",2,24,26,24
"19302",2,10,12,11
"19303",1,2,3,2
"19304",4,8,12,10
"19305",2,4,6,5
"19306",3,3,6,3
"19307",2,4,6,5
"19308",1,21,22,21
"19309",1,8,9,8
"19310",1,17,18,17
"19311",1,13,14,13
"19312",2,5,7,6
"19313",2,7,9,7
"19314",2,3,5,4
"19315",3,4,7,6
"19316",2,10,12,10
"19317",4,20,24,23
"19318",7,60,67,61
"19319",1,1,2,1
"19320",3,4,7,6
"19321",3,11,14,12
"19322",3,21,24,23
"19323",1,1,2,1
"19324",1,3,4,3
"19325",4,1,5,4
"19326",1,6,7,6
"19327",1,14,15,14
"19328",4,11,15,11
"19329",1,17,18,17
"19330",1,2,3,2
"19331",5,6,11,8
"19332",12,176,188,183
"19333",6,7,13,9
"19334",2,10,12,10
"19335",1,1,2,1
"19336",3,7,10,8
"19337",6,29,35,32
"19338",3,11,14,11
"19339",8,30,38,36
"19340",2,11,13,12
"19341",4,7,11,8
"19342",3,3,6,3
"19343",23,8,31,30
"19344",1,13,14,13
"19345",6,25,31,29
"19346",2,8,10,8
"19347",2,11,13,12
"19348",2,22,24,22
"19349",2,6,8,6
"19350",9,2,11,9
"19351",2,5,7,5
"19352",1,10,11,10
"19353",43,8,51,50
"19354",1,1,2,1
"19355",1,18,19,18
"19356",1,4,5,4
"19357",4,15,19,17
"19358",3,6,9,6
"19359",10,8,18,15
"19360",1,25,26,25
"19361",4,14,18,14
"19362",2,10,12,10
"19363",2,17,19,18
"19364",4,8,12,9
"19365",2,13,15,14
"19366",1,7,8,7
"19367",1,1,2,1
"19368",4,11,15,13
"19369",1,7,8,7
"19370",2,5,7,6
"19371",2,3,5,3
"19372",3,18,21,19
"19373",2,36,38,36
"19374",3,4,7,6
"19375",1,5,6,5
"19376",1,8,9,8
"19377",4,10,14,12
"19378",1,9,10,9
"19379",3,8,11,9
"19380",2,14,16,14
"19381",1,22,23,22
"19382",3,8,11,10
"19383",4,5,9,8
"19384",1,2,3,2
"19385",7,40,47,41
"19386",2,8,10,9
"19387",1,13,14,13
"19388",16,45,61,58
"19389",1,13,14,13
"19390",1,1,2,1
"19391",8,16,24,22
"19392",3,31,34,31
"19393",2,9,11,10
"19394",3,20,23,22
"19395",1,37,38,37
"19396",1,8,9,8
"19397",5,19,24,20
"19398",7,5,12,10
"19399",4,29,33,29
"19400",2,4,6,5
"19401",1,1,2,1
"19402",2,11,13,12
"19403",7,12,19,13
"19404",1,4,5,4
"19405",1,2,3,2
"19406",1,1,2,1
"19407",1,5,6,5
"19408",2,22,24,23
"19409",4,15,19,17
"19410",1,25,26,25
"19411",9,11,20,15
"19412",2,18,20,18
"19413",4,7,11,9
"19414",2,5,7,5
"19415",1,5,6,5
"19416",3,10,13,11
"19417",1,19,20,19
"19418",1,2,3,2
"19419",3,31,34,33
"19420",2,7,9,8
"19421",1,7,8,7
"19422",2,4,6,5
"19423",1,39,40,39
"19424",4,30,34,33
"19425",1,15,16,15
"19426",1,1,2,1
"19427",6,2,8,6
"19428",3,3,6,3
"19429",1,7,8,7
"19430",1,8,9,8
"19431",3,21,24,21
"19432",2,20,22,20
"19433",1,22,23,22
"19434",1,8,9,8
"19435",1,13,14,13
"19436",2,6,8,7
"19437",4,4,8,7
"19438",1,6,7,6
"19439",1,10,11,10
"19440",3,8,11,10
"19441",1,8,9,8
"19442",2,4,6,5
"19443",1,39,40,39
"19444",6,6,12,9
"19445",3,19,22,21
"19446",2,9,11,9
"19447",2,8,10,9
"19448",1,5,6,5
"19449",1,2,3,2
"19450",7,21,28,27
"19451",1,6,7,6
"19452",1,3,4,3
"19453",2,3,5,3
"19454",1,4,5,4
"19455",1,3,4,3
"19456",3,3,6,3
"19457",2,3,5,4
"19458",2,15,17,15
"19459",1,3,4,3
"19460",1,7,8,7
"19461",1,1,2,1
"19462",1,6,7,6
"19463",2,6,8,6
"19464",4,10,14,10
"19465",1,6,7,6
"19466",1,6,7,6
"19467",5,7,12,11
"19468",1,3,4,3
"19469",1,5,6,5
"19470",5,25,30,29
"19471",9,3,12,11
"19472",2,7,9,7
"19473",5,6,11,9
"19474",1,1,2,1
"19475",2,18,20,18
"19476",1,12,13,12
"19477",2,24,26,24
"19478",1,3,4,3
"19479",1,9,10,9
"19480",3,21,24,21
"19481",2,6,8,7
"19482",1,6,7,6
"19483",3,2,5,4
"19484",1,3,4,3
"19485",1,1,2,1
"19486",6,9,15,14
"19487",1,5,6,5
"19488",8,11,19,17
"19489",1,6,7,6
"19490",2,21,23,22
"19491",4,32,36,35
"19492",3,15,18,15
"19493",7,2,9,7
"19494",2,7,9,8
"19495",5,8,13,11
"19496",3,18,21,19
"19497",1,2,3,2
"19498",5,15,20,17
"19499",2,2,4,3
"19500",1,34,35,34
"19501",1,1,2,1
"19502",2,1,3,2
"19503",1,7,8,7
"19504",2,11,13,11
"19505",1,4,5,4
"19506",3,14,17,15
"19507",1,4,5,4
"19508",5,9,14,9
"19509",1,1,2,1
"19510",1,9,10,9
"19511",2,14,16,14
"19512",1,9,10,9
"19513",5,28,33,31
"19514",1,14,15,14
"19515",4,25,29,25
"19516",13,3,16,14
"19517",2,7,9,7
"19518",6,47,53,51
"19519",1,2,3,2
"19520",3,3,6,3
"19521",6,1,7,6
"19522",1,8,9,8
"19523",10,28,38,31
"19524",1,4,5,4
"19525",8,8,16,15
"19526",1,30,31,30
"19527",4,20,24,22
"19528",4,21,25,24
"19529",1,2,3,2
"19530",1,1,2,1
"19531",2,4,6,5
"19532",1,3,4,3
"19533",2,1,3,2
"19534",5,5,10,7
"19535",2,20,22,20
"19536",1,3,4,3
"19537",5,6,11,8
"19538",2,17,19,18
"19539",3,4,7,5
"19540",1,11,12,11
"19541",3,4,7,6
"19542",1,2,3,2
"19543",2,2,4,3
"19544",2,4,6,5
"19545",1,7,8,7
"19546",3,6,9,6
"19547",2,38,40,38
"19548",1,6,7,6
"19549",1,10,11,10
"19550",2,30,32,31
"19551",6,14,20,18
"19552",9,11,20,19
"19553",3,4,7,6
"19554",1,5,6,5
"19555",2,14,16,14
"19556",2,4,6,5
"19557",3,4,7,6
"19558",6,11,17,14
"19559",1,1,2,1
"19560",2,16,18,16
"19561",1,5,6,5
"19562",3,1,4,3
"19563",2,1,3,2
"19564",2,6,8,7
"19565",5,29,34,33
"19566",1,17,18,17
"19567",1,7,8,7
"19568",2,8,10,8
"19569",5,15,20,17
"19570",1,28,29,28
"19571",1,3,4,3
"19572",10,39,49,47
"19573",6,1,7,6
"19574",1,2,3,2
"19575",2,7,9,8
"19576",2,8,10,8
"19577",5,9,14,13
"19578",2,3,5,3
"19579",3,12,15,14
"19580",2,5,7,6
"19581",1,4,5,4
"19582",4,4,8,6
"19583",1,1,2,1
"19584",3,32,35,32
"19585",1,35,36,35
"19586",1,1,2,1
"19587",2,2,4,3
"19588",3,4,7,6
"19589",3,6,9,7
"19590",1,26,27,26
"19591",8,4,12,8
"19592",1,2,3,2
"19593",1,12,13,12
"19594",1,24,25,24
"19595",1,3,4,3
"19596",1,4,5,4
"19597",1,4,5,4
"19598",3,10,13,12
"19599",4,4,8,6
"19600",3,42,45,42
"19601",5,37,42,40
"19602",6,36,42,39
"19603",1,3,4,3
"19604",2,5,7,5
"19605",1,3,4,3
"19606",1,3,4,3
"19607",1,8,9,8
"19608",5,2,7,6
"19609",4,7,11,9
"19610",2,1,3,2
"19611",1,9,10,9
"19612",1,8,9,8
"19613",1,5,6,5
"19614",1,12,13,12
"19615",1,6,7,6
"19616",1,4,5,4
"19617",6,29,35,31
"19618",5,5,10,8
"19619",1,17,18,17
"19620",8,27,35,33
"19621",1,8,9,8
"19622",2,11,13,11
"19623",1,3,4,3
"19624",15,5,20,17
"19625",4,13,17,16
"19626",2,4,6,5
"19627",2,9,11,9
"19628",1,3,4,3
"19629",1,1,2,1
"19630",3,4,7,5
"19631",3,12,15,12
"19632",2,7,9,7
"19633",1,18,19,18
"19634",1,4,5,4
"19635",1,2,3,2
"19636",2,32,34,32
"19637",3,11,14,11
"19638",2,11,13,11
"19639",1,41,42,41
"19640",4,7,11,10
"19641",2,2,4,2
"19642",7,3,10,9
"19643",20,14,34,33
"19644",7,38,45,43
"19645",1,1,2,1
"19646",1,7,8,7
"19647",1,19,20,19
"19648",1,10,11,10
"19649",6,9,15,13
"19650",3,35,38,36
"19651",6,1,7,6
"19652",1,14,15,14
"19653",1,1,2,1
"19654",1,1,2,1
"19655",1,2,3,2
"19656",1,13,14,13
"19657",2,13,15,13
"19658",2,21,23,22
"19659",10,2,12,10
"19660",9,15,24,22
"19661",2,12,14,13
"19662",1,15,16,15
"19663",1,1,2,1
"19664",3,3,6,5
"19665",1,2,3,2
"19666",4,11,15,11
"19667",4,2,6,5
"19668",1,22,23,22
"19669",8,13,21,19
"19670",2,7,9,7
"19671",6,14,20,19
"19672",2,13,15,14
"19673",2,20,22,20
"19674",1,13,14,13
"19675",2,2,4,3
"19676",2,8,10,8
"19677",1,11,12,11
"19678",1,17,18,17
"19679",5,12,17,15
"19680",2,10,12,11
"19681",1,7,8,7
"19682",2,16,18,17
"19683",4,29,33,29
"19684",1,1,2,1
"19685",2,3,5,4
"19686",2,11,13,11
"19687",2,34,36,35
"19688",4,7,11,10
"19689",1,4,5,4
"19690",1,4,5,4
"19691",1,2,3,2
"19692",1,34,35,34
"19693",1,2,3,2
"19694",1,7,8,7
"19695",2,2,4,3
"19696",1,9,10,9
"19697",2,5,7,6
"19698",1,10,11,10
"19699",2,7,9,7
"19700",1,1,2,1
"19701",4,5,9,6
"19702",1,4,5,4
"19703",3,1,4,3
"19704",5,10,15,13
"19705",7,16,23,20
"19706",1,8,9,8
"19707",1,1,2,1
"19708",2,3,5,4
"19709",1,5,6,5
"19710",2,16,18,16
"19711",2,3,5,3
"19712",1,2,3,2
"19713",2,19,21,19
"19714",2,18,20,19
"19715",3,16,19,18
"19716",2,8,10,8
"19717",2,1,3,2
"19718",2,14,16,15
"19719",2,23,25,24
"19720",1,1,2,1
"19721",2,11,13,12
"19722",10,22,32,28
"19723",13,24,37,29
"19724",1,2,3,2
"19725",3,6,9,7
"19726",2,8,10,9
"19727",2,1,3,2
"19728",1,7,8,7
"19729",1,3,4,3
"19730",2,3,5,3
"19731",1,6,7,6
"19732",1,6,7,6
"19733",1,1,2,1
"19734",1,1,2,1
"19735",2,10,12,10
"19736",1,2,3,2
"19737",2,4,6,5
"19738",1,8,9,8
"19739",1,9,10,9
"19740",1,1,2,1
"19741",5,8,13,12
"19742",2,11,13,11
"19743",1,4,5,4
"19744",1,3,4,3
"19745",1,2,3,2
"19746",5,8,13,12
"19747",2,1,3,2
"19748",5,8,13,12
"19749",36,8,44,43
"19750",1,5,6,5
"19751",5,9,14,13
"19752",22,4,26,25
"19753",18,16,34,33
"19754",14,23,37,36
"19755",12,6,18,17
"19756",9,2,11,10
"19757",3,3,6,5
"19758",37,3,40,39
"19759",1,11,12,11
"19760",1,2,3,2
"19761",2,12,14,13
"19762",1,18,19,18
"19763",1,3,4,3
"19764",2,10,12,10
"19765",5,12,17,14
"19766",3,9,12,10
"19767",1,8,9,8
"19768",1,4,5,4
"19769",2,5,7,5
"19770",3,2,5,4
"19771",1,2,3,2
"19772",1,10,11,10
"19773",4,30,34,33
"19774",1,10,11,10
"19775",3,10,13,12
"19776",8,15,23,22
"19777",1,11,12,11
"19778",1,5,6,5
"19779",9,18,27,23
"19780",1,5,6,5
"19781",1,36,37,36
"19782",1,35,36,35
"19783",1,12,13,12
"19784",3,6,9,8
"19785",2,3,5,3
"19786",3,4,7,4
"19787",2,14,16,14
"19788",3,7,10,8
"19789",3,7,10,8
"19790",5,17,22,18
"19791",1,4,5,4
"19792",1,5,6,5
"19793",1,3,4,3
"19794",1,4,5,4
"19795",1,2,3,2
"19796",7,16,23,19
"19797",2,26,28,26
"19798",9,19,28,26
"19799",7,10,17,16
"19800",5,18,23,19
"19801",2,4,6,4
"19802",2,2,4,3
"19803",2,4,6,4
"19804",2,3,5,3
"19805",1,4,5,4
"19806",3,44,47,44
"19807",3,4,7,6
"19808",1,1,2,1
"19809",1,4,5,4
"19810",2,33,35,34
"19811",1,1,2,1
"19812",5,7,12,11
"19813",5,18,23,21
"19814",2,8,10,8
"19815",24,2,26,25
"19816",9,18,27,24
"19817",2,12,14,12
"19818",1,4,5,4
"19819",4,13,17,15
"19820",1,3,4,3
"19821",1,36,37,36
"19822",2,5,7,5
"19823",1,2,3,2
"19824",5,6,11,6
"19825",3,11,14,12
"19826",6,17,23,21
"19827",3,32,35,34
"19828",3,17,20,17
"19829",13,36,49,48
"19830",4,20,24,20
"19831",1,11,12,11
"19832",9,30,39,37
"19833",1,5,6,5
"19834",9,1,10,9
"19835",1,3,4,3
"19836",1,3,4,3
"19837",4,11,15,11
"19838",1,1,2,1
"19839",3,20,23,21
"19840",3,7,10,8
"19841",1,8,9,8
"19842",1,11,12,11
"19843",6,15,21,19
"19844",3,14,17,15
"19845",3,35,38,35
"19846",1,35,36,35
"19847",2,12,14,12
"19848",3,3,6,5
"19849",8,10,18,16
"19850",1,5,6,5
"19851",1,14,15,14
"19852",1,3,4,3
"19853",1,4,5,4
"19854",4,24,28,24
"19855",1,44,45,44
"19856",1,6,7,6
"19857",6,18,24,21
"19858",18,1,19,18
"19859",3,1,4,3
"19860",2,3,5,4
"19861",1,15,16,15
"19862",1,4,5,4
"19863",2,1,3,2
"19864",8,29,37,35
"19865",1,1,2,1
"19866",1,4,5,4
"19867",1,2,3,2
"19868",1,2,3,2
"19869",1,1,2,1
"19870",1,13,14,13
"19871",5,9,14,12
"19872",6,15,21,18
"19873",3,23,26,25
"19874",2,11,13,11
"19875",18,11,29,27
"19876",6,1,7,6
"19877",5,5,10,7
"19878",6,16,22,19
"19879",1,12,13,12
"19880",2,9,11,9
"19881",1,38,39,38
"19882",3,26,29,26
"19883",1,6,7,6
"19884",2,3,5,4
"19885",1,2,3,2
"19886",8,2,10,9
"19887",2,5,7,6
"19888",5,176,181,179
"19889",1,9,10,9
"19890",2,14,16,14
"19891",2,29,31,30
"19892",5,24,29,27
"19893",4,8,12,11
"19894",3,8,11,8
"19895",5,24,29,27
"19896",2,7,9,8
"19897",2,51,53,51
"19898",1,16,17,16
"19899",4,3,7,5
"19900",4,14,18,17
"19901",2,7,9,7
"19902",5,4,9,8
"19903",1,6,7,6
"19904",1,4,5,4
"19905",2,34,36,34
"19906",2,11,13,11
"19907",4,29,33,32
"19908",1,3,4,3
"19909",3,8,11,10
"19910",6,176,182,179
"19911",5,17,22,20
"19912",3,13,16,13
"19913",10,3,13,12
"19914",1,3,4,3
"19915",2,3,5,4
"19916",3,16,19,17
"19917",1,11,12,11
"19918",2,10,12,10
"19919",1,27,28,27
"19920",1,3,4,3
"19921",2,4,6,5
"19922",2,32,34,33
"19923",1,6,7,6
"19924",7,30,37,35
"19925",5,14,19,14
"19926",1,2,3,2
"19927",1,1,2,1
"19928",2,5,7,5
"19929",1,6,7,6
"19930",1,35,36,35
"19931",7,12,19,17
"19932",1,2,3,2
"19933",4,10,14,13
"19934",1,1,2,1
"19935",1,4,5,4
"19936",2,3,5,3
"19937",1,19,20,19
"19938",3,14,17,16
"19939",5,13,18,13
"19940",2,6,8,7
"19941",1,5,6,5
"19942",1,6,7,6
"19943",1,10,11,10
"19944",1,8,9,8
"19945",6,15,21,15
"19946",5,11,16,15
"19947",1,16,17,16
"19948",3,12,15,13
"19949",1,1,2,1
"19950",4,57,61,57
"19951",1,1,2,1
"19952",3,19,22,20
"19953",2,12,14,12
"19954",1,3,4,3
"19955",3,24,27,25
"19956",2,39,41,40
"19957",1,3,4,3
"19958",11,11,22,11
"19959",1,34,35,34
"19960",1,1,2,1
"19961",7,5,12,10
"19962",18,4,22,20
"19963",1,7,8,7
"19964",2,4,6,4
"19965",1,2,3,2
"19966",2,24,26,25
"19967",1,25,26,25
"19968",1,8,9,8
"19969",1,35,36,35
"19970",5,8,13,10
"19971",2,12,14,12
"19972",3,15,18,17
"19973",1,9,10,9
"19974",13,27,40,37
"19975",1,19,20,19
"19976",2,4,6,5
"19977",2,10,12,11
"19978",1,2,3,2
"19979",1,1,2,1
"19980",1,3,4,3
"19981",1,5,6,5
"19982",1,5,6,5
"19983",1,5,6,5
"19984",1,3,4,3
"19985",15,4,19,18
"19986",2,34,36,35
"19987",5,2,7,5
"19988",3,2,5,3
"19989",1,31,32,31
"19990",16,5,21,20
"19991",5,8,13,9
"19992",3,5,8,7
"19993",2,9,11,9
"19994",3,20,23,20
"19995",5,27,32,29
"19996",15,3,18,17
"19997",1,18,19,18
"19998",2,2,4,3
"19999",2,1,3,2
"20000",1,5,6,5
"20001",2,12,14,12
"20002",2,26,28,26
"20003",1,1,2,1
"20004",8,20,28,26
"20005",9,14,23,18
"20006",2,36,38,37
"20007",3,2,5,3
"20008",1,1,2,1
"20009",13,5,18,15
"20010",3,3,6,3
"20011",4,11,15,13
"20012",2,5,7,6
"20013",2,8,10,9
"20014",2,1,3,2
"20015",3,20,23,20
"20016",1,10,11,10
"20017",4,16,20,16
"20018",7,20,27,21
"20019",2,8,10,9
"20020",1,1,2,1
"20021",1,30,31,30
"20022",1,2,3,2
"20023",1,14,15,14
"20024",1,7,8,7
"20025",1,3,4,3
"20026",2,6,8,7
"20027",1,13,14,13
"20028",2,12,14,13
"20029",7,3,10,9
"20030",2,11,13,12
"20031",2,3,5,3
"20032",1,14,15,14
"20033",1,16,17,16
"20034",3,28,31,30
"20035",1,10,11,10
"20036",22,24,46,45
"20037",3,4,7,5
"20038",4,12,16,14
"20039",1,4,5,4
"20040",2,3,5,4
"20041",1,9,10,9
"20042",1,4,5,4
"20043",2,9,11,10
"20044",2,2,4,3
"20045",2,1,3,2
"20046",4,20,24,22
"20047",1,8,9,8
"20048",4,5,9,7
"20049",3,9,12,11
"20050",4,19,23,20
"20051",2,7,9,7
"20052",6,4,10,9
"20053",8,6,14,12
"20054",1,42,43,42
"20055",1,12,13,12
"20056",6,13,19,17
"20057",1,9,10,9
"20058",3,1,4,3
"20059",1,21,22,21
"20060",2,18,20,18
"20061",2,14,16,14
"20062",4,20,24,21
"20063",1,40,41,40
"20064",3,4,7,6
"20065",1,1,2,1
"20066",1,13,14,13
"20067",4,18,22,19
"20068",1,9,10,9
"20069",2,5,7,6
"20070",9,14,23,21
"20071",1,10,11,10
"20072",2,24,26,24
"20073",1,6,7,6
"20074",3,3,6,5
"20075",1,4,5,4
"20076",3,12,15,12
"20077",2,51,53,51
"20078",1,6,7,6
"20079",1,11,12,11
"20080",4,10,14,13
"20081",2,9,11,9
"20082",1,8,9,8
"20083",4,4,8,5
"20084",2,4,6,5
"20085",3,4,7,6
"20086",8,11,19,18
"20087",3,12,15,14
"20088",1,7,8,7
"20089",2,10,12,11
"20090",7,15,22,19
"20091",1,12,13,12
"20092",1,6,7,6
"20093",11,29,40,39
"20094",2,4,6,4
"20095",1,10,11,10
"20096",31,2,33,31
"20097",2,3,5,4
"20098",1,2,3,2
"20099",2,5,7,5
"20100",2,3,5,4
"20101",1,2,3,2
"20102",3,4,7,6
"20103",2,6,8,6
"20104",8,4,12,11
"20105",5,29,34,33
"20106",3,2,5,4
"20107",18,18,36,18
"20108",4,4,8,4
"20109",5,4,9,7
"20110",1,4,5,4
"20111",2,17,19,17
"20112",1,1,2,1
"20113",1,8,9,8
"20114",2,6,8,6
"20115",2,7,9,7
"20116",2,5,7,5
"20117",1,1,2,1
"20118",5,5,10,9
"20119",1,7,8,7
"20120",11,176,187,184
"20121",1,13,14,13
"20122",2,51,53,51
"20123",1,1,2,1
"20124",1,7,8,7
"20125",1,6,7,6
"20126",3,14,17,15
"20127",2,24,26,24
"20128",2,12,14,12
"20129",3,14,17,16
"20130",2,19,21,20
"20131",1,14,15,14
"20132",4,4,8,7
"20133",2,1,3,2
"20134",4,31,35,31
"20135",1,10,11,10
"20136",1,17,18,17
"20137",1,2,3,2
"20138",10,21,31,24
"20139",1,10,11,10
"20140",3,5,8,5
"20141",4,25,29,26
"20142",2,8,10,8
"20143",4,26,30,28
"20144",3,8,11,10
"20145",1,8,9,8
"20146",1,10,11,10
"20147",2,10,12,10
"20148",1,24,25,24
"20149",1,6,7,6
"20150",1,1,2,1
"20151",14,3,17,15
"20152",1,20,21,20
"20153",2,24,26,24
"20154",7,5,12,10
"20155",2,4,6,5
"20156",1,11,12,11
"20157",3,6,9,8
"20158",3,17,20,18
"20159",3,15,18,15
"20160",23,17,40,38
"20161",9,14,23,18
"20162",1,2,3,2
"20163",3,1,4,3
"20164",1,3,4,3
"20165",2,18,20,19
"20166",3,20,23,22
"20167",3,11,14,11
"20168",2,11,13,11
"20169",5,22,27,25
"20170",2,3,5,3
"20171",1,13,14,13
"20172",4,6,10,9
"20173",1,7,8,7
"20174",1,1,2,1
"20175",3,18,21,19
"20176",3,15,18,17
"20177",1,6,7,6
"20178",5,34,39,36
"20179",1,23,24,23
"20180",1,1,2,1
"20181",1,4,5,4
"20182",6,22,28,26
"20183",4,22,26,24
"20184",2,4,6,4
"20185",1,1,2,1
"20186",1,11,12,11
"20187",2,9,11,10
"20188",1,5,6,5
"20189",2,8,10,9
"20190",8,32,40,38
"20191",1,2,3,2
"20192",2,8,10,8
"20193",1,1,2,1
"20194",3,34,37,35
"20195",3,11,14,12
"20196",7,40,47,45
"20197",1,13,14,13
"20198",2,32,34,32
"20199",1,5,6,5
"20200",3,15,18,16
"20201",2,2,4,3
"20202",2,5,7,5
"20203",7,8,15,9
"20204",1,35,36,35
"20205",5,36,41,40
"20206",4,4,8,4
"20207",1,13,14,13
"20208",3,39,42,40
"20209",2,4,6,5
"20210",2,16,18,16
"20211",1,4,5,4
"20212",9,11,20,15
"20213",1,2,3,2
"20214",1,7,8,7
"20215",7,1,8,7
"20216",4,81,85,82
"20217",1,11,12,11
"20218",6,12,18,17
"20219",3,11,14,13
"20220",1,2,3,2
"20221",2,2,4,3
"20222",1,4,5,4
"20223",5,5,10,5
"20224",2,19,21,19
"20225",2,26,28,27
"20226",1,26,27,26
"20227",1,16,17,16
"20228",9,176,185,181
"20229",2,17,19,18
"20230",2,25,27,25
"20231",1,18,19,18
"20232",3,12,15,12
"20233",3,14,17,16
"20234",2,2,4,2
"20235",1,12,13,12
"20236",7,19,26,25
"20237",6,25,31,30
"20238",1,23,24,23
"20239",3,12,15,13
"20240",1,2,3,2
"20241",9,38,47,44
"20242",1,8,9,8
"20243",1,2,3,2
"20244",2,15,17,15
"20245",2,18,20,19
"20246",2,9,11,10
"20247",1,7,8,7
"20248",5,37,42,40
"20249",2,6,8,6
"20250",1,12,13,12
"20251",1,1,2,1
"20252",1,9,10,9
"20253",4,8,12,11
"20254",1,4,5,4
"20255",1,4,5,4
"20256",7,22,29,27
"20257",1,5,6,5
"20258",2,8,10,9
"20259",19,1,20,19
"20260",4,1,5,4
"20261",8,2,10,9
"20262",1,14,15,14
"20263",2,1,3,2
"20264",1,3,4,3
"20265",1,14,15,14
"20266",3,9,12,10
"20267",1,19,20,19
"20268",1,11,12,11
"20269",5,24,29,25
"20270",1,5,6,5
"20271",2,12,14,12
"20272",2,26,28,26
"20273",2,3,5,4
"20274",4,13,17,15
"20275",1,2,3,2
"20276",1,2,3,2
"20277",3,11,14,13
"20278",2,23,25,24
"20279",1,24,25,24
"20280",3,51,54,52
"20281",3,30,33,31
"20282",5,176,181,179
"20283",2,5,7,5
"20284",4,11,15,12
"20285",1,1,2,1
"20286",7,10,17,12
"20287",3,3,6,3
"20288",6,25,31,27
"20289",1,2,3,2
"20290",1,10,11,10
"20291",13,39,52,48
"20292",1,4,5,4
"20293",1,2,3,2
"20294",1,5,6,5
"20295",1,22,23,22
"20296",2,36,38,36
"20297",1,22,23,22
"20298",6,31,37,36
"20299",1,17,18,17
"20300",5,25,30,28
"20301",3,4,7,6
"20302",1,6,7,6
"20303",3,2,5,3
"20304",2,6,8,6
"20305",2,3,5,4
"20306",1,12,13,12
"20307",1,15,16,15
"20308",4,17,21,18
"20309",1,10,11,10
"20310",12,2,14,12
"20311",1,3,4,3
"20312",4,21,25,24
"20313",1,9,10,9
"20314",1,1,2,1
"20315",3,11,14,12
"20316",3,14,17,15
"20317",1,16,17,16
"20318",1,1,2,1
"20319",1,2,3,2
"20320",6,44,50,47
"20321",2,7,9,8
"20322",3,20,23,20
"20323",5,66,71,68
"20324",2,8,10,9
"20325",4,5,9,6
"20326",1,5,6,5
"20327",1,8,9,8
"20328",4,12,16,13
"20329",2,36,38,36
"20330",3,5,8,7
"20331",1,2,3,2
"20332",1,6,7,6
"20333",4,12,16,14
"20334",20,23,43,42
"20335",1,3,4,3
"20336",14,41,55,54
"20337",3,17,20,18
"20338",1,12,13,12
"20339",1,1,2,1
"20340",1,15,16,15
"20341",2,8,10,8
"20342",2,9,11,10
"20343",2,2,4,3
"20344",1,1,2,1
"20345",1,6,7,6
"20346",1,4,5,4
"20347",3,8,11,9
"20348",2,2,4,3
"20349",1,4,5,4
"20350",1,25,26,25
"20351",1,2,3,2
"20352",2,1,3,2
"20353",1,2,3,2
"20354",2,20,22,21
"20355",4,17,21,20
"20356",5,18,23,22
"20357",12,30,42,39
"20358",1,1,2,1
"20359",2,15,17,16
"20360",1,2,3,2
"20361",1,38,39,38
"20362",2,8,10,8
"20363",1,4,5,4
"20364",1,2,3,2
"20365",1,3,4,3
"20366",2,11,13,11
"20367",6,8,14,13
"20368",1,2,3,2
"20369",4,38,42,41
"20370",7,15,22,19
"20371",13,27,40,37
"20372",1,20,21,20
"20373",3,5,8,5
"20374",1,2,3,2
"20375",3,5,8,7
"20376",2,5,7,6
"20377",11,1,12,11
"20378",1,7,8,7
"20379",4,5,9,6
"20380",3,35,38,36
"20381",3,19,22,19
"20382",3,5,8,7
"20383",1,32,33,32
"20384",1,5,6,5
"20385",7,14,21,20
"20386",2,13,15,14
"20387",1,15,16,15
"20388",1,12,13,12
"20389",9,18,27,23
"20390",1,1,2,1
"20391",1,13,14,13
"20392",3,6,9,8
"20393",5,28,33,30
"20394",3,31,34,32
"20395",14,17,31,30
"20396",9,9,18,16
"20397",2,2,4,2
"20398",3,40,43,40
"20399",1,3,4,3
"20400",1,1,2,1
"20401",6,40,46,42
"20402",2,5,7,5
"20403",1,7,8,7
"20404",1,4,5,4
"20405",2,44,46,45
"20406",4,16,20,17
"20407",35,2,37,35
"20408",2,15,17,15
"20409",3,5,8,7
"20410",2,18,20,19
"20411",1,18,19,18
"20412",2,5,7,5
"20413",2,4,6,5
"20414",4,6,10,9
"20415",1,10,11,10
"20416",2,2,4,3
"20417",5,20,25,24
"20418",1,1,2,1
"20419",8,30,38,32
"20420",2,19,21,20
"20421",3,48,51,49
"20422",2,24,26,24
"20423",1,5,6,5
"20424",1,7,8,7
"20425",5,7,12,9
"20426",1,10,11,10
"20427",3,12,15,13
"20428",9,36,45,43
"20429",3,21,24,23
"20430",6,1,7,6
"20431",2,1,3,2
"20432",1,10,11,10
"20433",3,7,10,9
"20434",3,4,7,5
"20435",2,12,14,12
"20436",6,37,43,40
"20437",1,25,26,25
"20438",2,8,10,8
"20439",1,21,22,21
"20440",1,14,15,14
"20441",2,2,4,3
"20442",1,1,2,1
"20443",7,2,9,8
"20444",1,34,35,34
"20445",2,18,20,18
"20446",1,5,6,5
"20447",1,1,2,1
"20448",1,1,2,1
"20449",1,7,8,7
"20450",2,3,5,4
"20451",1,1,2,1
"20452",1,9,10,9
"20453",1,2,3,2
"20454",1,4,5,4
"20455",1,10,11,10
"20456",2,5,7,5
"20457",5,19,24,22
"20458",1,21,22,21
"20459",3,26,29,27
"20460",3,13,16,13
"20461",1,3,4,3
"20462",4,1,5,4
"20463",4,7,11,10
"20464",9,2,11,10
"20465",1,6,7,6
"20466",2,57,59,57
"20467",2,19,21,20
"20468",1,7,8,7
"20469",2,4,6,5
"20470",3,28,31,29
"20471",3,19,22,21
"20472",3,9,12,11
"20473",2,3,5,3
"20474",2,3,5,4
"20475",1,13,14,13
"20476",1,1,2,1
"20477",1,2,3,2
"20478",2,13,15,14
"20479",2,5,7,5
"20480",3,6,9,8
"20481",2,7,9,7
"20482",4,1,5,4
"20483",5,14,19,17
"20484",1,2,3,2
"20485",5,30,35,33
"20486",3,5,8,6
"20487",3,23,26,23
"20488",4,4,8,6
"20489",2,7,9,8
"20490",15,46,61,59
"20491",8,10,18,16
"20492",2,14,16,15
"20493",1,36,37,36
"20494",6,11,17,14
"20495",5,13,18,15
"20496",3,29,32,29
"20497",29,14,43,42
"20498",1,7,8,7
"20499",1,1,2,1
"20500",6,1,7,6
"20501",1,1,2,1
"20502",1,34,35,34
"20503",4,19,23,20
"20504",1,1,2,1
"20505",1,6,7,6
"20506",1,2,3,2
"20507",2,6,8,6
"20508",3,3,6,3
"20509",2,34,36,35
"20510",3,4,7,6
"20511",2,11,13,11
"20512",2,8,10,9
"20513",9,1,10,9
"20514",4,17,21,19
"20515",2,19,21,19
"20516",3,15,18,17
"20517",2,8,10,9
"20518",2,1,3,2
"20519",1,1,2,1
"20520",8,8,16,8
"20521",1,2,3,2
"20522",4,5,9,7
"20523",1,8,9,8
"20524",2,5,7,6
"20525",1,6,7,6
"20526",3,14,17,14
"20527",1,2,3,2
"20528",3,11,14,12
"20529",1,4,5,4
"20530",2,15,17,15
"20531",1,4,5,4
"20532",1,3,4,3
"20533",3,21,24,21
"20534",3,27,30,28
"20535",3,12,15,14
"20536",13,30,43,42
"20537",1,21,22,21
"20538",2,4,6,4
"20539",1,2,3,2
"20540",4,7,11,9
"20541",2,16,18,16
"20542",9,1,10,9
"20543",2,3,5,3
"20544",2,11,13,12
"20545",6,9,15,12
"20546",1,12,13,12
"20547",2,12,14,13
"20548",3,6,9,6
"20549",4,3,7,6
"20550",2,2,4,3
"20551",1,3,4,3
"20552",1,8,9,8
"20553",1,14,15,14
"20554",1,6,7,6
"20555",1,5,6,5
"20556",5,1,6,5
"20557",6,1,7,6
"20558",1,7,8,7
"20559",1,4,5,4
"20560",2,12,14,12
"20561",1,24,25,24
"20562",1,2,3,2
"20563",2,9,11,10
"20564",2,17,19,18
"20565",4,8,12,9
"20566",1,15,16,15
"20567",4,1,5,4
"20568",1,8,9,8
"20569",1,7,8,7
"20570",1,2,3,2
"20571",4,13,17,13
"20572",2,24,26,24
"20573",7,12,19,13
"20574",4,5,9,8
"20575",1,14,15,14
"20576",1,10,11,10
"20577",1,1,2,1
"20578",5,5,10,5
"20579",3,3,6,4
"20580",1,7,8,7
"20581",1,2,3,2
"20582",1,7,8,7
"20583",1,1,2,1
"20584",1,5,6,5
"20585",8,32,40,38
"20586",1,4,5,4
"20587",9,11,20,17
"20588",9,30,39,36
"20589",2,26,28,26
"20590",5,34,39,35
"20591",3,2,5,4
"20592",1,3,4,3
"20593",3,6,9,7
"20594",4,3,7,6
"20595",3,19,22,21
"20596",9,33,42,40
"20597",1,4,5,4
"20598",2,1,3,2
"20599",2,7,9,8
"20600",1,2,3,2
"20601",3,2,5,4
"20602",5,1,6,5
"20603",3,11,14,13
"20604",1,38,39,38
"20605",1,6,7,6
"20606",1,3,4,3
"20607",2,13,15,13
"20608",2,30,32,30
"20609",1,2,3,2
"20610",2,5,7,5
"20611",2,1,3,2
"20612",1,3,4,3
"20613",1,2,3,2
"20614",1,4,5,4
"20615",5,2,7,6
"20616",2,1,3,2
"20617",3,22,25,24
"20618",2,3,5,4
"20619",1,11,12,11
"20620",2,5,7,6
"20621",2,1,3,2
"20622",4,20,24,21
"20623",1,5,6,5
"20624",2,25,27,25
"20625",1,8,9,8
"20626",1,13,14,13
"20627",1,6,7,6
"20628",4,29,33,30
"20629",1,9,10,9
"20630",2,18,20,19
"20631",4,15,19,15
"20632",3,4,7,4
"20633",3,1,4,3
"20634",1,9,10,9
"20635",1,10,11,10
"20636",2,13,15,13
"20637",1,41,42,41
"20638",6,28,34,31
"20639",1,18,19,18
"20640",1,3,4,3
"20641",1,2,3,2
"20642",1,7,8,7
"20643",2,81,83,82
"20644",1,4,5,4
"20645",2,12,14,13
"20646",5,8,13,11
"20647",1,5,6,5
"20648",1,1,2,1
"20649",2,10,12,11
"20650",7,4,11,10
"20651",1,14,15,14
"20652",1,3,4,3
"20653",5,38,43,42
"20654",7,2,9,8
"20655",2,6,8,7
"20656",1,11,12,11
"20657",4,24,28,25
"20658",1,7,8,7
"20659",5,7,12,8
"20660",1,2,3,2
"20661",1,8,9,8
"20662",1,8,9,8
"20663",2,2,4,2
"20664",1,1,2,1
"20665",3,9,12,10
"20666",1,1,2,1
"20667",4,23,27,26
"20668",3,11,14,12
"20669",1,4,5,4
"20670",1,6,7,6
"20671",2,5,7,6
"20672",1,9,10,9
"20673",1,1,2,1
"20674",1,3,4,3
"20675",1,14,15,14
"20676",4,14,18,17
"20677",1,35,36,35
"20678",9,40,49,45
"20679",5,2,7,5
"20680",2,4,6,4
"20681",6,6,12,9
"20682",1,1,2,1
"20683",1,2,3,2
"20684",1,14,15,14
"20685",3,5,8,7
"20686",3,35,38,35
"20687",1,11,12,11
"20688",3,17,20,17
"20689",1,11,12,11
"20690",6,26,32,31
"20691",2,2,4,2
"20692",1,6,7,6
"20693",1,17,18,17
"20694",3,36,39,37
"20695",5,3,8,7
"20696",3,1,4,3
"20697",1,13,14,13
"20698",8,25,33,31
"20699",4,7,11,7
"20700",1,14,15,14
"20701",1,2,3,2
"20702",1,5,6,5
"20703",2,32,34,32
"20704",5,7,12,10
"20705",1,13,14,13
"20706",1,6,7,6
"20707",2,4,6,4
"20708",1,4,5,4
"20709",4,4,8,6
"20710",4,3,7,4
"20711",2,9,11,9
"20712",1,18,19,18
"20713",2,5,7,5
"20714",2,6,8,6
"20715",27,4,31,30
"20716",1,5,6,5
"20717",2,5,7,5
"20718",2,3,5,3
"20719",4,2,6,4
"20720",4,6,10,9
"20721",2,6,8,6
"20722",2,12,14,12
"20723",1,12,13,12
"20724",1,3,4,3
"20725",1,5,6,5
"20726",1,2,3,2
"20727",5,13,18,16
"20728",2,12,14,12
"20729",1,3,4,3
"20730",1,1,2,1
"20731",2,81,83,81
"20732",4,17,21,19
"20733",2,4,6,5
"20734",1,6,7,6
"20735",2,7,9,8
"20736",1,16,17,16
"20737",2,8,10,8
"20738",2,13,15,14
"20739",1,9,10,9
"20740",2,3,5,4
"20741",4,7,11,10
"20742",3,20,23,20
"20743",4,1,5,4
"20744",6,6,12,9
"20745",2,5,7,5
"20746",1,1,2,1
"20747",1,21,22,21
"20748",1,1,2,1
"20749",2,5,7,5
"20750",1,4,5,4
"20751",4,2,6,5
"20752",1,30,31,30
"20753",1,4,5,4
"20754",1,14,15,14
"20755",2,41,43,42
"20756",5,1,6,5
"20757",5,19,24,20
"20758",5,7,12,10
"20759",2,8,10,8
"20760",1,22,23,22
"20761",7,18,25,22
"20762",1,3,4,3
"20763",1,4,5,4
"20764",1,5,6,5
"20765",1,3,4,3
"20766",4,3,7,6
"20767",1,1,2,1
"20768",6,6,12,11
"20769",1,1,2,1
"20770",2,24,26,25
"20771",3,2,5,4
"20772",2,1,3,2
"20773",1,4,5,4
"20774",2,25,27,25
"20775",5,27,32,28
"20776",1,1,2,1
"20777",1,1,2,1
"20778",7,5,12,10
"20779",1,5,6,5
"20780",1,1,2,1
"20781",2,2,4,3
"20782",1,13,14,13
"20783",1,11,12,11
"20784",10,1,11,10
"20785",4,19,23,21
"20786",5,14,19,14
"20787",1,1,2,1
"20788",2,23,25,23
"20789",6,13,19,16
"20790",3,6,9,8
"20791",5,19,24,19
"20792",2,32,34,32
"20793",1,51,52,51
"20794",7,27,34,32
"20795",1,1,2,1
"20796",2,5,7,5
"20797",3,8,11,9
"20798",2,4,6,5
"20799",30,1,31,30
"20800",4,7,11,7
"20801",2,10,12,10
"20802",4,3,7,5
"20803",3,18,21,20
"20804",1,16,17,16
"20805",15,15,30,29
"20806",5,4,9,7
"20807",2,29,31,30
"20808",3,8,11,10
"20809",2,20,22,21
"20810",1,3,4,3
"20811",1,16,17,16
"20812",5,3,8,7
"20813",7,2,9,8
"20814",3,12,15,12
"20815",1,18,19,18
"20816",4,24,28,25
"20817",14,32,46,42
"20818",2,5,7,6
"20819",1,5,6,5
"20820",2,10,12,10
"20821",6,17,23,19
"20822",2,5,7,5
"20823",5,6,11,10
"20824",17,1,18,17
"20825",1,2,3,2
"20826",1,29,30,29
"20827",4,8,12,9
"20828",2,11,13,11
"20829",1,23,24,23
"20830",1,12,13,12
"20831",5,35,40,35
"20832",1,10,11,10
"20833",2,6,8,7
"20834",2,2,4,3
"20835",2,14,16,14
"20836",1,26,27,26
"20837",2,7,9,7
"20838",1,1,2,1
"20839",6,9,15,12
"20840",5,4,9,5
"20841",1,5,6,5
"20842",5,2,7,6
"20843",2,6,8,6
"20844",2,11,13,12
"20845",1,2,3,2
"20846",16,45,61,58
"20847",1,4,5,4
"20848",2,14,16,14
"20849",1,12,13,12
"20850",5,1,6,5
"20851",3,41,44,41
"20852",1,1,2,1
"20853",1,17,18,17
"20854",2,3,5,3
"20855",2,9,11,9
"20856",2,15,17,15
"20857",1,3,4,3
"20858",1,25,26,25
"20859",3,30,33,31
"20860",3,4,7,6
"20861",5,8,13,10
"20862",1,6,7,6
"20863",1,1,2,1
"20864",2,15,17,16
"20865",1,8,9,8
"20866",11,9,20,19
"20867",2,6,8,7
"20868",3,4,7,4
"20869",1,10,11,10
"20870",2,7,9,8
"20871",6,13,19,18
"20872",2,5,7,6
"20873",3,5,8,7
"20874",5,15,20,17
"20875",1,6,7,6
"20876",2,7,9,8
"20877",1,1,2,1
"20878",4,6,10,9
"20879",7,18,25,23
"20880",4,18,22,21
"20881",1,5,6,5
"20882",2,5,7,6
"20883",2,8,10,8
"20884",4,30,34,30
"20885",3,6,9,7
"20886",3,4,7,6
"20887",1,5,6,5
"20888",4,22,26,22
"20889",1,5,6,5
"20890",1,8,9,8
"20891",1,11,12,11
"20892",2,2,4,2
"20893",5,10,15,14
"20894",1,6,7,6
"20895",3,11,14,12
"20896",4,176,180,177
"20897",3,17,20,19
"20898",3,20,23,21
"20899",2,8,10,8
"20900",1,9,10,9
"20901",2,14,16,15
"20902",1,4,5,4
"20903",2,10,12,10
"20904",1,14,15,14
"20905",3,5,8,6
"20906",1,11,12,11
"20907",3,5,8,6
"20908",2,7,9,7
"20909",1,2,3,2
"20910",3,2,5,4
"20911",1,4,5,4
"20912",1,23,24,23
"20913",1,4,5,4
"20914",3,15,18,16
"20915",1,2,3,2
"20916",1,2,3,2
"20917",1,3,4,3
"20918",1,2,3,2
"20919",4,15,19,18
"20920",4,2,6,5
"20921",1,3,4,3
"20922",1,2,3,2
"20923",2,3,5,3
"20924",2,8,10,8
"20925",2,23,25,23
"20926",5,27,32,30
"20927",1,4,5,4
"20928",3,27,30,28
"20929",6,16,22,20
"20930",1,9,10,9
"20931",2,10,12,11
"20932",1,7,8,7
"20933",2,12,14,13
"20934",2,14,16,14
"20935",3,3,6,5
"20936",4,2,6,5
"20937",1,10,11,10
"20938",1,5,6,5
"20939",3,40,43,42
"20940",2,4,6,5
"20941",2,3,5,4
"20942",7,15,22,19
"20943",1,31,32,31
"20944",1,1,2,1
"20945",1,18,19,18
"20946",1,2,3,2
"20947",4,24,28,27
"20948",2,12,14,13
"20949",4,14,18,17
"20950",10,8,18,10
"20951",2,27,29,27
"20952",1,9,10,9
"20953",1,4,5,4
"20954",3,11,14,13
"20955",4,24,28,27
"20956",3,9,12,9
"20957",6,20,26,23
"20958",2,1,3,2
"20959",1,4,5,4
"20960",2,7,9,8
"20961",1,7,8,7
"20962",1,6,7,6
"20963",2,31,33,32
"20964",2,14,16,14
"20965",4,19,23,22
"20966",1,6,7,6
"20967",2,9,11,10
"20968",2,8,10,9
"20969",3,39,42,40
"20970",6,35,41,40
"20971",3,10,13,11
"20972",1,8,9,8
"20973",3,22,25,23
"20974",1,2,3,2
"20975",3,19,22,20
"20976",1,4,5,4
"20977",3,16,19,17
"20978",1,18,19,18
"20979",2,2,4,2
"20980",6,7,13,12
"20981",4,28,32,31
"20982",1,4,5,4
"20983",2,2,4,3
"20984",9,2,11,10
"20985",2,7,9,7
"20986",8,9,17,16
"20987",2,11,13,11
"20988",3,6,9,8
"20989",1,7,8,7
"20990",1,3,4,3
"20991",1,10,11,10
"20992",1,5,6,5
"20993",5,3,8,7
"20994",3,9,12,9
"20995",5,21,26,24
"20996",2,5,7,6
"20997",1,5,6,5
"20998",1,9,10,9
"20999",1,11,12,11
"21000",1,1,2,1
"21001",1,6,7,6
"21002",1,13,14,13
"21003",5,18,23,21
"21004",1,1,2,1
"21005",1,3,4,3
"21006",2,3,5,3
"21007",1,8,9,8
"21008",2,6,8,7
"21009",6,9,15,13
"21010",1,3,4,3
"21011",1,5,6,5
"21012",1,17,18,17
"21013",2,7,9,7
"21014",1,57,58,57
"21015",1,8,9,8
"21016",3,13,16,15
"21017",3,2,5,4
"21018",5,3,8,6
"21019",2,20,22,20
"21020",1,22,23,22
"21021",1,14,15,14
"21022",1,5,6,5
"21023",5,12,17,14
"21024",2,26,28,26
"21025",3,28,31,29
"21026",1,1,2,1
"21027",1,7,8,7
"21028",1,5,6,5
"21029",1,11,12,11
"21030",2,16,18,17
"21031",1,11,12,11
"21032",1,4,5,4
"21033",1,7,8,7
"21034",2,19,21,19
"21035",2,8,10,9
"21036",1,3,4,3
"21037",4,7,11,8
"21038",2,10,12,11
"21039",3,14,17,15
"21040",4,15,19,18
"21041",1,6,7,6
"21042",2,2,4,2
"21043",7,4,11,10
"21044",1,14,15,14
"21045",6,42,48,46
"21046",2,9,11,10
"21047",1,1,2,1
"21048",1,2,3,2
"21049",2,7,9,7
"21050",1,2,3,2
"21051",2,8,10,9
"21052",1,35,36,35
"21053",1,22,23,22
"21054",3,1,4,3
"21055",1,3,4,3
"21056",2,23,25,24
"21057",2,3,5,3
"21058",1,5,6,5
"21059",1,6,7,6
"21060",1,1,2,1
"21061",3,12,15,14
"21062",7,9,16,15
"21063",3,4,7,6
"21064",6,1,7,6
"21065",3,1,4,3
"21066",1,44,45,44
"21067",4,4,8,7
"21068",1,3,4,3
"21069",1,2,3,2
"21070",8,2,10,9
"21071",7,16,23,20
"21072",1,1,2,1
"21073",1,1,2,1
"21074",1,1,2,1
"21075",1,8,9,8
"21076",3,7,10,8
"21077",5,4,9,8
"21078",1,1,2,1
"21079",5,1,6,5
"21080",1,4,5,4
"21081",3,15,18,15
"21082",1,2,3,2
"21083",3,28,31,30
"21084",2,7,9,8
"21085",1,3,4,3
"21086",1,5,6,5
"21087",1,10,11,10
"21088",2,6,8,7
"21089",6,19,25,23
"21090",1,4,5,4
"21091",4,32,36,34
"21092",5,13,18,16
"21093",37,27,64,60
"21094",2,8,10,8
"21095",6,11,17,16
"21096",2,16,18,17
"21097",1,20,21,20
"21098",8,6,14,11
"21099",2,5,7,6
"21100",1,3,4,3
"21101",2,4,6,5
"21102",1,13,14,13
"21103",1,4,5,4
"21104",1,3,4,3
"21105",1,4,5,4
"21106",1,10,11,10
"21107",1,8,9,8
"21108",3,1,4,3
"21109",3,3,6,3
"21110",1,3,4,3
"21111",1,31,32,31
"21112",2,15,17,15
"21113",2,23,25,24
"21114",1,1,2,1
"21115",21,11,32,30
"21116",1,5,6,5
"21117",1,7,8,7
"21118",2,7,9,7
"21119",1,2,3,2
"21120",1,22,23,22
"21121",3,6,9,8
"21122",1,4,5,4
"21123",1,6,7,6
"21124",4,5,9,6
"21125",1,4,5,4
"21126",2,3,5,3
"21127",3,6,9,6
"21128",2,2,4,3
"21129",5,11,16,14
"21130",2,4,6,5
"21131",7,1,8,7
"21132",9,9,18,9
"21133",6,5,11,10
"21134",2,19,21,19
"21135",3,11,14,12
"21136",1,1,2,1
"21137",4,28,32,31
"21138",1,7,8,7
"21139",4,23,27,26
"21140",7,6,13,11
"21141",1,7,8,7
"21142",2,3,5,3
"21143",1,4,5,4
"21144",4,9,13,9
"21145",7,22,29,28
"21146",1,5,6,5
"21147",3,9,12,9
"21148",2,8,10,8
"21149",1,1,2,1
"21150",3,34,37,34
"21151",2,16,18,16
"21152",1,5,6,5
"21153",2,5,7,6
"21154",4,6,10,9
"21155",1,14,15,14
"21156",4,26,30,26
"21157",3,14,17,14
"21158",5,13,18,14
"21159",8,29,37,34
"21160",8,9,17,13
"21161",31,3,34,31
"21162",2,5,7,5
"21163",1,2,3,2
"21164",1,24,25,24
"21165",12,2,14,13
"21166",1,6,7,6
"21167",1,18,19,18
"21168",1,8,9,8
"21169",2,37,39,38
"21170",3,7,10,8
"21171",2,10,12,11
"21172",1,12,13,12
"21173",5,19,24,22
"21174",2,10,12,10
"21175",3,3,6,3
"21176",2,4,6,5
"21177",1,6,7,6
"21178",2,15,17,15
"21179",1,30,31,30
"21180",10,4,14,11
"21181",2,5,7,6
"21182",7,24,31,29
"21183",2,5,7,5
"21184",4,10,14,12
"21185",6,29,35,33
"21186",2,4,6,4
"21187",2,5,7,5
"21188",1,34,35,34
"21189",4,2,6,4
"21190",1,24,25,24
"21191",1,1,2,1
"21192",4,15,19,18
"21193",3,19,22,20
"21194",1,8,9,8
"21195",1,5,6,5
"21196",12,10,22,21
"21197",24,19,43,42
"21198",6,1,7,6
"21199",12,1,13,12
"21200",15,23,38,37
"21201",1,8,9,8
"21202",3,7,10,9
"21203",1,2,3,2
"21204",7,7,14,13
"21205",4,13,17,16
"21206",3,2,5,4
"21207",18,5,23,22
"21208",4,11,15,14
"21209",2,10,12,10
"21210",3,23,26,24
"21211",7,15,22,19
"21212",2,21,23,21
"21213",1,6,7,6
"21214",1,16,17,16
"21215",8,1,9,8
"21216",1,5,6,5
"21217",3,14,17,15
"21218",6,31,37,36
"21219",3,4,7,5
"21220",2,10,12,11
"21221",2,1,3,2
"21222",2,13,15,13
"21223",2,15,17,15
"21224",1,2,3,2
"21225",1,9,10,9
"21226",2,7,9,7
"21227",1,10,11,10
"21228",2,17,19,17
"21229",5,30,35,30
"21230",5,2,7,6
"21231",2,10,12,11
"21232",1,4,5,4
"21233",1,13,14,13
"21234",10,10,20,10
"21235",1,16,17,16
"21236",4,10,14,12
"21237",2,23,25,24
"21238",2,11,13,11
"21239",2,13,15,13
"21240",4,3,7,5
"21241",2,10,12,10
"21242",2,26,28,27
"21243",1,36,37,36
"21244",1,3,4,3
"21245",3,34,37,35
"21246",14,40,54,52
"21247",17,3,20,19
"21248",1,7,8,7
"21249",3,8,11,10
"21250",2,4,6,4
"21251",8,14,22,20
"21252",1,15,16,15
"21253",1,10,11,10
"21254",1,2,3,2
"21255",1,37,38,37
"21256",1,18,19,18
"21257",9,9,18,9
"21258",1,5,6,5
"21259",1,2,3,2
"21260",11,23,34,23
"21261",2,25,27,26
"21262",1,7,8,7
"21263",1,3,4,3
"21264",1,5,6,5
"21265",2,6,8,7
"21266",2,1,3,2
"21267",1,4,5,4
"21268",6,1,7,6
"21269",1,1,2,1
"21270",35,3,38,37
"21271",1,5,6,5
"21272",1,1,2,1
"21273",1,6,7,6
"21274",1,10,11,10
"21275",1,9,10,9
"21276",1,4,5,4
"21277",1,12,13,12
"21278",2,11,13,12
"21279",7,12,19,17
"21280",2,2,4,3
"21281",3,14,17,15
"21282",4,6,10,6
"21283",12,7,19,17
"21284",1,4,5,4
"21285",2,39,41,40
"21286",1,10,11,10
"21287",1,4,5,4
"21288",1,1,2,1
"21289",2,5,7,6
"21290",1,14,15,14
"21291",1,15,16,15
"21292",6,40,46,42
"21293",5,34,39,36
"21294",9,14,23,20
"21295",2,14,16,15
"21296",2,6,8,6
"21297",3,4,7,6
"21298",7,7,14,13
"21299",2,18,20,19
"21300",5,16,21,17
"21301",1,9,10,9
"21302",5,13,18,13
"21303",3,10,13,11
"21304",3,14,17,15
"21305",1,2,3,2
"21306",3,8,11,9
"21307",1,4,5,4
"21308",1,3,4,3
"21309",3,3,6,4
"21310",1,36,37,36
"21311",2,2,4,3
"21312",2,19,21,19
"21313",2,7,9,7
"21314",4,27,31,29
"21315",2,11,13,11
"21316",2,6,8,7
"21317",2,3,5,4
"21318",4,11,15,12
"21319",3,12,15,12
"21320",1,4,5,4
"21321",1,14,15,14
"21322",1,16,17,16
"21323",5,11,16,13
"21324",1,14,15,14
"21325",6,3,9,8
"21326",1,1,2,1
"21327",1,7,8,7
"21328",1,3,4,3
"21329",2,16,18,17
"21330",5,10,15,13
"21331",3,1,4,3
"21332",1,9,10,9
"21333",7,29,36,34
"21334",2,1,3,2
"21335",1,4,5,4
"21336",2,24,26,25
"21337",1,1,2,1
"21338",3,12,15,14
"21339",2,12,14,12
"21340",2,7,9,8
"21341",2,2,4,2
"21342",1,3,4,3
"21343",2,2,4,2
"21344",4,2,6,4
"21345",3,14,17,15
"21346",1,14,15,14
"21347",1,2,3,2
"21348",9,21,30,26
"21349",1,11,12,11
"21350",1,4,5,4
"21351",2,6,8,6
"21352",4,11,15,12
"21353",1,12,13,12
"21354",6,21,27,21
"21355",7,5,12,10
"21356",1,8,9,8
"21357",1,9,10,9
"21358",1,1,2,1
"21359",2,5,7,5
"21360",1,1,2,1
"21361",2,6,8,6
"21362",1,3,4,3
"21363",6,9,15,11
"21364",9,81,90,89
"21365",2,7,9,7
"21366",1,2,3,2
"21367",2,9,11,9
"21368",5,26,31,29
"21369",4,20,24,21
"21370",1,3,4,3
"21371",4,11,15,13
"21372",1,1,2,1
"21373",1,34,35,34
"21374",2,6,8,7
"21375",1,35,36,35
"21376",2,11,13,11
"21377",2,2,4,3
"21378",3,1,4,3
"21379",1,9,10,9
"21380",1,1,2,1
"21381",2,7,9,7
"21382",2,3,5,4
"21383",1,3,4,3
"21384",1,1,2,1
"21385",3,6,9,8
"21386",7,4,11,10
"21387",1,3,4,3
"21388",2,2,4,3
"21389",2,1,3,2
"21390",1,1,2,1
"21391",4,8,12,11
"21392",1,15,16,15
"21393",1,10,11,10
"21394",5,9,14,13
"21395",1,2,3,2
"21396",1,28,29,28
"21397",2,3,5,4
"21398",1,9,10,9
"21399",5,6,11,6
"21400",3,30,33,32
"21401",1,1,2,1
"21402",1,6,7,6
"21403",8,8,16,8
"21404",1,9,10,9
"21405",1,15,16,15
"21406",8,30,38,32
"21407",1,3,4,3
"21408",3,5,8,7
"21409",1,1,2,1
"21410",1,10,11,10
"21411",7,3,10,9
"21412",2,9,11,10
"21413",1,1,2,1
"21414",1,2,3,2
"21415",3,8,11,9
"21416",1,7,8,7
"21417",1,7,8,7
"21418",1,4,5,4
"21419",3,15,18,16
"21420",2,8,10,8
"21421",2,14,16,15
"21422",2,5,7,5
"21423",1,17,18,17
"21424",2,29,31,29
"21425",2,25,27,25
"21426",3,8,11,9
"21427",6,6,12,9
"21428",1,2,3,2
"21429",3,8,11,10
"21430",2,11,13,12
"21431",1,3,4,3
"21432",8,1,9,8
"21433",2,2,4,3
"21434",4,39,43,41
"21435",1,2,3,2
"21436",6,28,34,32
"21437",2,19,21,19
"21438",5,20,25,23
"21439",4,6,10,8
"21440",1,14,15,14
"21441",1,3,4,3
"21442",3,19,22,20
"21443",5,3,8,5
"21444",1,9,10,9
"21445",2,5,7,6
"21446",3,22,25,22
"21447",5,30,35,34
"21448",1,57,58,57
"21449",1,2,3,2
"21450",1,2,3,2
"21451",3,3,6,4
"21452",1,22,23,22
"21453",1,16,17,16
"21454",6,1,7,6
"21455",4,3,7,6
"21456",1,4,5,4
"21457",1,21,22,21
"21458",4,9,13,9
"21459",1,9,10,9
"21460",1,2,3,2
"21461",8,6,14,13
"21462",1,2,3,2
"21463",10,7,17,16
"21464",6,15,21,20
"21465",1,4,5,4
"21466",5,30,35,34
"21467",1,10,11,10
"21468",3,13,16,13
"21469",6,45,51,49
"21470",10,40,50,48
"21471",4,20,24,22
"21472",5,18,23,22
"21473",1,1,2,1
"21474",1,1,2,1
"21475",2,4,6,5
"21476",2,10,12,11
"21477",1,5,6,5
"21478",1,5,6,5
"21479",1,1,2,1
"21480",1,1,2,1
"21481",4,1,5,4
"21482",3,4,7,4
"21483",2,6,8,6
"21484",7,11,18,17
"21485",5,1,6,5
"21486",3,19,22,21
"21487",2,6,8,7
"21488",4,6,10,6
"21489",3,19,22,20
"21490",1,2,3,2
"21491",1,5,6,5
"21492",2,3,5,4
"21493",2,4,6,4
"21494",1,10,11,10
"21495",1,4,5,4
"21496",1,22,23,22
"21497",23,14,37,36
"21498",2,16,18,16
"21499",1,2,3,2
"21500",4,8,12,11
"21501",10,2,12,11
"21502",3,51,54,53
"21503",2,9,11,9
"21504",1,1,2,1
"21505",1,10,11,10
"21506",2,4,6,5
"21507",1,7,8,7
"21508",2,2,4,2
"21509",1,6,7,6
"21510",1,2,3,2
"21511",2,19,21,20
"21512",2,5,7,6
"21513",1,4,5,4
"21514",1,4,5,4
"21515",1,9,10,9
"21516",2,21,23,21
"21517",1,2,3,2
"21518",1,12,13,12
"21519",3,34,37,35
"21520",16,8,24,23
"21521",2,7,9,7
"21522",1,38,39,38
"21523",1,14,15,14
"21524",11,23,34,23
"21525",10,3,13,11
"21526",3,39,42,41
"21527",1,4,5,4
"21528",18,30,48,46
"21529",1,1,2,1
"21530",4,5,9,7
"21531",1,22,23,22
"21532",1,22,23,22
"21533",8,31,39,35
"21534",3,7,10,9
"21535",3,7,10,8
"21536",2,3,5,4
"21537",1,2,3,2
"21538",1,3,4,3
"21539",1,9,10,9
"21540",1,2,3,2
"21541",1,7,8,7
"21542",1,1,2,1
"21543",1,1,2,1
"21544",2,3,5,3
"21545",10,8,18,17
"21546",1,15,16,15
"21547",3,14,17,16
"21548",1,6,7,6
"21549",1,10,11,10
"21550",8,17,25,23
"21551",1,38,39,38
"21552",1,3,4,3
"21553",3,2,5,3
"21554",3,31,34,33
"21555",34,34,68,34
"21556",34,37,71,70
"21557",21,41,62,61
"21558",22,6,28,27
"21559",24,5,29,28
"21560",1,11,12,11
"21561",3,6,9,8
"21562",3,14,17,16
"21563",2,2,4,3
"21564",4,25,29,27
"21565",5,32,37,35
"21566",2,1,3,2
"21567",3,11,14,13
"21568",3,9,12,9
"21569",15,5,20,17
"21570",5,10,15,13
"21571",1,1,2,1
"21572",3,14,17,15
"21573",1,7,8,7
"21574",1,4,5,4
"21575",3,12,15,12
"21576",2,5,7,5
"21577",1,18,19,18
"21578",9,12,21,19
"21579",2,5,7,6
"21580",3,22,25,22
"21581",1,8,9,8
"21582",4,3,7,5
"21583",4,7,11,10
"21584",2,7,9,7
"21585",3,7,10,8
"21586",3,7,10,8
"21587",5,7,12,10
"21588",2,6,8,7
"21589",1,7,8,7
"21590",5,1,6,5
"21591",2,4,6,5
"21592",10,66,76,72
"21593",4,14,18,14
"21594",1,38,39,38
"21595",3,8,11,8
"21596",1,1,2,1
"21597",1,1,2,1
"21598",1,32,33,32
"21599",2,15,17,16
"21600",1,1,2,1
"21601",1,6,7,6
"21602",1,3,4,3
"21603",3,13,16,14
"21604",9,18,27,23
"21605",1,19,20,19
"21606",1,8,9,8
"21607",4,11,15,14
"21608",1,1,2,1
"21609",6,7,13,12
"21610",1,4,5,4
"21611",2,4,6,5
"21612",3,4,7,6
"21613",2,2,4,2
"21614",2,1,3,2
"21615",1,8,9,8
"21616",1,3,4,3
"21617",5,14,19,18
"21618",1,14,15,14
"21619",2,3,5,3
"21620",2,4,6,4
"21621",1,7,8,7
"21622",1,1,2,1
"21623",1,3,4,3
"21624",10,5,15,14
"21625",1,21,22,21
"21626",1,21,22,21
"21627",6,17,23,21
"21628",3,19,22,21
"21629",4,1,5,4
"21630",2,4,6,4
"21631",2,1,3,2
"21632",4,20,24,20
"21633",1,3,4,3
"21634",5,27,32,28
"21635",4,17,21,17
"21636",9,11,20,15
"21637",1,2,3,2
"21638",1,1,2,1
"21639",1,5,6,5
"21640",15,42,57,53
"21641",3,5,8,6
"21642",1,8,9,8
"21643",1,10,11,10
"21644",11,30,41,40
"21645",3,34,37,34
"21646",1,11,12,11
"21647",1,14,15,14
"21648",1,4,5,4
"21649",1,4,5,4
"21650",1,4,5,4
"21651",2,7,9,7
"21652",2,3,5,3
"21653",1,6,7,6
"21654",1,2,3,2
"21655",1,1,2,1
"21656",1,3,4,3
"21657",2,5,7,5
"21658",3,31,34,32
"21659",4,10,14,12
"21660",1,7,8,7
"21661",1,3,4,3
"21662",1,8,9,8
"21663",3,24,27,24
"21664",1,4,5,4
"21665",2,18,20,18
"21666",1,2,3,2
"21667",2,9,11,10
"21668",1,7,8,7
"21669",2,9,11,9
"21670",2,23,25,23
"21671",5,2,7,5
"21672",2,14,16,14
"21673",1,9,10,9
"21674",2,14,16,15
"21675",8,7,15,12
"21676",1,5,6,5
"21677",1,5,6,5
"21678",2,1,3,2
"21679",1,2,3,2
"21680",1,3,4,3
"21681",1,5,6,5
"21682",3,8,11,10
"21683",2,29,31,30
"21684",3,14,17,15
"21685",2,10,12,10
"21686",2,10,12,11
"21687",1,3,4,3
"21688",5,5,10,9
"21689",3,11,14,12
"21690",1,4,5,4
"21691",1,4,5,4
"21692",1,6,7,6
"21693",1,1,2,1
"21694",2,6,8,6
"21695",3,4,7,5
"21696",1,3,4,3
"21697",1,4,5,4
"21698",2,24,26,24
"21699",1,31,32,31
"21700",1,6,7,6
"21701",2,7,9,7
"21702",1,3,4,3
"21703",1,3,4,3
"21704",1,5,6,5
"21705",3,1,4,3
"21706",5,6,11,9
"21707",2,1,3,2
"21708",1,7,8,7
"21709",1,2,3,2
"21710",2,2,4,3
"21711",2,21,23,22
"21712",6,21,27,23
"21713",2,34,36,35
"21714",1,1,2,1
"21715",1,1,2,1
"21716",1,7,8,7
"21717",9,28,37,35
"21718",2,5,7,5
"21719",1,10,11,10
"21720",2,4,6,4
"21721",2,3,5,3
"21722",5,29,34,30
"21723",1,4,5,4
"21724",1,20,21,20
"21725",3,10,13,12
"21726",5,21,26,23
"21727",2,14,16,14
"21728",1,4,5,4
"21729",2,8,10,9
"21730",2,15,17,16
"21731",1,8,9,8
"21732",1,11,12,11
"21733",3,3,6,4
"21734",2,3,5,4
"21735",1,3,4,3
"21736",3,18,21,19
"21737",1,9,10,9
"21738",3,9,12,10
"21739",12,23,35,34
"21740",12,30,42,39
"21741",2,6,8,6
"21742",10,45,55,52
"21743",5,26,31,30
"21744",1,11,12,11
"21745",1,11,12,11
"21746",3,13,16,13
"21747",1,29,30,29
"21748",1,11,12,11
"21749",1,6,7,6
"21750",1,4,5,4
"21751",1,1,2,1
"21752",1,5,6,5
"21753",4,19,23,19
"21754",1,4,5,4
"21755",1,10,11,10
"21756",2,4,6,4
"21757",8,16,24,23
"21758",2,3,5,4
"21759",1,5,6,5
"21760",1,1,2,1
"21761",2,1,3,2
"21762",1,14,15,14
"21763",2,10,12,11
"21764",16,30,46,44
"21765",2,18,20,19
"21766",1,5,6,5
"21767",1,2,3,2
"21768",1,7,8,7
"21769",3,6,9,8
"21770",8,9,17,15
"21771",1,5,6,5
"21772",2,8,10,9
"21773",10,2,12,11
"21774",1,11,12,11
"21775",13,1,14,13
"21776",1,6,7,6
"21777",2,5,7,5
"21778",5,2,7,6
"21779",4,31,35,31
"21780",12,7,19,16
"21781",1,1,2,1
"21782",4,4,8,7
"21783",11,19,30,27
"21784",4,7,11,9
"21785",1,35,36,35
"21786",1,5,6,5
"21787",1,9,10,9
"21788",2,3,5,4
"21789",3,30,33,31
"21790",1,5,6,5
"21791",1,16,17,16
"21792",11,35,46,44
"21793",4,4,8,6
"21794",1,8,9,8
"21795",1,3,4,3
"21796",1,8,9,8
"21797",1,4,5,4
"21798",3,13,16,15
"21799",2,9,11,10
"21800",5,45,50,47
"21801",6,13,19,17
"21802",2,5,7,5
"21803",1,6,7,6
"21804",1,3,4,3
"21805",2,13,15,13
"21806",1,8,9,8
"21807",2,27,29,27
"21808",3,1,4,3
"21809",5,11,16,15
"21810",6,4,10,9
"21811",1,3,4,3
"21812",9,23,32,31
"21813",18,1,19,18
"21814",4,5,9,6
"21815",8,4,12,8
"21816",2,9,11,10
"21817",1,7,8,7
"21818",1,3,4,3
"21819",4,8,12,8
"21820",1,2,3,2
"21821",3,21,24,22
"21822",2,6,8,6
"21823",2,1,3,2
"21824",2,2,4,2
"21825",2,15,17,16
"21826",1,9,10,9
"21827",1,2,3,2
"21828",1,35,36,35
"21829",1,1,2,1
"21830",2,6,8,6
"21831",1,16,17,16
"21832",4,29,33,30
"21833",2,4,6,4
"21834",5,4,9,7
"21835",3,15,18,15
"21836",3,11,14,13
"21837",2,21,23,22
"21838",3,6,9,7
"21839",2,17,19,18
"21840",1,1,2,1
"21841",3,3,6,5
"21842",10,18,28,24
"21843",4,22,26,22
"21844",1,1,2,1
"21845",4,5,9,8
"21846",2,42,44,42
"21847",6,13,19,18
"21848",10,27,37,33
"21849",2,5,7,5
"21850",3,4,7,6
"21851",1,10,11,10
"21852",1,10,11,10
"21853",1,1,2,1
"21854",7,18,25,24
"21855",3,7,10,9
"21856",2,10,12,11
"21857",1,21,22,21
"21858",1,3,4,3
"21859",4,19,23,22
"21860",2,1,3,2
"21861",2,12,14,12
"21862",1,2,3,2
"21863",1,3,4,3
"21864",4,3,7,6
"21865",3,12,15,14
"21866",6,14,20,16
"21867",2,21,23,21
"21868",2,66,68,66
"21869",3,5,8,6
"21870",7,14,21,18
"21871",1,2,3,2
"21872",1,1,2,1
"21873",16,45,61,58
"21874",1,27,28,27
"21875",2,6,8,7
"21876",1,11,12,11
"21877",2,2,4,3
"21878",1,3,4,3
"21879",1,20,21,20
"21880",2,13,15,14
"21881",7,1,8,7
"21882",2,1,3,2
"21883",3,8,11,9
"21884",1,7,8,7
"21885",2,1,3,2
"21886",10,1,11,10
"21887",3,20,23,20
"21888",4,6,10,9
"21889",1,5,6,5
"21890",3,12,15,14
"21891",2,1,3,2
"21892",1,11,12,11
"21893",1,1,2,1
"21894",1,4,5,4
"21895",2,32,34,32
"21896",5,30,35,30
"21897",7,7,14,12
"21898",4,7,11,9
"21899",5,43,48,47
"21900",1,7,8,7
"21901",7,3,10,9
"21902",1,53,54,53
"21903",1,2,3,2
"21904",1,7,8,7
"21905",5,34,39,35
"21906",6,176,182,178
"21907",4,11,15,12
"21908",3,9,12,9
"21909",1,6,7,6
"21910",2,15,17,16
"21911",14,40,54,52
"21912",2,10,12,10
"21913",1,1,2,1
"21914",1,3,4,3
"21915",3,7,10,8
"21916",1,4,5,4
"21917",4,6,10,9
"21918",2,8,10,8
"21919",1,10,11,10
"21920",2,3,5,4
"21921",4,24,28,24
"21922",1,9,10,9
"21923",2,9,11,10
"21924",2,2,4,3
"21925",1,1,2,1
"21926",3,13,16,13
"21927",1,1,2,1
"21928",9,16,25,23
"21929",1,31,32,31
"21930",1,3,4,3
"21931",3,1,4,3
"21932",1,6,7,6
"21933",3,6,9,8
"21934",10,51,61,60
"21935",2,4,6,4
"21936",1,1,2,1
"21937",2,4,6,5
"21938",5,5,10,5
"21939",1,3,4,3
"21940",1,8,9,8
"21941",4,3,7,5
"21942",1,4,5,4
"21943",4,16,20,18
"21944",3,17,20,18
"21945",1,8,9,8
"21946",1,1,2,1
"21947",3,2,5,4
"21948",1,6,7,6
"21949",3,12,15,13
"21950",5,11,16,12
"21951",1,4,5,4
"21952",3,10,13,11
"21953",1,4,5,4
"21954",2,9,11,10
"21955",5,7,12,9
"21956",1,6,7,6
"21957",1,20,21,20
"21958",2,9,11,10
"21959",1,6,7,6
"21960",2,15,17,16
"21961",1,2,3,2
"21962",2,10,12,11
"21963",2,4,6,4
"21964",3,3,6,4
"21965",1,5,6,5
"21966",1,1,2,1
"21967",1,4,5,4
"21968",2,13,15,14
"21969",2,11,13,12
"21970",7,16,23,19
"21971",1,11,12,11
"21972",3,2,5,3
"21973",1,9,10,9
"21974",19,2,21,20
"21975",1,23,24,23
"21976",1,1,2,1
"21977",5,28,33,31
"21978",2,3,5,4
"21979",1,1,2,1
"21980",5,30,35,31
"21981",2,1,3,2
"21982",10,9,19,17
"21983",1,2,3,2
"21984",3,4,7,6
"21985",5,32,37,35
"21986",4,8,12,10
"21987",1,1,2,1
"21988",4,21,25,22
"21989",2,23,25,24
"21990",5,2,7,6
"21991",1,8,9,8
"21992",3,20,23,20
"21993",7,10,17,16
"21994",1,31,32,31
"21995",5,30,35,34
"21996",2,3,5,4
"21997",3,39,42,40
"21998",1,1,2,1
"21999",2,30,32,31
"22000",1,1,2,1
"22001",2,4,6,5
"22002",3,9,12,10
"22003",8,30,38,36
"22004",1,6,7,6
"22005",6,15,21,18
"22006",1,4,5,4
"22007",2,1,3,2
"22008",1,7,8,7
"22009",1,8,9,8
"22010",1,23,24,23
"22011",1,8,9,8
"22012",4,1,5,4
"22013",6,25,31,30
"22014",2,2,4,3
"22015",1,6,7,6
"22016",5,10,15,14
"22017",1,1,2,1
"22018",1,9,10,9
"22019",1,3,4,3
"22020",1,7,8,7
"22021",1,1,2,1
"22022",3,21,24,22
"22023",2,5,7,6
"22024",1,7,8,7
"22025",3,3,6,5
"22026",1,11,12,11
"22027",1,4,5,4
"22028",4,26,30,27
"22029",3,12,15,13
"22030",18,36,54,51
"22031",3,4,7,6
"22032",4,2,6,5
"22033",2,13,15,14
"22034",1,6,7,6
"22035",2,7,9,7
"22036",2,10,12,10
"22037",10,10,20,18
"22038",1,8,9,8
"22039",6,7,13,12
"22040",12,10,22,21
"22041",1,4,5,4
"22042",2,8,10,9
"22043",2,9,11,10
"22044",1,12,13,12
"22045",1,5,6,5
"22046",2,8,10,8
"22047",6,9,15,12
"22048",4,15,19,18
"22049",1,17,18,17
"22050",2,5,7,6
"22051",4,4,8,4
"22052",1,1,2,1
"22053",1,4,5,4
"22054",7,33,40,38
"22055",2,10,12,10
"22056",4,19,23,21
"22057",1,4,5,4
"22058",1,10,11,10
"22059",1,13,14,13
"22060",1,7,8,7
"22061",2,22,24,23
"22062",3,4,7,5
"22063",1,4,5,4
"22064",3,15,18,16
"22065",13,24,37,29
"22066",1,2,3,2
"22067",21,56,77,76
"22068",1,8,9,8
"22069",2,17,19,17
"22070",1,7,8,7
"22071",5,9,14,11
"22072",1,5,6,5
"22073",1,3,4,3
"22074",1,6,7,6
"22075",12,18,30,25
"22076",1,1,2,1
"22077",1,4,5,4
"22078",1,7,8,7
"22079",1,1,2,1
"22080",1,3,4,3
"22081",5,12,17,15
"22082",1,11,12,11
"22083",4,38,42,38
"22084",3,15,18,16
"22085",9,36,45,43
"22086",6,9,15,13
"22087",1,2,3,2
"22088",4,7,11,10
"22089",1,22,23,22
"22090",1,4,5,4
"22091",3,25,28,26
"22092",1,19,20,19
"22093",9,2,11,10
"22094",2,27,29,27
"22095",1,22,23,22
"22096",3,45,48,47
"22097",3,1,4,3
"22098",7,4,11,10
"22099",1,2,3,2
"22100",1,4,5,4
"22101",1,3,4,3
"22102",1,9,10,9
"22103",1,2,3,2
"22104",1,18,19,18
"22105",2,10,12,11
"22106",4,3,7,4
"22107",4,26,30,27
"22108",2,1,3,2
"22109",3,2,5,4
"22110",4,2,6,4
"22111",3,7,10,7
"22112",1,2,3,2
"22113",2,4,6,4
"22114",1,2,3,2
"22115",1,2,3,2
"22116",4,11,15,14
"22117",3,7,10,8
"22118",2,6,8,7
"22119",1,13,14,13
"22120",4,4,8,7
"22121",1,30,31,30
"22122",1,3,4,3
"22123",1,8,9,8
"22124",2,1,3,2
"22125",1,5,6,5
"22126",14,15,29,28
"22127",3,8,11,8
"22128",3,3,6,5
"22129",1,5,6,5
"22130",2,1,3,2
"22131",6,6,12,9
"22132",4,12,16,13
"22133",1,5,6,5
"22134",2,3,5,4
"22135",5,45,50,48
"22136",1,13,14,13
"22137",1,2,3,2
"22138",3,19,22,20
"22139",1,3,4,3
"22140",1,4,5,4
"22141",6,24,30,24
"22142",1,3,4,3
"22143",1,7,8,7
"22144",1,1,2,1
"22145",2,11,13,11
"22146",4,4,8,5
"22147",1,1,2,1
"22148",2,5,7,5
"22149",1,3,4,3
"22150",1,1,2,1
"22151",1,18,19,18
"22152",1,6,7,6
"22153",1,7,8,7
"22154",2,10,12,10
"22155",2,14,16,14
"22156",1,34,35,34
"22157",2,9,11,10
"22158",3,4,7,4
"22159",1,2,3,2
"22160",4,27,31,30
"22161",1,3,4,3
"22162",1,19,20,19
"22163",6,17,23,20
"22164",4,8,12,11
"22165",6,21,27,26
"22166",1,12,13,12
"22167",11,21,32,26
"22168",1,8,9,8
"22169",4,3,7,6
"22170",2,5,7,6
"22171",5,24,29,25
"22172",5,15,20,18
"22173",8,41,49,46
"22174",1,2,3,2
"22175",1,3,4,3
"22176",18,22,40,37
"22177",2,8,10,9
"22178",3,13,16,14
"22179",1,2,3,2
"22180",4,2,6,5
"22181",1,8,9,8
"22182",5,19,24,22
"22183",12,5,17,16
"22184",23,12,35,34
"22185",2,13,15,14
"22186",2,10,12,10
"22187",1,10,11,10
"22188",4,15,19,16
"22189",1,9,10,9
"22190",1,4,5,4
"22191",14,10,24,22
"22192",2,7,9,7
"22193",2,10,12,10
"22194",2,4,6,5
"22195",1,12,13,12
"22196",4,2,6,4
"22197",2,18,20,19
"22198",1,6,7,6
"22199",2,20,22,21
"22200",3,7,10,7
"22201",1,1,2,1
"22202",5,3,8,7
"22203",1,7,8,7
"22204",3,13,16,14
"22205",15,33,48,46
"22206",4,10,14,11
"22207",5,6,11,8
"22208",1,1,2,1
"22209",1,1,2,1
"22210",3,15,18,17
"22211",4,7,11,8
"22212",2,16,18,17
"22213",2,4,6,4
"22214",2,1,3,2
"22215",1,8,9,8
"22216",2,8,10,8
"22217",12,20,32,31
"22218",1,1,2,1
"22219",3,19,22,20
"22220",10,28,38,31
"22221",2,34,36,34
"22222",3,18,21,19
"22223",1,7,8,7
"22224",2,11,13,12
"22225",22,1,23,22
"22226",1,18,19,18
"22227",6,34,40,38
"22228",1,5,6,5
"22229",3,22,25,24
"22230",1,14,15,14
"22231",2,23,25,23
"22232",3,2,5,4
"22233",1,10,11,10
"22234",1,14,15,14
"22235",2,2,4,3
"22236",2,2,4,2
"22237",1,2,3,2
"22238",4,26,30,27
"22239",1,9,10,9
"22240",1,18,19,18
"22241",1,15,16,15
"22242",10,6,16,14
"22243",3,8,11,9
"22244",2,2,4,3
"22245",7,2,9,8
"22246",4,18,22,20
"22247",2,12,14,12
"22248",1,1,2,1
"22249",1,1,2,1
"22250",2,10,12,10
"22251",2,5,7,5
"22252",1,24,25,24
"22253",2,12,14,12
"22254",1,4,5,4
"22255",1,2,3,2
"22256",2,10,12,10
"22257",1,5,6,5
"22258",1,8,9,8
"22259",1,12,13,12
"22260",2,18,20,18
"22261",3,16,19,17
"22262",5,2,7,5
"22263",3,9,12,10
"22264",14,11,25,23
"22265",5,32,37,34
"22266",3,7,10,9
"22267",8,5,13,12
"22268",1,17,18,17
"22269",6,5,11,10
"22270",3,4,7,5
"22271",1,12,13,12
"22272",4,5,9,5
"22273",10,1,11,10
"22274",1,3,4,3
"22275",8,21,29,28
"22276",1,9,10,9
"22277",3,57,60,58
"22278",15,45,60,55
"22279",1,6,7,6
"22280",1,12,13,12
"22281",1,6,7,6
"22282",1,8,9,8
"22283",1,1,2,1
"22284",1,6,7,6
"22285",2,5,7,5
"22286",1,4,5,4
"22287",1,1,2,1
"22288",1,1,2,1
"22289",1,6,7,6
"22290",1,12,13,12
"22291",11,5,16,14
"22292",1,4,5,4
"22293",1,10,11,10
"22294",6,16,22,19
"22295",1,4,5,4
"22296",1,7,8,7
"22297",3,6,9,6
"22298",4,5,9,8
"22299",6,6,12,8
"22300",1,17,18,17
"22301",13,27,40,37
"22302",7,21,28,24
"22303",1,8,9,8
"22304",2,16,18,16
"22305",5,6,11,10
"22306",5,8,13,11
"22307",1,5,6,5
"22308",1,2,3,2
"22309",6,7,13,11
"22310",1,4,5,4
"22311",7,5,12,8
"22312",2,17,19,17
"22313",4,15,19,15
"22314",1,2,3,2
"22315",1,7,8,7
"22316",3,3,6,5
"22317",2,38,40,39
"22318",1,1,2,1
"22319",2,19,21,20
"22320",5,30,35,32
"22321",1,1,2,1
"22322",7,2,9,8
"22323",1,16,17,16
"22324",6,15,21,20
"22325",1,3,4,3
"22326",3,16,19,17
"22327",1,26,27,26
"22328",5,21,26,23
"22329",1,1,2,1
"22330",9,11,20,17
"22331",2,2,4,2
"22332",5,36,41,38
"22333",1,2,3,2
"22334",1,7,8,7
"22335",1,5,6,5
"22336",5,17,22,21
"22337",1,1,2,1
"22338",1,9,10,9
"22339",1,24,25,24
"22340",1,3,4,3
"22341",2,17,19,18
"22342",2,3,5,4
"22343",3,25,28,25
"22344",1,1,2,1
"22345",2,12,14,12
"22346",1,3,4,3
"22347",7,6,13,12
"22348",2,3,5,3
"22349",10,8,18,17
"22350",4,14,18,15
"22351",5,25,30,28
"22352",1,1,2,1
"22353",3,7,10,8
"22354",2,8,10,9
"22355",2,30,32,30
"22356",1,6,7,6
"22357",3,13,16,14
"22358",1,1,2,1
"22359",3,9,12,10
"22360",3,24,27,25
"22361",1,3,4,3
"22362",1,4,5,4
"22363",1,4,5,4
"22364",3,8,11,10
"22365",1,13,14,13
"22366",1,1,2,1
"22367",6,2,8,7
"22368",1,4,5,4
"22369",3,29,32,31
"22370",2,10,12,11
"22371",1,5,6,5
"22372",1,27,28,27
"22373",2,11,13,12
"22374",2,10,12,11
"22375",4,57,61,58
"22376",4,5,9,6
"22377",1,5,6,5
"22378",2,7,9,8
"22379",1,2,3,2
"22380",5,11,16,15
"22381",1,3,4,3
"22382",1,3,4,3
"22383",1,18,19,18
"22384",1,3,4,3
"22385",2,3,5,3
"22386",1,10,11,10
"22387",1,24,25,24
"22388",8,5,13,12
"22389",2,32,34,33
"22390",16,27,43,41
"22391",1,4,5,4
"22392",1,6,7,6
"22393",2,11,13,12
"22394",1,2,3,2
"22395",7,34,41,37
"22396",3,1,4,3
"22397",1,10,11,10
"22398",1,10,11,10
"22399",1,9,10,9
"22400",1,1,2,1
"22401",2,21,23,21
"22402",4,1,5,4
"22403",4,7,11,9
"22404",5,6,11,9
"22405",2,3,5,3
"22406",3,11,14,12
"22407",1,5,6,5
"22408",1,8,9,8
"22409",6,5,11,8
"22410",1,29,30,29
"22411",1,4,5,4
"22412",1,19,20,19
"22413",1,3,4,3
"22414",3,10,13,12
"22415",2,14,16,14
"22416",11,6,17,15
"22417",1,1,2,1
"22418",2,7,9,8
"22419",1,6,7,6
"22420",7,15,22,20
"22421",2,5,7,5
"22422",14,41,55,47
"22423",1,4,5,4
"22424",2,3,5,4
"22425",1,17,18,17
"22426",3,21,24,23
"22427",3,10,13,11
"22428",2,9,11,9
"22429",1,4,5,4
"22430",1,4,5,4
"22431",1,10,11,10
"22432",4,22,26,25
"22433",7,47,54,53
"22434",8,19,27,24
"22435",4,9,13,12
"22436",4,3,7,6
"22437",1,5,6,5
"22438",2,22,24,23
"22439",1,6,7,6
"22440",1,3,4,3
"22441",2,10,12,10
"22442",2,1,3,2
"22443",2,30,32,31
"22444",3,22,25,23
"22445",1,1,2,1
"22446",1,8,9,8
"22447",1,2,3,2
"22448",7,1,8,7
"22449",1,1,2,1
"22450",13,1,14,13
"22451",1,1,2,1
"22452",1,15,16,15
"22453",1,5,6,5
"22454",1,3,4,3
"22455",3,13,16,13
"22456",3,7,10,8
"22457",2,41,43,41
"22458",1,4,5,4
"22459",3,6,9,8
"22460",4,29,33,29
"22461",1,2,3,2
"22462",1,7,8,7
"22463",3,22,25,23
"22464",1,8,9,8
"22465",4,9,13,9
"22466",1,13,14,13
"22467",1,3,4,3
"22468",1,5,6,5
"22469",1,9,10,9
"22470",7,5,12,10
"22471",2,1,3,2
"22472",1,38,39,38
"22473",3,14,17,14
"22474",2,11,13,11
"22475",6,37,43,40
"22476",1,5,6,5
"22477",6,4,10,7
"22478",5,6,11,10
"22479",4,1,5,4
"22480",3,5,8,7
"22481",2,5,7,6
"22482",9,18,27,23
"22483",4,3,7,6
"22484",4,13,17,15
"22485",10,10,20,10
"22486",1,8,9,8
"22487",2,1,3,2
"22488",18,28,46,45
"22489",9,40,49,45
"22490",1,1,2,1
"22491",1,11,12,11
"22492",2,12,14,13
"22493",3,3,6,3
"22494",6,47,53,51
"22495",1,1,2,1
"22496",1,2,3,2
"22497",2,21,23,22
"22498",1,13,14,13
"22499",5,5,10,6
"22500",2,20,22,20
"22501",3,17,20,17
"22502",1,2,3,2
"22503",1,1,2,1
"22504",2,26,28,26
"22505",1,7,8,7
"22506",2,3,5,4
"22507",1,5,6,5
"22508",1,7,8,7
"22509",1,1,2,1
"22510",1,5,6,5
"22511",1,3,4,3
"22512",1,4,5,4
"22513",3,19,22,19
"22514",4,8,12,8
"22515",5,32,37,34
"22516",1,32,33,32
"22517",1,22,23,22
"22518",4,27,31,27
"22519",2,3,5,3
"22520",1,3,4,3
"22521",3,32,35,32
"22522",1,3,4,3
"22523",1,1,2,1
"22524",1,12,13,12
"22525",1,16,17,16
"22526",1,6,7,6
"22527",7,33,40,38
"22528",1,4,5,4
"22529",2,3,5,4
"22530",4,27,31,27
"22531",2,45,47,46
"22532",1,14,15,14
"22533",1,2,3,2
"22534",4,6,10,8
"22535",1,14,15,14
"22536",8,6,14,11
"22537",4,10,14,13
"22538",7,37,44,41
"22539",1,38,39,38
"22540",1,16,17,16
"22541",2,6,8,6
"22542",11,176,187,184
"22543",1,2,3,2
"22544",1,3,4,3
"22545",1,2,3,2
"22546",11,1,12,11
"22547",1,1,2,1
"22548",3,20,23,20
"22549",3,4,7,5
"22550",1,1,2,1
"22551",1,19,20,19
"22552",2,28,30,28
"22553",2,7,9,7
"22554",7,17,24,18
"22555",1,5,6,5
"22556",1,5,6,5
"22557",1,10,11,10
"22558",5,19,24,21
"22559",3,13,16,13
"22560",1,13,14,13
"22561",2,23,25,24
"22562",8,41,49,46
"22563",3,10,13,10
"22564",6,5,11,8
"22565",9,40,49,47
"22566",12,10,22,21
"22567",3,1,4,3
"22568",3,11,14,12
"22569",1,3,4,3
"22570",1,3,4,3
"22571",2,37,39,38
"22572",1,1,2,1
"22573",3,2,5,3
"22574",1,2,3,2
"22575",2,3,5,4
"22576",2,2,4,3
"22577",7,18,25,24
"22578",3,31,34,32
"22579",4,8,12,11
"22580",9,13,22,18
"22581",2,10,12,10
"22582",1,10,11,10
"22583",2,4,6,4
"22584",3,24,27,25
"22585",5,3,8,7
"22586",3,2,5,4
"22587",2,4,6,5
"22588",2,26,28,26
"22589",2,8,10,9
"22590",1,6,7,6
"22591",3,8,11,8
"22592",1,3,4,3
"22593",5,16,21,17
"22594",3,11,14,11
"22595",3,3,6,3
"22596",2,3,5,3
"22597",2,9,11,10
"22598",8,1,9,8
"22599",2,22,24,23
"22600",1,2,3,2
"22601",25,25,50,47
"22602",1,1,2,1
"22603",2,5,7,5
"22604",3,8,11,9
"22605",2,14,16,15
"22606",1,5,6,5
"22607",7,4,11,10
"22608",2,29,31,30
"22609",1,9,10,9
"22610",3,2,5,3
"22611",1,7,8,7
"22612",1,11,12,11
"22613",4,6,10,7
"22614",1,1,2,1
"22615",1,3,4,3
"22616",3,13,16,14
"22617",1,1,2,1
"22618",2,5,7,5
"22619",1,11,12,11
"22620",2,7,9,7
"22621",1,3,4,3
"22622",1,10,11,10
"22623",2,4,6,4
"22624",2,10,12,10
"22625",1,14,15,14
"22626",2,15,17,16
"22627",6,37,43,42
"22628",1,7,8,7
"22629",2,19,21,20
"22630",4,10,14,13
"22631",2,15,17,16
"22632",1,8,9,8
"22633",6,3,9,6
"22634",2,11,13,11
"22635",1,1,2,1
"22636",1,1,2,1
"22637",2,10,12,11
"22638",3,11,14,12
"22639",5,4,9,8
"22640",2,3,5,4
"22641",3,5,8,7
"22642",4,29,33,29
"22643",8,23,31,30
"22644",1,14,15,14
"22645",1,4,5,4
"22646",1,2,3,2
"22647",6,13,19,14
"22648",3,1,4,3
"22649",1,9,10,9
"22650",3,19,22,19
"22651",1,1,2,1
"22652",2,10,12,10
"22653",5,2,7,6
"22654",2,7,9,8
"22655",1,4,5,4
"22656",1,36,37,36
"22657",2,9,11,10
"22658",1,8,9,8
"22659",1,6,7,6
"22660",6,16,22,19
"22661",2,2,4,3
"22662",1,10,11,10
"22663",4,176,180,178
"22664",6,7,13,11
"22665",4,11,15,13
"22666",1,4,5,4
"22667",4,31,35,31
"22668",2,7,9,7
"22669",5,13,18,16
"22670",8,23,31,29
"22671",1,4,5,4
"22672",18,7,25,24
"22673",6,9,15,11
"22674",1,2,3,2
"22675",1,1,2,1
"22676",1,3,4,3
"22677",5,6,11,10
"22678",4,1,5,4
"22679",1,1,2,1
"22680",6,26,32,28
"22681",3,21,24,21
"22682",1,7,8,7
"22683",2,5,7,6
"22684",2,5,7,5
"22685",1,2,3,2
"22686",1,27,28,27
"22687",4,1,5,4
"22688",2,25,27,26
"22689",3,3,6,3
"22690",3,34,37,36
"22691",11,14,25,24
"22692",1,1,2,1
"22693",13,13,26,13
"22694",4,13,17,13
"22695",1,10,11,10
"22696",6,18,24,22
"22697",5,7,12,10
"22698",1,3,4,3
"22699",9,19,28,22
"22700",1,1,2,1
"22701",1,1,2,1
"22702",1,14,15,14
"22703",1,4,5,4
"22704",6,32,38,37
"22705",1,3,4,3
"22706",1,1,2,1
"22707",2,22,24,23
"22708",2,4,6,4
"22709",1,3,4,3
"22710",2,2,4,3
"22711",1,2,3,2
"22712",2,14,16,14
"22713",1,6,7,6
"22714",2,6,8,6
"22715",3,10,13,11
"22716",10,20,30,28
"22717",4,1,5,4
"22718",1,7,8,7
"22719",1,15,16,15
"22720",3,18,21,19
"22721",2,2,4,3
"22722",1,9,10,9
"22723",1,8,9,8
"22724",6,14,20,19
"22725",1,14,15,14
"22726",1,9,10,9
"22727",16,2,18,17
"22728",13,5,18,17
"22729",5,4,9,8
"22730",5,8,13,12
"22731",1,3,4,3
"22732",10,6,16,15
"22733",5,9,14,13
"22734",14,10,24,22
"22735",3,5,8,5
"22736",1,1,2,1
"22737",5,1,6,5
"22738",4,24,28,27
"22739",1,6,7,6
"22740",1,1,2,1
"22741",1,21,22,21
"22742",2,7,9,8
"22743",1,3,4,3
"22744",1,14,15,14
"22745",1,4,5,4
"22746",1,4,5,4
"22747",3,26,29,26
"22748",5,30,35,32
"22749",1,12,13,12
"22750",2,43,45,43
"22751",2,3,5,3
"22752",5,19,24,20
"22753",2,9,11,9
"22754",1,11,12,11
"22755",1,8,9,8
"22756",9,35,44,38
"22757",2,3,5,3
"22758",2,5,7,6
"22759",1,6,7,6
"22760",2,1,3,2
"22761",12,4,16,14
"22762",1,4,5,4
"22763",1,3,4,3
"22764",4,4,8,7
"22765",1,7,8,7
"22766",2,1,3,2
"22767",1,5,6,5
"22768",2,8,10,9
"22769",1,26,27,26
"22770",1,2,3,2
"22771",1,7,8,7
"22772",2,14,16,15
"22773",2,14,16,15
"22774",1,20,21,20
"22775",1,17,18,17
"22776",1,9,10,9
"22777",1,5,6,5
"22778",2,5,7,6
"22779",2,19,21,19
"22780",1,1,2,1
"22781",1,3,4,3
"22782",2,18,20,18
"22783",7,15,22,16
"22784",2,5,7,5
"22785",1,1,2,1
"22786",2,2,4,2
"22787",1,6,7,6
"22788",1,4,5,4
"22789",1,3,4,3
"22790",1,2,3,2
"22791",1,30,31,30
"22792",2,8,10,9
"22793",11,66,77,74
"22794",2,12,14,12
"22795",1,19,20,19
"22796",1,8,9,8
"22797",1,1,2,1
"22798",3,2,5,4
"22799",4,25,29,25
"22800",5,19,24,19
"22801",1,5,6,5
"22802",1,3,4,3
"22803",7,24,31,28
"22804",1,3,4,3
"22805",6,4,10,9
"22806",2,3,5,4
"22807",2,12,14,12
"22808",2,38,40,38
"22809",1,7,8,7
"22810",1,5,6,5
"22811",1,5,6,5
"22812",1,4,5,4
"22813",3,6,9,8
"22814",3,3,6,3
"22815",1,5,6,5
"22816",1,10,11,10
"22817",1,5,6,5
"22818",4,32,36,35
"22819",6,15,21,18
"22820",1,4,5,4
"22821",4,10,14,12
"22822",10,10,20,10
"22823",2,1,3,2
"22824",6,21,27,25
"22825",1,15,16,15
"22826",2,16,18,17
"22827",2,20,22,20
"22828",6,6,12,6
"22829",2,4,6,4
"22830",1,6,7,6
"22831",4,34,38,37
"22832",2,2,4,3
"22833",1,1,2,1
"22834",1,14,15,14
"22835",1,11,12,11
"22836",2,2,4,2
"22837",2,12,14,12
"22838",1,5,6,5
"22839",1,6,7,6
"22840",3,11,14,13
"22841",3,1,4,3
"22842",3,3,6,5
"22843",10,23,33,31
"22844",7,176,183,181
"22845",1,3,4,3
"22846",8,7,15,11
"22847",2,40,42,40
"22848",3,11,14,13
"22849",1,4,5,4
"22850",1,6,7,6
"22851",10,20,30,25
"22852",1,3,4,3
"22853",4,1,5,4
"22854",2,3,5,4
"22855",6,3,9,8
"22856",8,27,35,33
"22857",1,1,2,1
"22858",1,11,12,11
"22859",14,2,16,15
"22860",1,4,5,4
"22861",5,9,14,12
"22862",1,5,6,5
"22863",1,4,5,4
"22864",10,18,28,24
"22865",7,5,12,10
"22866",2,8,10,8
"22867",1,17,18,17
"22868",6,2,8,7
"22869",6,11,17,14
"22870",1,2,3,2
"22871",5,11,16,14
"22872",2,11,13,11
"22873",13,5,18,13
"22874",1,6,7,6
"22875",2,7,9,8
"22876",2,24,26,24
"22877",3,26,29,27
"22878",4,16,20,19
"22879",4,11,15,14
"22880",6,2,8,6
"22881",4,12,16,13
"22882",1,6,7,6
"22883",1,12,13,12
"22884",3,1,4,3
"22885",1,6,7,6
"22886",2,45,47,46
"22887",3,26,29,26
"22888",1,1,2,1
"22889",2,3,5,4
"22890",1,1,2,1
"22891",7,16,23,20
"22892",1,1,2,1
"22893",5,4,9,5
"22894",9,14,23,22
"22895",1,1,2,1
"22896",4,3,7,6
"22897",1,2,3,2
"22898",2,11,13,12
"22899",1,1,2,1
"22900",5,3,8,6
"22901",1,1,2,1
"22902",7,16,23,19
"22903",1,1,2,1
"22904",2,20,22,20
"22905",3,35,38,37
"22906",2,7,9,8
"22907",3,7,10,9
"22908",1,2,3,2
"22909",1,11,12,11
"22910",1,7,8,7
"22911",2,10,12,10
"22912",3,1,4,3
"22913",7,1,8,7
"22914",1,9,10,9
"22915",2,3,5,3
"22916",1,16,17,16
"22917",2,2,4,3
"22918",4,2,6,5
"22919",4,17,21,19
"22920",4,8,12,9
"22921",1,1,2,1
"22922",4,2,6,4
"22923",2,13,15,14
"22924",6,18,24,23
"22925",2,30,32,30
"22926",1,6,7,6
"22927",2,3,5,3
"22928",6,3,9,7
"22929",11,26,37,36
"22930",1,1,2,1
"22931",2,11,13,12
"22932",1,3,4,3
"22933",1,4,5,4
"22934",2,11,13,11
"22935",3,6,9,7
"22936",2,3,5,4
"22937",4,34,38,34
"22938",1,9,10,9
"22939",4,20,24,22
"22940",3,12,15,14
"22941",3,8,11,9
"22942",1,13,14,13
"22943",4,3,7,5
"22944",1,10,11,10
"22945",1,30,31,30
"22946",2,6,8,7
"22947",1,5,6,5
"22948",1,4,5,4
"22949",6,6,12,9
"22950",2,1,3,2
"22951",1,15,16,15
"22952",3,21,24,21
"22953",2,32,34,33
"22954",10,6,16,14
"22955",2,81,83,81
"22956",2,2,4,2
"22957",2,19,21,19
"22958",4,11,15,12
"22959",2,7,9,7
"22960",1,12,13,12
"22961",1,4,5,4
"22962",1,6,7,6
"22963",1,11,12,11
"22964",4,2,6,4
"22965",2,26,28,27
"22966",1,26,27,26
"22967",3,6,9,8
"22968",2,31,33,31
"22969",16,1,17,16
"22970",2,13,15,13
"22971",1,11,12,11
"22972",1,23,24,23
"22973",7,19,26,21
"22974",3,1,4,3
"22975",1,1,2,1
"22976",2,13,15,13
"22977",3,6,9,8
"22978",9,2,11,9
"22979",2,5,7,6
"22980",11,1,12,11
"22981",3,20,23,20
"22982",2,3,5,4
"22983",3,9,12,9
"22984",2,18,20,18
"22985",1,11,12,11
"22986",1,6,7,6
"22987",6,7,13,12
"22988",1,14,15,14
"22989",1,1,2,1
"22990",11,4,15,14
"22991",1,29,30,29
"22992",3,48,51,50
"22993",2,3,5,3
"22994",1,13,14,13
"22995",7,14,21,19
"22996",3,12,15,14
"22997",2,3,5,4
"22998",1,6,7,6
"22999",2,2,4,2
"23000",2,29,31,30
"23001",2,1,3,2
"23002",3,9,12,11
"23003",1,1,2,1
"23004",1,3,4,3
"23005",2,3,5,3
"23006",1,24,25,24
"23007",1,15,16,15
"23008",3,8,11,8
"23009",9,18,27,23
"23010",2,12,14,13
"23011",4,16,20,19
"23012",1,19,20,19
"23013",1,8,9,8
"23014",6,1,7,6
"23015",2,9,11,9
"23016",1,9,10,9
"23017",9,5,14,13
"23018",3,18,21,20
"23019",1,2,3,2
"23020",1,25,26,25
"23021",2,20,22,21
"23022",1,1,2,1
"23023",3,45,48,46
"23024",1,12,13,12
"23025",1,11,12,11
"23026",1,5,6,5
"23027",4,19,23,21
"23028",8,23,31,30
"23029",1,3,4,3
"23030",3,11,14,12
"23031",7,17,24,23
"23032",1,10,11,10
"23033",1,2,3,2
"23034",2,6,8,7
"23035",1,7,8,7
"23036",1,5,6,5
"23037",2,2,4,3
"23038",2,9,11,9
"23039",1,1,2,1
"23040",1,1,2,1
"23041",1,16,17,16
"23042",2,32,34,32
"23043",4,15,19,15
"23044",3,37,40,38
"23045",1,32,33,32
"23046",2,34,36,34
"23047",2,10,12,11
"23048",2,5,7,5
"23049",5,17,22,19
"23050",3,18,21,20
"23051",3,20,23,21
"23052",2,24,26,24
"23053",2,5,7,6
"23054",8,9,17,15
"23055",12,30,42,39
"23056",3,10,13,11
"23057",1,7,8,7
"23058",3,19,22,21
"23059",5,2,7,5
"23060",2,3,5,3
"23061",1,5,6,5
"23062",2,22,24,23
"23063",5,2,7,6
"23064",9,26,35,34
"23065",6,6,12,6
"23066",18,18,36,18
"23067",22,19,41,39
"23068",3,15,18,16
"23069",1,5,6,5
"23070",1,35,36,35
"23071",1,3,4,3
"23072",1,14,15,14
"23073",4,16,20,16
"23074",1,7,8,7
"23075",1,7,8,7
"23076",1,7,8,7
"23077",3,7,10,8
"23078",5,21,26,24
"23079",1,7,8,7
"23080",1,2,3,2
"23081",1,5,6,5
"23082",10,27,37,33
"23083",1,2,3,2
"23084",3,6,9,6
"23085",2,2,4,3
"23086",7,14,21,15
"23087",8,7,15,14
"23088",5,1,6,5
"23089",1,19,20,19
"23090",11,32,43,41
"23091",10,23,33,32
"23092",11,66,77,74
"23093",3,5,8,7
"23094",7,34,41,39
"23095",6,9,15,14
"23096",1,5,6,5
"23097",1,31,32,31
"23098",1,14,15,14
"23099",4,1,5,4
"23100",1,9,10,9
"23101",3,8,11,9
"23102",2,3,5,3
"23103",3,11,14,11
"23104",2,1,3,2
"23105",1,6,7,6
"23106",2,1,3,2
"23107",2,1,3,2
"23108",9,14,23,22
"23109",2,47,49,47
"23110",1,5,6,5
"23111",1,4,5,4
"23112",7,37,44,43
"23113",1,1,2,1
"23114",1,15,16,15
"23115",3,6,9,7
"23116",4,8,12,8
"23117",1,1,2,1
"23118",1,12,13,12
"23119",4,7,11,7
"23120",1,2,3,2
"23121",10,23,33,30
"23122",1,21,22,21
"23123",3,32,35,32
"23124",1,6,7,6
"23125",7,2,9,7
"23126",10,66,76,72
"23127",2,6,8,7
"23128",2,3,5,4
"23129",1,13,14,13
"23130",8,9,17,15
"23131",2,12,14,13
"23132",1,1,2,1
"23133",1,1,2,1
"23134",13,5,18,13
"23135",4,11,15,14
"23136",2,6,8,6
"23137",2,10,12,11
"23138",14,34,48,46
"23139",6,3,9,8
"23140",3,10,13,10
"23141",3,10,13,10
"23142",2,2,4,3
"23143",3,13,16,13
"23144",3,25,28,27
"23145",7,2,9,8
"23146",1,2,3,2
"23147",1,15,16,15
"23148",5,6,11,9
"23149",3,6,9,6
"23150",1,2,3,2
"23151",31,3,34,31
"23152",1,39,40,39
"23153",2,1,3,2
"23154",1,9,10,9
"23155",8,30,38,32
"23156",1,8,9,8
"23157",8,8,16,8
"23158",1,10,11,10
"23159",2,29,31,30
"23160",1,1,2,1
"23161",1,1,2,1
"23162",1,4,5,4
"23163",3,13,16,14
"23164",1,11,12,11
"23165",7,27,34,32
"23166",2,3,5,4
"23167",2,12,14,12
"23168",3,15,18,17
"23169",1,3,4,3
"23170",1,17,18,17
"23171",1,10,11,10
"23172",1,1,2,1
"23173",1,16,17,16
"23174",1,16,17,16
"23175",1,6,7,6
"23176",1,2,3,2
"23177",6,19,25,24
"23178",3,7,10,7
"23179",1,3,4,3
"23180",2,7,9,7
"23181",9,16,25,23
"23182",11,41,52,51
"23183",1,2,3,2
"23184",5,1,6,5
"23185",3,27,30,28
"23186",3,45,48,47
"23187",1,3,4,3
"23188",1,1,2,1
"23189",2,9,11,9
"23190",15,15,30,15
"23191",1,1,2,1
"23192",7,24,31,28
"23193",1,3,4,3
"23194",6,14,20,19
"23195",2,3,5,3
"23196",3,31,34,33
"23197",1,3,4,3
"23198",6,39,45,43
"23199",3,15,18,17
"23200",2,4,6,4
"23201",1,15,16,15
"23202",1,1,2,1
"23203",5,2,7,5
"23204",1,4,5,4
"23205",13,7,20,19
"23206",1,1,2,1
"23207",2,9,11,9
"23208",1,14,15,14
"23209",1,5,6,5
"23210",2,20,22,21
"23211",1,26,27,26
"23212",1,17,18,17
"23213",16,1,17,16
"23214",4,8,12,10
"23215",1,17,18,17
"23216",5,17,22,18
"23217",16,10,26,25
"23218",1,4,5,4
"23219",1,1,2,1
"23220",3,26,29,28
"23221",1,1,2,1
"23222",3,2,5,4
"23223",10,11,21,17
"23224",2,3,5,3
"23225",5,6,11,8
"23226",1,11,12,11
"23227",6,9,15,14
"23228",2,5,7,6
"23229",1,6,7,6
"23230",2,8,10,8
"23231",1,2,3,2
"23232",1,18,19,18
"23233",2,5,7,6
"23234",7,11,18,17
"23235",1,5,6,5
"23236",3,9,12,10
"23237",4,9,13,12
"23238",1,2,3,2
"23239",1,14,15,14
"23240",2,3,5,4
"23241",1,2,3,2
"23242",1,3,4,3
"23243",3,1,4,3
"23244",2,52,54,52
"23245",2,8,10,8
"23246",5,19,24,22
"23247",1,2,3,2
"23248",1,4,5,4
"23249",1,2,3,2
"23250",1,6,7,6
"23251",6,3,9,8
"23252",1,5,6,5
"23253",1,14,15,14
"23254",2,4,6,4
"23255",7,5,12,9
"23256",1,1,2,1
"23257",6,37,43,40
"23258",2,12,14,13
"23259",4,9,13,11
"23260",1,1,2,1
"23261",1,3,4,3
"23262",1,2,3,2
"23263",1,2,3,2
"23264",3,15,18,17
"23265",1,4,5,4
"23266",10,2,12,11
"23267",1,3,4,3
"23268",25,1,26,25
"23269",3,11,14,13
"23270",1,1,2,1
"23271",13,3,16,15
"23272",1,4,5,4
"23273",1,1,2,1
"23274",1,3,4,3
"23275",1,1,2,1
"23276",2,16,18,16
"23277",1,1,2,1
"23278",1,1,2,1
"23279",2,10,12,10
"23280",1,2,3,2
"23281",1,3,4,3
"23282",1,26,27,26
"23283",2,9,11,10
"23284",1,2,3,2
"23285",2,4,6,5
"23286",2,11,13,12
"23287",2,10,12,10
"23288",3,6,9,8
"23289",2,2,4,3
"23290",5,30,35,34
"23291",1,6,7,6
"23292",10,25,35,34
"23293",1,81,82,81
"23294",3,18,21,19
"23295",2,4,6,4
"23296",3,11,14,12
"23297",1,26,27,26
"23298",9,4,13,10
"23299",1,11,12,11
"23300",8,9,17,15
"23301",2,23,25,24
"23302",1,5,6,5
"23303",1,3,4,3
"23304",3,19,22,19
"23305",3,17,20,18
"23306",7,4,11,10
"23307",1,1,2,1
"23308",4,11,15,13
"23309",2,6,8,6
"23310",4,6,10,9
"23311",2,21,23,22
"23312",5,1,6,5
"23313",2,4,6,4
"23314",1,17,18,17
"23315",1,1,2,1
"23316",8,1,9,8
"23317",2,2,4,2
"23318",1,3,4,3
"23319",2,20,22,21
"23320",1,1,2,1
"23321",9,32,41,38
"23322",2,1,3,2
"23323",2,32,34,32
"23324",1,42,43,42
"23325",3,5,8,6
"23326",1,4,5,4
"23327",1,1,2,1
"23328",2,32,34,33
"23329",6,20,26,24
"23330",1,1,2,1
"23331",2,7,9,7
"23332",1,21,22,21
"23333",2,5,7,6
"23334",3,15,18,15
"23335",1,1,2,1
"23336",3,2,5,4
"23337",1,41,42,41
"23338",9,14,23,22
"23339",2,8,10,9
"23340",1,1,2,1
"23341",3,13,16,15
"23342",1,7,8,7
"23343",1,11,12,11
"23344",2,6,8,7
"23345",1,1,2,1
"23346",2,11,13,11
"23347",2,4,6,5
"23348",1,1,2,1
"23349",4,39,43,40
"23350",1,2,3,2
"23351",1,15,16,15
"23352",1,1,2,1
"23353",1,3,4,3
"23354",2,20,22,20
"23355",8,4,12,11
"23356",1,2,3,2
"23357",5,16,21,20
"23358",3,81,84,83
"23359",1,1,2,1
"23360",1,10,11,10
"23361",2,9,11,9
"23362",1,1,2,1
"23363",2,6,8,7
"23364",1,4,5,4
"23365",2,1,3,2
"23366",1,3,4,3
"23367",1,4,5,4
"23368",1,6,7,6
"23369",8,21,29,27
"23370",2,21,23,22
"23371",6,19,25,21
"23372",2,35,37,36
"23373",2,2,4,2
"23374",1,4,5,4
"23375",2,2,4,3
"23376",3,8,11,10
"23377",1,9,10,9
"23378",15,32,47,43
"23379",4,27,31,30
"23380",1,1,2,1
"23381",1,5,6,5
"23382",2,10,12,11
"23383",1,1,2,1
"23384",7,38,45,41
"23385",2,7,9,7
"23386",7,19,26,25
"23387",2,18,20,19
"23388",1,2,3,2
"23389",2,3,5,4
"23390",1,4,5,4
"23391",1,3,4,3
"23392",2,17,19,17
"23393",1,1,2,1
"23394",2,34,36,34
"23395",1,20,21,20
"23396",1,19,20,19
"23397",2,13,15,14
"23398",3,9,12,10
"23399",1,1,2,1
"23400",3,1,4,3
"23401",6,1,7,6
"23402",1,1,2,1
"23403",1,20,21,20
"23404",2,5,7,6
"23405",1,3,4,3
"23406",5,29,34,32
"23407",2,5,7,6
"23408",1,1,2,1
"23409",4,3,7,6
"23410",2,7,9,8
"23411",1,11,12,11
"23412",1,1,2,1
"23413",10,5,15,12
"23414",2,3,5,4
"23415",3,1,4,3
"23416",1,1,2,1
"23417",10,5,15,13
"23418",4,4,8,7
"23419",1,6,7,6
"23420",9,29,38,36
"23421",1,1,2,1
"23422",1,42,43,42
"23423",1,34,35,34
"23424",1,4,5,4
"23425",3,6,9,7
"23426",1,9,10,9
"23427",5,19,24,23
"23428",2,14,16,14
"23429",1,15,16,15
"23430",2,5,7,6
"23431",3,6,9,7
"23432",1,2,3,2
"23433",2,10,12,10
"23434",1,14,15,14
"23435",7,16,23,19
"23436",1,5,6,5
"23437",3,5,8,6
"23438",6,30,36,34
"23439",2,8,10,8
"23440",2,1,3,2
"23441",2,12,14,12
"23442",7,11,18,16
"23443",8,19,27,25
"23444",1,1,2,1
"23445",2,6,8,7
"23446",2,1,3,2
"23447",1,1,2,1
"23448",1,5,6,5
"23449",3,9,12,10
"23450",1,14,15,14
"23451",2,10,12,11
"23452",5,35,40,35
"23453",6,2,8,6
"23454",2,36,38,36
"23455",3,10,13,11
"23456",1,6,7,6
"23457",2,11,13,11
"23458",1,1,2,1
"23459",1,4,5,4
"23460",3,5,8,7
"23461",3,2,5,4
"23462",2,2,4,2
"23463",3,8,11,9
"23464",1,4,5,4
"23465",2,12,14,13
"23466",4,2,6,5
"23467",2,8,10,8
"23468",1,6,7,6
"23469",1,1,2,1
"23470",1,1,2,1
"23471",1,5,6,5
"23472",8,7,15,12
"23473",2,2,4,3
"23474",2,24,26,24
"23475",6,6,12,11
"23476",3,6,9,8
"23477",2,3,5,3
"23478",16,1,17,16
"23479",8,25,33,32
"23480",9,21,30,29
"23481",4,34,38,37
"23482",2,14,16,14
"23483",5,7,12,11
"23484",2,14,16,14
"23485",1,7,8,7
"23486",2,20,22,21
"23487",1,5,6,5
"23488",2,1,3,2
"23489",2,4,6,5
"23490",1,10,11,10
"23491",1,6,7,6
"23492",2,22,24,22
"23493",1,3,4,3
"23494",1,11,12,11
"23495",4,12,16,14
"23496",1,4,5,4
"23497",9,28,37,35
"23498",10,1,11,10
"23499",2,9,11,9
"23500",3,4,7,6
"23501",1,2,3,2
"23502",3,10,13,11
"23503",1,1,2,1
"23504",1,3,4,3
"23505",2,11,13,11
"23506",1,2,3,2
"23507",3,9,12,11
"23508",1,5,6,5
"23509",3,11,14,13
"23510",2,32,34,32
"23511",15,1,16,15
"23512",2,11,13,11
"23513",1,3,4,3
"23514",1,4,5,4
"23515",4,9,13,12
"23516",3,2,5,4
"23517",4,24,28,27
"23518",1,2,3,2
"23519",1,6,7,6
"23520",18,32,50,49
"23521",3,8,11,9
"23522",2,10,12,11
"23523",2,15,17,16
"23524",1,9,10,9
"23525",4,6,10,9
"23526",1,30,31,30
"23527",4,9,13,11
"23528",2,15,17,15
"23529",4,30,34,33
"23530",5,5,10,6
"23531",2,2,4,2
"23532",4,9,13,11
"23533",1,4,5,4
"23534",1,8,9,8
"23535",1,3,4,3
"23536",5,8,13,12
"23537",2,14,16,14
"23538",1,4,5,4
"23539",2,3,5,4
"23540",1,6,7,6
"23541",1,4,5,4
"23542",2,5,7,5
"23543",3,14,17,16
"23544",6,18,24,21
"23545",2,12,14,13
"23546",1,2,3,2
"23547",1,17,18,17
"23548",3,57,60,58
"23549",3,5,8,6
"23550",2,12,14,12
"23551",2,13,15,13
"23552",3,3,6,5
"23553",4,19,23,22
"23554",10,34,44,41
"23555",2,12,14,12
"23556",3,2,5,4
"23557",1,25,26,25
"23558",1,3,4,3
"23559",1,6,7,6
"23560",4,24,28,26
"23561",1,6,7,6
"23562",1,1,2,1
"23563",1,9,10,9
"23564",2,5,7,6
"23565",3,11,14,12
"23566",18,36,54,51
"23567",1,17,18,17
"23568",13,38,51,50
"23569",22,1,23,22
"23570",2,15,17,15
"23571",2,8,10,9
"23572",1,16,17,16
"23573",6,13,19,16
"23574",10,2,12,11
"23575",1,21,22,21
"23576",1,8,9,8
"23577",1,1,2,1
"23578",4,8,12,11
"23579",2,11,13,11
"23580",7,29,36,34
"23581",1,16,17,16
"23582",1,3,4,3
"23583",1,1,2,1
"23584",6,23,29,24
"23585",4,20,24,20
"23586",5,26,31,30
"23587",2,20,22,20
"23588",2,18,20,19
"23589",1,9,10,9
"23590",2,24,26,24
"23591",3,19,22,19
"23592",5,2,7,5
"23593",1,12,13,12
"23594",3,29,32,29
"23595",1,1,2,1
"23596",3,13,16,13
"23597",4,8,12,10
"23598",11,29,40,38
"23599",1,5,6,5
"23600",6,7,13,11
"23601",1,22,23,22
"23602",3,22,25,24
"23603",1,1,2,1
"23604",9,29,38,36
"23605",1,4,5,4
"23606",1,53,54,53
"23607",4,1,5,4
"23608",2,2,4,2
"23609",1,1,2,1
"23610",1,1,2,1
"23611",1,2,3,2
"23612",3,5,8,6
"23613",1,12,13,12
"23614",1,7,8,7
"23615",8,24,32,29
"23616",11,176,187,184
"23617",1,4,5,4
"23618",7,8,15,14
"23619",1,6,7,6
"23620",5,1,6,5
"23621",3,1,4,3
"23622",1,5,6,5
"23623",3,28,31,29
"23624",5,9,14,9
"23625",1,5,6,5
"23626",2,9,11,10
"23627",4,9,13,10
"23628",1,2,3,2
"23629",1,2,3,2
"23630",3,20,23,22
"23631",2,1,3,2
"23632",4,17,21,19
"23633",4,7,11,10
"23634",5,15,20,18
"23635",2,14,16,14
"23636",1,3,4,3
"23637",14,27,41,39
"23638",3,3,6,3
"23639",20,20,40,20
"23640",27,14,41,39
"23641",9,24,33,28
"23642",1,1,2,1
"23643",2,6,8,6
"23644",2,5,7,6
"23645",1,3,4,3
"23646",5,2,7,6
"23647",1,6,7,6
"23648",2,7,9,7
"23649",4,2,6,4
"23650",1,5,6,5
"23651",3,28,31,30
"23652",1,12,13,12
"23653",3,2,5,4
"23654",1,1,2,1
"23655",3,11,14,11
"23656",2,5,7,5
"23657",1,11,12,11
"23658",3,10,13,12
"23659",2,5,7,6
"23660",3,24,27,25
"23661",1,6,7,6
"23662",2,26,28,26
"23663",1,1,2,1
"23664",2,1,3,2
"23665",12,4,16,15
"23666",1,4,5,4
"23667",2,34,36,34
"23668",1,5,6,5
"23669",2,41,43,41
"23670",1,3,4,3
"23671",2,2,4,2
"23672",2,11,13,11
"23673",9,13,22,21
"23674",1,4,5,4
"23675",1,2,3,2
"23676",2,18,20,18
"23677",1,21,22,21
"23678",2,4,6,4
"23679",2,16,18,17
"23680",1,23,24,23
"23681",1,12,13,12
"23682",1,9,10,9
"23683",1,5,6,5
"23684",1,23,24,23
"23685",1,3,4,3
"23686",2,30,32,30
"23687",1,4,5,4
"23688",1,38,39,38
"23689",1,12,13,12
"23690",1,4,5,4
"23691",1,3,4,3
"23692",1,2,3,2
"23693",1,2,3,2
"23694",1,1,2,1
"23695",3,7,10,7
"23696",5,13,18,17
"23697",1,2,3,2
"23698",1,1,2,1
"23699",3,3,6,3
"23700",1,2,3,2
"23701",3,14,17,16
"23702",2,8,10,8
"23703",1,29,30,29
"23704",2,12,14,12
"23705",1,15,16,15
"23706",1,8,9,8
"23707",3,3,6,5
"23708",3,2,5,3
"23709",1,6,7,6
"23710",1,7,8,7
"23711",1,22,23,22
"23712",12,27,39,35
"23713",7,6,13,11
"23714",1,7,8,7
"23715",2,19,21,20
"23716",4,14,18,16
"23717",3,3,6,4
"23718",2,8,10,9
"23719",1,15,16,15
"23720",2,6,8,6
"23721",25,14,39,37
"23722",1,2,3,2
"23723",1,30,31,30
"23724",10,2,12,10
"23725",1,1,2,1
"23726",1,6,7,6
"23727",1,14,15,14
"23728",2,6,8,6
"23729",9,22,31,27
"23730",1,4,5,4
"23731",2,2,4,2
"23732",1,7,8,7
"23733",1,2,3,2
"23734",6,13,19,16
"23735",3,2,5,3
"23736",1,4,5,4
"23737",8,26,34,28
"23738",2,10,12,10
"23739",1,7,8,7
"23740",1,3,4,3
"23741",13,20,33,31
"23742",1,10,11,10
"23743",1,27,28,27
"23744",8,17,25,20
"23745",1,12,13,12
"23746",8,7,15,12
"23747",2,9,11,10
"23748",6,20,26,23
"23749",3,7,10,8
"23750",1,1,2,1
"23751",2,3,5,3
"23752",1,10,11,10
"23753",1,3,4,3
"23754",11,23,34,23
"23755",8,6,14,13
"23756",1,11,12,11
"23757",4,7,11,9
"23758",4,20,24,20
"23759",2,8,10,9
"23760",2,7,9,8
"23761",10,2,12,10
"23762",1,7,8,7
"23763",7,3,10,7
"23764",11,1,12,11
"23765",1,2,3,2
"23766",1,30,31,30
"23767",6,21,27,23
"23768",4,10,14,12
"23769",2,18,20,19
"23770",7,21,28,26
"23771",1,1,2,1
"23772",2,1,3,2
"23773",7,5,12,10
"23774",2,29,31,30
"23775",13,20,33,32
"23776",2,2,4,2
"23777",1,1,2,1
"23778",4,1,5,4
"23779",1,6,7,6
"23780",1,1,2,1
"23781",1,11,12,11
"23782",1,1,2,1
"23783",3,57,60,57
"23784",3,7,10,7
"23785",1,2,3,2
"23786",1,10,11,10
"23787",1,2,3,2
"23788",1,14,15,14
"23789",1,1,2,1
"23790",1,3,4,3
"23791",3,4,7,6
"23792",1,1,2,1
"23793",3,7,10,9
"23794",5,19,24,22
"23795",2,1,3,2
"23796",3,3,6,5
"23797",4,2,6,4
"23798",1,45,46,45
"23799",1,9,10,9
"23800",1,3,4,3
"23801",1,5,6,5
"23802",7,7,14,13
"23803",2,8,10,8
"23804",2,44,46,45
"23805",8,23,31,29
"23806",6,30,36,35
"23807",2,6,8,7
"23808",1,9,10,9
"23809",3,23,26,24
"23810",8,4,12,8
"23811",4,13,17,15
"23812",1,15,16,15
"23813",5,4,9,7
"23814",2,3,5,4
"23815",1,6,7,6
"23816",2,14,16,14
"23817",16,4,20,18
"23818",8,25,33,30
"23819",4,6,10,6
"23820",11,30,41,37
"23821",4,19,23,21
"23822",2,31,33,31
"23823",1,2,3,2
"23824",1,7,8,7
"23825",2,15,17,16
"23826",2,38,40,39
"23827",1,6,7,6
"23828",1,4,5,4
"23829",16,6,22,19
"23830",1,6,7,6
"23831",1,3,4,3
"23832",7,12,19,16
"23833",1,24,25,24
"23834",4,12,16,15
"23835",1,4,5,4
"23836",1,9,10,9
"23837",2,17,19,17
"23838",1,21,22,21
"23839",5,2,7,6
"23840",2,1,3,2
"23841",1,5,6,5
"23842",1,4,5,4
"23843",3,16,19,18
"23844",1,11,12,11
"23845",2,22,24,22
"23846",1,7,8,7
"23847",2,10,12,10
"23848",2,30,32,31
"23849",1,3,4,3
"23850",2,14,16,14
"23851",39,27,66,64
"23852",4,5,9,7
"23853",13,5,18,15
"23854",4,66,70,67
"23855",3,9,12,11
"23856",5,24,29,28
"23857",2,15,17,15
"23858",2,12,14,12
"23859",3,21,24,23
"23860",2,16,18,16
"23861",9,21,30,29
"23862",1,11,12,11
"23863",1,5,6,5
"23864",4,3,7,6
"23865",6,1,7,6
"23866",1,18,19,18
"23867",1,1,2,1
"23868",4,9,13,9
"23869",4,1,5,4
"23870",1,1,2,1
"23871",1,16,17,16
"23872",5,5,10,9
"23873",1,12,13,12
"23874",2,4,6,5
"23875",1,3,4,3
"23876",5,51,56,55
"23877",1,5,6,5
"23878",2,1,3,2
"23879",1,1,2,1
"23880",3,7,10,9
"23881",1,24,25,24
"23882",2,13,15,13
"23883",1,7,8,7
"23884",7,21,28,24
"23885",2,25,27,25
"23886",4,34,38,35
"23887",1,5,6,5
"23888",3,20,23,21
"23889",2,8,10,8
"23890",1,10,11,10
"23891",1,10,11,10
"23892",3,7,10,9
"23893",4,24,28,27
"23894",2,3,5,4
"23895",2,15,17,16
"23896",2,2,4,2
"23897",9,32,41,38
"23898",7,26,33,32
"23899",1,1,2,1
"23900",1,17,18,17
"23901",1,14,15,14
"23902",4,8,12,8
"23903",2,7,9,8
"23904",2,9,11,9
"23905",1,5,6,5
"23906",8,19,27,24
"23907",1,1,2,1
"23908",2,5,7,5
"23909",1,3,4,3
"23910",1,12,13,12
"23911",1,3,4,3
"23912",1,3,4,3
"23913",3,27,30,28
"23914",3,1,4,3
"23915",1,10,11,10
"23916",1,7,8,7
"23917",3,7,10,7
"23918",1,1,2,1
"23919",1,1,2,1
"23920",2,23,25,23
"23921",2,24,26,24
"23922",6,1,7,6
"23923",16,10,26,24
"23924",7,2,9,8
"23925",2,2,4,2
"23926",1,1,2,1
"23927",1,8,9,8
"23928",3,20,23,22
"23929",4,19,23,22
"23930",2,3,5,3
"23931",3,18,21,20
"23932",1,5,6,5
"23933",3,2,5,4
"23934",1,28,29,28
"23935",27,10,37,36
"23936",5,2,7,5
"23937",1,11,12,11
"23938",1,4,5,4
"23939",1,5,6,5
"23940",1,7,8,7
"23941",7,7,14,11
"23942",1,1,2,1
"23943",2,8,10,8
"23944",1,3,4,3
"23945",2,3,5,4
"23946",2,19,21,20
"23947",1,8,9,8
"23948",9,35,44,43
"23949",1,8,9,8
"23950",2,18,20,19
"23951",1,2,3,2
"23952",1,29,30,29
"23953",1,14,15,14
"23954",2,12,14,12
"23955",5,18,23,22
"23956",4,17,21,19
"23957",10,8,18,17
"23958",2,4,6,4
"23959",1,9,10,9
"23960",14,12,26,25
"23961",2,1,3,2
"23962",10,9,19,18
"23963",11,7,18,17
"23964",3,2,5,4
"23965",1,3,4,3
"23966",2,8,10,9
"23967",1,81,82,81
"23968",8,14,22,21
"23969",4,4,8,7
"23970",1,6,7,6
"23971",10,28,38,37
"23972",1,16,17,16
"23973",2,5,7,5
"23974",3,6,9,7
"23975",2,20,22,21
"23976",1,3,4,3
"23977",3,10,13,12
"23978",3,11,14,12
"23979",7,40,47,41
"23980",3,1,4,3
"23981",19,53,72,70
"23982",1,11,12,11
"23983",7,6,13,11
"23984",11,27,38,37
"23985",1,1,2,1
"23986",2,4,6,5
"23987",1,7,8,7
"23988",11,21,32,26
"23989",1,4,5,4
"23990",3,2,5,3
"23991",1,2,3,2
"23992",1,6,7,6
"23993",7,3,10,9
"23994",1,29,30,29
"23995",5,15,20,18
"23996",5,1,6,5
"23997",2,2,4,3
"23998",1,6,7,6
"23999",11,6,17,15
"24000",1,1,2,1
"24001",10,20,30,25
"24002",1,1,2,1
"24003",8,14,22,20
"24004",3,9,12,11
"24005",3,10,13,12
"24006",1,1,2,1
"24007",2,1,3,2
"24008",3,20,23,22
"24009",1,6,7,6
"24010",1,13,14,13
"24011",4,25,29,25
"24012",6,24,30,27
"24013",5,30,35,32
"24014",6,14,20,18
"24015",1,3,4,3
"24016",2,21,23,22
"24017",1,2,3,2
"24018",3,13,16,14
"24019",2,5,7,6
"24020",9,1,10,9
"24021",2,2,4,2
"24022",1,3,4,3
"24023",2,34,36,34
"24024",1,35,36,35
"24025",2,7,9,7
"24026",1,25,26,25
"24027",4,8,12,10
"24028",2,8,10,8
"24029",2,10,12,11
"24030",3,8,11,10
"24031",3,6,9,7
"24032",7,3,10,7
"24033",8,32,40,37
"24034",5,7,12,11
"24035",1,12,13,12
"24036",2,8,10,8
"24037",26,2,28,27
"24038",1,23,24,23
"24039",3,24,27,26
"24040",2,10,12,10
"24041",2,20,22,20
"24042",4,5,9,5
"24043",2,13,15,13
"24044",2,13,15,14
"24045",1,6,7,6
"24046",3,24,27,25
"24047",3,10,13,11
"24048",1,22,23,22
"24049",1,5,6,5
"24050",1,17,18,17
"24051",4,26,30,27
"24052",4,26,30,27
"24053",2,8,10,8
"24054",2,14,16,15
"24055",1,1,2,1
"24056",9,34,43,42
"24057",1,3,4,3
"24058",2,12,14,12
"24059",2,2,4,2
"24060",14,19,33,30
"24061",1,4,5,4
"24062",3,2,5,4
"24063",1,32,33,32
"24064",2,9,11,10
"24065",1,17,18,17
"24066",3,13,16,13
"24067",1,25,26,25
"24068",1,6,7,6
"24069",1,5,6,5
"24070",2,5,7,6
"24071",1,1,2,1
"24072",3,6,9,8
"24073",1,5,6,5
"24074",1,3,4,3
"24075",1,5,6,5
"24076",1,3,4,3
"24077",8,36,44,42
"24078",3,10,13,11
"24079",3,2,5,4
"24080",2,2,4,3
"24081",4,5,9,6
"24082",5,4,9,8
"24083",1,4,5,4
"24084",2,2,4,3
"24085",1,9,10,9
"24086",1,4,5,4
"24087",1,4,5,4
"24088",1,16,17,16
"24089",1,1,2,1
"24090",5,5,10,5
"24091",23,24,47,46
"24092",2,1,3,2
"24093",3,4,7,6
"24094",4,8,12,10
"24095",4,15,19,16
"24096",2,4,6,5
"24097",2,3,5,4
"24098",2,11,13,11
"24099",2,11,13,11
"24100",2,7,9,8
"24101",1,3,4,3
"24102",7,5,12,8
"24103",1,10,11,10
"24104",2,2,4,3
"24105",1,3,4,3
"24106",1,10,11,10
"24107",1,3,4,3
"24108",2,11,13,12
"24109",1,13,14,13
"24110",1,1,2,1
"24111",1,4,5,4
"24112",4,6,10,9
"24113",1,5,6,5
"24114",1,15,16,15
"24115",1,2,3,2
"24116",5,12,17,14
"24117",1,5,6,5
"24118",1,6,7,6
"24119",3,11,14,13
"24120",2,16,18,16
"24121",4,39,43,41
"24122",2,8,10,8
"24123",1,3,4,3
"24124",1,7,8,7
"24125",1,1,2,1
"24126",4,176,180,176
"24127",1,4,5,4
"24128",4,5,9,6
"24129",2,17,19,17
"24130",18,21,39,37
"24131",2,3,5,4
"24132",1,18,19,18
"24133",2,2,4,2
"24134",5,14,19,17
"24135",3,2,5,3
"24136",1,2,3,2
"24137",1,4,5,4
"24138",3,22,25,22
"24139",2,12,14,12
"24140",2,5,7,6
"24141",3,6,9,8
"24142",2,15,17,15
"24143",5,10,15,13
"24144",2,1,3,2
"24145",5,32,37,35
"24146",5,3,8,7
"24147",1,13,14,13
"24148",2,1,3,2
"24149",4,18,22,20
"24150",8,9,17,15
"24151",1,2,3,2
"24152",7,24,31,30
"24153",1,13,14,13
"24154",5,45,50,47
"24155",2,8,10,8
"24156",4,2,6,5
"24157",2,1,3,2
"24158",2,2,4,2
"24159",1,2,3,2
"24160",1,1,2,1
"24161",1,4,5,4
"24162",3,1,4,3
"24163",4,4,8,7
"24164",3,9,12,9
"24165",3,44,47,44
"24166",3,6,9,6
"24167",6,20,26,23
"24168",1,4,5,4
"24169",3,25,28,25
"24170",2,23,25,23
"24171",2,5,7,6
"24172",2,5,7,5
"24173",3,12,15,13
"24174",3,1,4,3
"24175",14,13,27,26
"24176",1,8,9,8
"24177",2,1,3,2
"24178",1,2,3,2
"24179",2,1,3,2
"24180",1,1,2,1
"24181",4,32,36,32
"24182",1,2,3,2
"24183",2,34,36,35
"24184",1,3,4,3
"24185",1,15,16,15
"24186",7,7,14,12
"24187",1,5,6,5
"24188",7,21,28,24
"24189",2,6,8,6
"24190",1,8,9,8
"24191",2,3,5,3
"24192",1,4,5,4
"24193",2,1,3,2
"24194",2,1,3,2
"24195",1,18,19,18
"24196",2,5,7,5
"24197",7,24,31,29
"24198",1,1,2,1
"24199",7,12,19,18
"24200",2,9,11,10
"24201",3,4,7,5
"24202",6,9,15,14
"24203",1,1,2,1
"24204",1,1,2,1
"24205",2,26,28,27
"24206",4,8,12,11
"24207",1,30,31,30
"24208",2,1,3,2
"24209",3,15,18,15
"24210",2,14,16,14
"24211",4,19,23,19
"24212",10,38,48,46
"24213",1,3,4,3
"24214",1,2,3,2
"24215",4,25,29,28
"24216",1,1,2,1
"24217",2,14,16,14
"24218",1,3,4,3
"24219",2,3,5,3
"24220",3,3,6,5
"24221",1,1,2,1
"24222",1,15,16,15
"24223",1,4,5,4
"24224",17,2,19,17
"24225",2,14,16,15
"24226",1,1,2,1
"24227",2,38,40,38
"24228",1,1,2,1
"24229",4,13,17,16
"24230",1,15,16,15
"24231",2,7,9,7
"24232",9,5,14,12
"24233",8,27,35,33
"24234",2,7,9,7
"24235",1,23,24,23
"24236",1,18,19,18
"24237",1,1,2,1
"24238",1,22,23,22
"24239",2,3,5,3
"24240",5,10,15,12
"24241",43,6,49,48
"24242",2,36,38,36
"24243",1,4,5,4
"24244",1,3,4,3
"24245",1,7,8,7
"24246",14,2,16,14
"24247",5,34,39,35
"24248",1,41,42,41
"24249",3,8,11,9
"24250",1,2,3,2
"24251",1,1,2,1
"24252",1,12,13,12
"24253",1,2,3,2
"24254",1,3,4,3
"24255",14,13,27,22
"24256",1,17,18,17
"24257",2,11,13,12
"24258",2,19,21,20
"24259",3,13,16,14
"24260",2,10,12,10
"24261",4,21,25,21
"24262",2,3,5,3
"24263",1,3,4,3
"24264",1,1,2,1
"24265",3,18,21,20
"24266",3,1,4,3
"24267",6,5,11,10
"24268",1,2,3,2
"24269",1,5,6,5
"24270",11,12,23,21
"24271",3,9,12,10
"24272",3,3,6,5
"24273",1,4,5,4
"24274",1,1,2,1
"24275",5,11,16,14
"24276",1,5,6,5
"24277",10,15,25,24
"24278",6,5,11,10
"24279",4,11,15,12
"24280",1,5,6,5
"24281",1,6,7,6
"24282",1,21,22,21
"24283",2,15,17,15
"24284",2,4,6,5
"24285",9,18,27,24
"24286",3,38,41,38
"24287",1,4,5,4
"24288",1,33,34,33
"24289",2,11,13,11
"24290",1,3,4,3
"24291",1,2,3,2
"24292",1,1,2,1
"24293",3,7,10,9
"24294",3,26,29,26
"24295",3,8,11,9
"24296",5,1,6,5
"24297",7,40,47,41
"24298",1,1,2,1
"24299",3,1,4,3
"24300",1,2,3,2
"24301",4,44,48,45
"24302",1,13,14,13
"24303",4,11,15,14
"24304",1,16,17,16
"24305",3,12,15,14
"24306",1,3,4,3
"24307",19,1,20,19
"24308",1,5,6,5
"24309",1,10,11,10
"24310",4,6,10,7
"24311",1,8,9,8
"24312",1,19,20,19
"24313",1,3,4,3
"24314",3,19,22,20
"24315",3,7,10,7
"24316",1,6,7,6
"24317",1,9,10,9
"24318",3,12,15,12
"24319",8,31,39,35
"24320",5,31,36,33
"24321",1,12,13,12
"24322",2,30,32,31
"24323",1,1,2,1
"24324",3,6,9,7
"24325",1,2,3,2
"24326",1,1,2,1
"24327",2,3,5,4
"24328",1,16,17,16
"24329",2,24,26,24
"24330",1,9,10,9
"24331",1,6,7,6
"24332",1,25,26,25
"24333",2,7,9,7
"24334",1,3,4,3
"24335",20,11,31,30
"24336",7,38,45,43
"24337",2,36,38,37
"24338",2,36,38,36
"24339",1,2,3,2
"24340",2,9,11,10
"24341",3,14,17,16
"24342",1,2,3,2
"24343",1,1,2,1
"24344",7,5,12,10
"24345",4,11,15,13
"24346",1,2,3,2
"24347",2,12,14,12
"24348",2,23,25,23
"24349",1,7,8,7
"24350",2,6,8,7
"24351",1,26,27,26
"24352",3,30,33,31
"24353",2,10,12,11
"24354",2,1,3,2
"24355",1,1,2,1
"24356",2,2,4,2
"24357",2,6,8,6
"24358",5,5,10,7
"24359",8,6,14,11
"24360",1,1,2,1
"24361",25,25,50,46
"24362",9,1,10,9
"24363",2,18,20,18
"24364",1,2,3,2
"24365",1,1,2,1
"24366",5,13,18,17
"24367",11,16,27,26
"24368",2,6,8,6
"24369",1,8,9,8
"24370",2,3,5,4
"24371",4,8,12,11
"24372",2,1,3,2
"24373",3,10,13,10
"24374",2,3,5,4
"24375",1,11,12,11
"24376",2,25,27,26
"24377",1,5,6,5
"24378",2,6,8,6
"24379",1,1,2,1
"24380",1,6,7,6
"24381",1,28,29,28
"24382",1,11,12,11
"24383",1,8,9,8
"24384",1,1,2,1
"24385",2,13,15,13
"24386",4,13,17,15
"24387",2,10,12,10
"24388",2,13,15,13
"24389",1,1,2,1
"24390",1,4,5,4
"24391",1,1,2,1
"24392",1,3,4,3
"24393",6,6,12,10
"24394",2,15,17,15
"24395",3,5,8,6
"24396",1,5,6,5
"24397",2,1,3,2
"24398",1,176,177,176
"24399",1,5,6,5
"24400",2,17,19,18
"24401",6,23,29,28
"24402",2,27,29,28
"24403",1,13,14,13
"24404",3,2,5,3
"24405",1,23,24,23
"24406",1,25,26,25
"24407",1,8,9,8
"24408",1,8,9,8
"24409",7,1,8,7
"24410",2,25,27,25
"24411",3,2,5,4
"24412",2,48,50,48
"24413",1,1,2,1
"24414",3,8,11,9
"24415",14,34,48,46
"24416",1,4,5,4
"24417",6,17,23,22
"24418",1,8,9,8
"24419",1,9,10,9
"24420",2,35,37,35
"24421",1,4,5,4
"24422",2,3,5,3
"24423",4,2,6,5
"24424",1,5,6,5
"24425",13,2,15,14
"24426",2,7,9,8
"24427",1,11,12,11
"24428",3,18,21,20
"24429",6,5,11,10
"24430",2,30,32,30
"24431",2,7,9,7
"24432",5,8,13,10
"24433",1,2,3,2
"24434",2,5,7,5
"24435",2,8,10,9
"24436",1,9,10,9
"24437",10,10,20,10
"24438",6,1,7,6
"24439",9,45,54,53
"24440",15,15,30,15
"24441",6,6,12,6
"24442",1,6,7,6
"24443",2,8,10,9
"24444",2,3,5,3
"24445",1,17,18,17
"24446",3,19,22,20
"24447",1,7,8,7
"24448",3,7,10,9
"24449",4,13,17,16
"24450",4,4,8,5
"24451",5,1,6,5
"24452",3,5,8,7
"24453",2,7,9,7
"24454",2,5,7,5
"24455",22,48,70,67
"24456",2,7,9,8
"24457",1,1,2,1
"24458",4,8,12,10
"24459",2,7,9,7
"24460",1,7,8,7
"24461",1,8,9,8
"24462",5,16,21,17
"24463",3,8,11,9
"24464",1,12,13,12
"24465",1,22,23,22
"24466",1,3,4,3
"24467",8,14,22,21
"24468",2,1,3,2
"24469",3,21,24,21
"24470",2,21,23,22
"24471",2,9,11,10
"24472",2,5,7,5
"24473",1,10,11,10
"24474",2,2,4,3
"24475",2,5,7,6
"24476",3,21,24,21
"24477",11,11,22,11
"24478",2,6,8,6
"24479",6,4,10,8
"24480",1,22,23,22
"24481",2,9,11,9
"24482",1,81,82,81
"24483",1,10,11,10
"24484",2,20,22,20
"24485",2,5,7,5
"24486",6,17,23,20
"24487",6,10,16,14
"24488",2,5,7,6
"24489",1,7,8,7
"24490",1,7,8,7
"24491",4,6,10,7
"24492",10,20,30,28
"24493",1,6,7,6
"24494",1,5,6,5
"24495",2,13,15,13
"24496",6,9,15,14
"24497",3,41,44,41
"24498",1,13,14,13
"24499",1,2,3,2
"24500",2,1,3,2
"24501",2,30,32,31
"24502",9,21,30,26
"24503",1,3,4,3
"24504",36,4,40,39
"24505",1,4,5,4
"24506",2,3,5,4
"24507",9,21,30,26
"24508",3,4,7,6
"24509",5,23,28,27
"24510",1,34,35,34
"24511",2,7,9,7
"24512",1,13,14,13
"24513",1,7,8,7
"24514",7,7,14,13
"24515",1,3,4,3
"24516",1,6,7,6
"24517",4,3,7,6
"24518",1,1,2,1
"24519",3,5,8,5
"24520",1,19,20,19
"24521",1,2,3,2
"24522",4,5,9,8
"24523",2,2,4,3
"24524",1,2,3,2
"24525",4,27,31,27
"24526",3,4,7,6
"24527",1,1,2,1
"24528",7,2,9,8
"24529",11,5,16,13
"24530",3,18,21,19
"24531",2,2,4,3
"24532",7,14,21,17
"24533",2,19,21,20
"24534",2,12,14,12
"24535",1,2,3,2
"24536",1,16,17,16
"24537",1,3,4,3
"24538",11,5,16,15
"24539",1,6,7,6
"24540",1,3,4,3
"24541",2,4,6,5
"24542",4,21,25,23
"24543",3,12,15,13
"24544",1,1,2,1
"24545",9,33,42,40
"24546",3,13,16,15
"24547",15,3,18,15
"24548",2,7,9,7
"24549",2,25,27,26
"24550",1,2,3,2
"24551",1,2,3,2
"24552",10,2,12,10
"24553",3,8,11,9
"24554",1,2,3,2
"24555",1,1,2,1
"24556",1,35,36,35
"24557",3,19,22,21
"24558",1,5,6,5
"24559",1,4,5,4
"24560",5,8,13,10
"24561",1,3,4,3
"24562",8,13,21,19
"24563",2,3,5,3
"24564",4,28,32,30
"24565",7,9,16,13
"24566",13,7,20,17
"24567",1,7,8,7
"24568",24,18,42,41
"24569",2,12,14,13
"24570",1,2,3,2
"24571",2,3,5,3
"24572",2,3,5,3
"24573",1,4,5,4
"24574",3,6,9,6
"24575",1,10,11,10
"24576",1,1,2,1
"24577",1,1,2,1
"24578",7,5,12,10
"24579",2,2,4,2
"24580",1,3,4,3
"24581",12,22,34,29
"24582",1,38,39,38
"24583",1,3,4,3
"24584",7,5,12,10
"24585",3,20,23,20
"24586",1,4,5,4
"24587",1,2,3,2
"24588",1,4,5,4
"24589",2,7,9,7
"24590",9,4,13,12
"24591",1,39,40,39
"24592",2,2,4,2
"24593",3,6,9,8
"24594",2,8,10,9
"24595",2,11,13,11
"24596",1,1,2,1
"24597",7,1,8,7
"24598",1,14,15,14
"24599",1,5,6,5
"24600",6,7,13,10
"24601",3,11,14,13
"24602",2,8,10,8
"24603",1,5,6,5
"24604",8,7,15,11
"24605",1,2,3,2
"24606",1,5,6,5
"24607",1,23,24,23
"24608",2,11,13,11
"24609",3,12,15,12
"24610",2,39,41,40
"24611",6,5,11,9
"24612",3,19,22,21
"24613",1,5,6,5
"24614",2,8,10,9
"24615",1,2,3,2
"24616",2,13,15,13
"24617",1,1,2,1
"24618",1,1,2,1
"24619",1,5,6,5
"24620",1,1,2,1
"24621",1,6,7,6
"24622",2,2,4,2
"24623",2,4,6,4
"24624",1,1,2,1
"24625",2,22,24,22
"24626",1,2,3,2
"24627",12,8,20,19
"24628",1,3,4,3
"24629",8,8,16,8
"24630",1,1,2,1
"24631",1,1,2,1
"24632",4,9,13,12
"24633",1,1,2,1
"24634",1,4,5,4
"24635",1,3,4,3
"24636",1,2,3,2
"24637",2,2,4,3
"24638",2,6,8,6
"24639",1,4,5,4
"24640",1,8,9,8
"24641",4,5,9,8
"24642",60,31,91,90
"24643",1,2,3,2
"24644",1,10,11,10
"24645",1,7,8,7
"24646",1,15,16,15
"24647",9,1,10,9
"24648",2,3,5,3
"24649",3,9,12,9
"24650",1,12,13,12
"24651",4,13,17,15
"24652",2,28,30,28
"24653",1,2,3,2
"24654",1,3,4,3
"24655",1,6,7,6
"24656",5,11,16,12
"24657",3,5,8,6
"24658",8,30,38,32
"24659",1,13,14,13
"24660",6,2,8,6
"24661",3,19,22,21
"24662",4,8,12,10
"24663",2,25,27,25
"24664",2,5,7,5
"24665",4,20,24,20
"24666",2,8,10,9
"24667",31,38,69,68
"24668",1,3,4,3
"24669",2,5,7,5
"24670",14,13,27,26
"24671",1,8,9,8
"24672",4,10,14,13
"24673",1,2,3,2
"24674",2,1,3,2
"24675",4,29,33,31
"24676",6,15,21,19
"24677",1,4,5,4
"24678",3,14,17,15
"24679",3,10,13,10
"24680",1,4,5,4
"24681",1,2,3,2
"24682",5,13,18,16
"24683",2,5,7,6
"24684",2,23,25,23
"24685",1,5,6,5
"24686",8,22,30,28
"24687",1,2,3,2
"24688",2,7,9,7
"24689",2,12,14,12
"24690",1,9,10,9
"24691",15,9,24,22
"24692",1,10,11,10
"24693",1,9,10,9
"24694",1,2,3,2
"24695",1,2,3,2
"24696",2,4,6,5
"24697",1,34,35,34
"24698",2,6,8,7
"24699",1,1,2,1
"24700",2,4,6,5
"24701",2,2,4,3
"24702",2,6,8,7
"24703",20,20,40,35
"24704",8,8,16,15
"24705",14,5,19,18
"24706",10,12,22,21
"24707",4,3,7,6
"24708",2,4,6,4
"24709",3,6,9,8
"24710",1,7,8,7
"24711",2,3,5,4
"24712",4,3,7,5
"24713",1,2,3,2
"24714",9,1,10,9
"24715",4,23,27,26
"24716",2,3,5,3
"24717",3,10,13,10
"24718",3,2,5,4
"24719",1,19,20,19
"24720",1,9,10,9
"24721",1,5,6,5
"24722",3,11,14,12
"24723",3,9,12,9
"24724",3,14,17,16
"24725",8,1,9,8
"24726",1,4,5,4
"24727",4,13,17,13
"24728",7,5,12,10
"24729",1,5,6,5
"24730",2,1,3,2
"24731",1,9,10,9
"24732",2,9,11,9
"24733",2,10,12,10
"24734",3,11,14,13
"24735",1,24,25,24
"24736",3,23,26,23
"24737",11,2,13,11
"24738",3,7,10,8
"24739",2,4,6,5
"24740",1,9,10,9
"24741",8,24,32,28
"24742",1,11,12,11
"24743",7,53,60,59
"24744",2,1,3,2
"24745",2,25,27,25
"24746",2,4,6,4
"24747",2,1,3,2
"24748",2,8,10,8
"24749",1,3,4,3
"24750",2,30,32,30
"24751",4,17,21,20
"24752",3,20,23,21
"24753",5,8,13,9
"24754",2,11,13,12
"24755",5,3,8,7
"24756",1,4,5,4
"24757",1,1,2,1
"24758",2,4,6,5
"24759",3,30,33,32
"24760",22,22,44,22
"24761",1,29,30,29
"24762",4,17,21,19
"24763",2,6,8,6
"24764",7,1,8,7
"24765",2,2,4,2
"24766",37,1,38,37
"24767",1,8,9,8
"24768",3,21,24,21
"24769",3,15,18,17
"24770",6,31,37,36
"24771",2,30,32,30
"24772",2,12,14,13
"24773",7,22,29,27
"24774",1,4,5,4
"24775",1,5,6,5
"24776",1,2,3,2
"24777",2,1,3,2
"24778",7,23,30,29
"24779",5,18,23,21
"24780",2,2,4,3
"24781",9,22,31,27
"24782",4,1,5,4
"24783",2,7,9,8
"24784",1,5,6,5
"24785",2,24,26,25
"24786",2,9,11,9
"24787",5,7,12,7
"24788",1,10,11,10
"24789",5,5,10,7
"24790",1,4,5,4
"24791",2,3,5,3
"24792",1,8,9,8
"24793",1,13,14,13
"24794",2,11,13,12
"24795",1,2,3,2
"24796",2,25,27,26
"24797",1,5,6,5
"24798",2,6,8,6
"24799",1,10,11,10
"24800",2,3,5,3
"24801",32,6,38,37
"24802",4,45,49,48
"24803",2,13,15,14
"24804",1,7,8,7
"24805",13,4,17,16
"24806",3,2,5,3
"24807",7,1,8,7
"24808",1,12,13,12
"24809",1,1,2,1
"24810",1,9,10,9
"24811",2,9,11,9
"24812",2,4,6,4
"24813",1,3,4,3
"24814",3,10,13,11
"24815",1,11,12,11
"24816",1,1,2,1
"24817",3,2,5,4
"24818",5,2,7,6
"24819",9,5,14,12
"24820",1,9,10,9
"24821",1,6,7,6
"24822",4,11,15,13
"24823",1,1,2,1
"24824",1,2,3,2
"24825",1,3,4,3
"24826",1,1,2,1
"24827",3,2,5,4
"24828",1,7,8,7
"24829",2,6,8,6
"24830",6,21,27,23
"24831",1,2,3,2
"24832",1,1,2,1
"24833",1,3,4,3
"24834",4,18,22,20
"24835",9,5,14,12
"24836",2,1,3,2
"24837",13,32,45,39
"24838",1,1,2,1
"24839",2,7,9,7
"24840",1,1,2,1
"24841",1,3,4,3
"24842",4,8,12,10
"24843",1,4,5,4
"24844",1,9,10,9
"24845",29,3,32,29
"24846",1,3,4,3
"24847",1,7,8,7
"24848",2,4,6,5
"24849",2,5,7,6
"24850",1,14,15,14
"24851",1,6,7,6
"24852",1,11,12,11
"24853",1,5,6,5
"24854",1,6,7,6
"24855",1,3,4,3
"24856",4,19,23,22
"24857",1,1,2,1
"24858",2,9,11,9
"24859",7,2,9,8
"24860",1,7,8,7
"24861",1,5,6,5
"24862",10,10,20,18
"24863",1,4,5,4
"24864",1,9,10,9
"24865",1,13,14,13
"24866",1,2,3,2
"24867",7,31,38,36
"24868",1,15,16,15
"24869",1,4,5,4
"24870",1,11,12,11
"24871",2,4,6,5
"24872",1,4,5,4
"24873",9,39,48,47
"24874",2,3,5,3
"24875",4,2,6,5
"24876",1,5,6,5
"24877",3,3,6,4
"24878",2,5,7,6
"24879",2,2,4,3
"24880",2,7,9,8
"24881",2,2,4,3
"24882",5,5,10,9
"24883",1,23,24,23
"24884",1,23,24,23
"24885",1,12,13,12
"24886",1,6,7,6
"24887",7,12,19,18
"24888",1,8,9,8
"24889",2,2,4,3
"24890",3,1,4,3
"24891",1,4,5,4
"24892",2,30,32,30
"24893",5,11,16,12
"24894",1,39,40,39
"24895",2,22,24,23
"24896",1,8,9,8
"24897",1,37,38,37
"24898",2,2,4,3
"24899",1,15,16,15
"24900",1,2,3,2
"24901",3,14,17,14
"24902",1,5,6,5
"24903",1,6,7,6
"24904",1,1,2,1
"24905",1,3,4,3
"24906",2,5,7,6
"24907",1,1,2,1
"24908",2,10,12,11
"24909",2,3,5,4
"24910",1,8,9,8
"24911",2,12,14,12
"24912",1,10,11,10
"24913",1,6,7,6
"24914",2,12,14,12
"24915",2,3,5,3
"24916",18,1,19,18
"24917",7,2,9,8
"24918",1,21,22,21
"24919",12,1,13,12
"24920",2,16,18,17
"24921",1,21,22,21
"24922",2,8,10,9
"24923",1,1,2,1
"24924",1,6,7,6
"24925",5,14,19,15
"24926",1,44,45,44
"24927",6,5,11,8
"24928",1,2,3,2
"24929",1,15,16,15
"24930",1,1,2,1
"24931",5,24,29,28
"24932",3,7,10,8
"24933",1,5,6,5
"24934",1,12,13,12
"24935",4,1,5,4
"24936",1,13,14,13
"24937",2,5,7,5
"24938",1,25,26,25
"24939",6,1,7,6
"24940",1,8,9,8
"24941",3,6,9,7
"24942",4,19,23,21
"24943",2,19,21,20
"24944",7,1,8,7
"24945",1,14,15,14
"24946",1,3,4,3
"24947",1,8,9,8
"24948",1,2,3,2
"24949",1,2,3,2
"24950",3,23,26,24
"24951",2,3,5,3
"24952",1,10,11,10
"24953",9,20,29,27
"24954",1,7,8,7
"24955",2,13,15,13
"24956",2,8,10,8
"24957",5,18,23,20
"24958",1,10,11,10
"24959",1,9,10,9
"24960",1,2,3,2
"24961",3,34,37,36
"24962",4,12,16,15
"24963",1,12,13,12
"24964",5,22,27,25
"24965",13,19,32,30
"24966",1,20,21,20
"24967",3,6,9,8
"24968",11,6,17,16
"24969",3,3,6,4
"24970",1,5,6,5
"24971",1,2,3,2
"24972",1,10,11,10
"24973",15,10,25,22
"24974",1,1,2,1
"24975",1,17,18,17
"24976",8,34,42,36
"24977",2,14,16,14
"24978",1,26,27,26
"24979",6,30,36,32
"24980",5,8,13,11
"24981",1,30,31,30
"24982",1,3,4,3
"24983",2,15,17,15
"24984",1,9,10,9
"24985",20,10,30,29
"24986",1,8,9,8
"24987",1,5,6,5
"24988",7,4,11,9
"24989",3,3,6,5
"24990",1,2,3,2
"24991",1,25,26,25
"24992",20,28,48,47
"24993",1,18,19,18
"24994",1,4,5,4
"24995",1,4,5,4
"24996",1,6,7,6
"24997",3,6,9,8
"24998",1,4,5,4
"24999",2,1,3,2
"25000",2,2,4,3
"25001",1,36,37,36
"25002",1,5,6,5
"25003",4,10,14,12
"25004",7,14,21,19
"25005",4,1,5,4
"25006",1,1,2,1
"25007",2,6,8,6
"25008",1,3,4,3
"25009",1,3,4,3
"25010",3,4,7,6
"25011",5,8,13,11
"25012",1,4,5,4
"25013",1,26,27,26
"25014",1,9,10,9
"25015",19,29,48,47
"25016",1,22,23,22
"25017",5,4,9,5
"25018",1,6,7,6
"25019",7,10,17,16
"25020",2,5,7,5
"25021",1,7,8,7
"25022",1,5,6,5
"25023",2,13,15,14
"25024",1,4,5,4
"25025",4,6,10,9
"25026",1,7,8,7
"25027",1,2,3,2
"25028",1,23,24,23
"25029",8,24,32,29
"25030",3,2,5,4
"25031",14,4,18,17
"25032",1,1,2,1
"25033",2,8,10,8
"25034",1,25,26,25
"25035",3,22,25,24
"25036",2,36,38,36
"25037",3,14,17,14
"25038",1,6,7,6
"25039",5,3,8,6
"25040",4,7,11,9
"25041",5,24,29,28
"25042",7,2,9,8
"25043",1,1,2,1
"25044",6,19,25,22
"25045",8,7,15,11
"25046",1,6,7,6
"25047",3,7,10,8
"25048",1,4,5,4
"25049",2,3,5,4
"25050",2,7,9,7
"25051",1,1,2,1
"25052",1,20,21,20
"25053",1,3,4,3
"25054",1,1,2,1
"25055",5,4,9,7
"25056",10,3,13,11
"25057",1,4,5,4
"25058",3,40,43,42
"25059",3,13,16,14
"25060",1,12,13,12
"25061",1,21,22,21
"25062",3,12,15,12
"25063",3,3,6,4
"25064",1,14,15,14
"25065",8,1,9,8
"25066",2,1,3,2
"25067",2,8,10,8
"25068",1,1,2,1
"25069",4,24,28,24
"25070",3,6,9,6
"25071",1,9,10,9
"25072",6,13,19,14
"25073",1,2,3,2
"25074",1,1,2,1
"25075",1,1,2,1
"25076",1,10,11,10
"25077",1,1,2,1
"25078",1,20,21,20
"25079",1,11,12,11
"25080",5,1,6,5
"25081",1,7,8,7
"25082",1,1,2,1
"25083",2,3,5,4
"25084",8,26,34,32
"25085",2,7,9,7
"25086",6,18,24,21
"25087",7,20,27,21
"25088",2,3,5,4
"25089",7,1,8,7
"25090",3,3,6,4
"25091",1,2,3,2
"25092",1,4,5,4
"25093",1,10,11,10
"25094",2,6,8,6
"25095",3,2,5,4
"25096",1,4,5,4
"25097",2,3,5,4
"25098",3,13,16,15
"25099",1,1,2,1
"25100",9,17,26,22
"25101",6,3,9,8
"25102",3,12,15,12
"25103",1,3,4,3
"25104",4,17,21,19
"25105",1,2,3,2
"25106",4,10,14,13
"25107",3,10,13,11
"25108",4,15,19,16
"25109",1,20,21,20
"25110",2,7,9,7
"25111",5,9,14,12
"25112",4,11,15,12
"25113",2,35,37,36
"25114",1,10,11,10
"25115",2,10,12,11
"25116",2,1,3,2
"25117",1,1,2,1
"25118",1,4,5,4
"25119",3,10,13,10
"25120",6,17,23,20
"25121",2,2,4,2
"25122",1,1,2,1
"25123",2,5,7,5
"25124",1,1,2,1
"25125",1,7,8,7
"25126",2,2,4,3
"25127",2,3,5,4
"25128",3,7,10,8
"25129",1,7,8,7
"25130",3,2,5,3
"25131",2,5,7,6
"25132",3,13,16,13
"25133",3,9,12,11
"25134",1,7,8,7
"25135",1,1,2,1
"25136",1,4,5,4
"25137",12,18,30,24
"25138",3,13,16,15
"25139",2,9,11,10
"25140",1,15,16,15
"25141",5,14,19,17
"25142",1,1,2,1
"25143",1,8,9,8
"25144",1,11,12,11
"25145",1,81,82,81
"25146",3,2,5,4
"25147",2,12,14,12
"25148",1,1,2,1
"25149",9,2,11,10
"25150",4,1,5,4
"25151",3,13,16,15
"25152",1,4,5,4
"25153",1,4,5,4
"25154",1,3,4,3
"25155",5,4,9,5
"25156",2,3,5,3
"25157",4,10,14,12
"25158",8,4,12,8
"25159",1,2,3,2
"25160",4,26,30,26
"25161",9,12,21,20
"25162",2,13,15,13
"25163",5,31,36,32
"25164",5,26,31,30
"25165",6,44,50,48
"25166",2,5,7,5
"25167",3,5,8,5
"25168",2,3,5,4
"25169",1,22,23,22
"25170",7,12,19,18
"25171",1,1,2,1
"25172",1,8,9,8
"25173",5,8,13,11
"25174",1,3,4,3
"25175",1,4,5,4
"25176",1,1,2,1
"25177",1,10,11,10
"25178",1,6,7,6
"25179",17,9,26,25
"25180",1,2,3,2
"25181",6,37,43,41
"25182",5,12,17,15
"25183",1,8,9,8
"25184",2,24,26,24
"25185",1,25,26,25
"25186",1,1,2,1
"25187",4,6,10,9
"25188",2,10,12,10
"25189",7,41,48,46
"25190",1,8,9,8
"25191",9,32,41,38
"25192",1,18,19,18
"25193",1,1,2,1
"25194",1,10,11,10
"25195",3,7,10,7
"25196",2,6,8,7
"25197",1,18,19,18
"25198",4,3,7,6
"25199",2,2,4,3
"25200",6,18,24,20
"25201",1,43,44,43
"25202",1,14,15,14
"25203",4,25,29,27
"25204",1,3,4,3
"25205",1,9,10,9
"25206",1,1,2,1
"25207",1,10,11,10
"25208",2,26,28,27
"25209",1,1,2,1
"25210",7,6,13,11
"25211",1,5,6,5
"25212",2,3,5,4
"25213",1,12,13,12
"25214",7,14,21,20
"25215",2,2,4,2
"25216",4,2,6,5
"25217",3,11,14,11
"25218",5,35,40,39
"25219",2,1,3,2
"25220",2,2,4,3
"25221",2,42,44,42
"25222",1,5,6,5
"25223",1,1,2,1
"25224",3,22,25,22
"25225",1,5,6,5
"25226",9,14,23,20
"25227",1,3,4,3
"25228",4,12,16,13
"25229",1,2,3,2
"25230",2,2,4,2
"25231",2,12,14,13
"25232",1,4,5,4
"25233",6,3,9,8
"25234",1,26,27,26
"25235",1,7,8,7
"25236",2,12,14,12
"25237",4,2,6,5
"25238",3,2,5,3
"25239",1,1,2,1
"25240",3,1,4,3
"25241",2,26,28,26
"25242",1,18,19,18
"25243",5,44,49,46
"25244",11,23,34,23
"25245",1,2,3,2
"25246",1,2,3,2
"25247",5,22,27,26
"25248",5,2,7,6
"25249",1,1,2,1
"25250",3,16,19,18
"25251",2,4,6,4
"25252",4,8,12,10
"25253",1,5,6,5
"25254",2,5,7,6
"25255",1,4,5,4
"25256",1,1,2,1
"25257",1,2,3,2
"25258",2,6,8,6
"25259",5,32,37,35
"25260",3,4,7,4
"25261",1,8,9,8
"25262",2,5,7,5
"25263",7,1,8,7
"25264",4,12,16,15
"25265",7,3,10,8
"25266",1,48,49,48
"25267",9,13,22,18
"25268",1,5,6,5
"25269",3,12,15,13
"25270",3,31,34,33
"25271",1,1,2,1
"25272",1,1,2,1
"25273",3,29,32,31
"25274",1,6,7,6
"25275",1,37,38,37
"25276",1,1,2,1
"25277",4,1,5,4
"25278",1,8,9,8
"25279",1,3,4,3
"25280",6,13,19,17
"25281",1,34,35,34
"25282",1,1,2,1
"25283",6,20,26,25
"25284",1,5,6,5
"25285",2,2,4,3
"25286",11,9,20,19
"25287",17,8,25,24
"25288",3,1,4,3
"25289",22,4,26,25
"25290",5,15,20,19
"25291",5,5,10,9
"25292",14,14,28,27
"25293",2,3,5,4
"25294",5,10,15,14
"25295",3,15,18,15
"25296",5,18,23,21
"25297",1,7,8,7
"25298",2,3,5,3
"25299",4,2,6,5
"25300",3,32,35,33
"25301",2,13,15,13
"25302",1,1,2,1
"25303",6,13,19,16
"25304",2,2,4,2
"25305",9,29,38,36
"25306",1,5,6,5
"25307",1,9,10,9
"25308",1,3,4,3
"25309",1,6,7,6
"25310",1,6,7,6
"25311",1,1,2,1
"25312",1,4,5,4
"25313",3,2,5,4
"25314",1,8,9,8
"25315",3,27,30,29
"25316",1,12,13,12
"25317",6,30,36,34
"25318",5,9,14,13
"25319",1,4,5,4
"25320",1,1,2,1
"25321",6,25,31,29
"25322",1,17,18,17
"25323",1,2,3,2
"25324",1,5,6,5
"25325",1,6,7,6
"25326",3,21,24,21
"25327",13,45,58,55
"25328",1,3,4,3
"25329",1,1,2,1
"25330",1,10,11,10
"25331",4,30,34,32
"25332",1,26,27,26
"25333",1,3,4,3
"25334",1,4,5,4
"25335",1,1,2,1
"25336",1,11,12,11
"25337",1,2,3,2
"25338",3,4,7,6
"25339",3,2,5,4
"25340",8,4,12,8
"25341",1,29,30,29
"25342",2,1,3,2
"25343",3,1,4,3
"25344",1,2,3,2
"25345",1,6,7,6
"25346",1,14,15,14
"25347",1,13,14,13
"25348",1,23,24,23
"25349",2,4,6,4
"25350",7,10,17,16
"25351",1,13,14,13
"25352",3,4,7,6
"25353",2,2,4,3
"25354",2,25,27,25
"25355",7,13,20,18
"25356",3,40,43,40
"25357",1,4,5,4
"25358",2,25,27,25
"25359",5,3,8,5
"25360",3,8,11,9
"25361",1,6,7,6
"25362",2,7,9,8
"25363",4,14,18,14
"25364",1,31,32,31
"25365",1,7,8,7
"25366",6,4,10,9
"25367",23,37,60,57
"25368",2,7,9,8
"25369",1,11,12,11
"25370",2,13,15,13
"25371",2,15,17,16
"25372",5,16,21,16
"25373",1,10,11,10
"25374",1,8,9,8
"25375",11,11,22,11
"25376",11,11,22,11
"25377",4,4,8,4
"25378",3,3,6,3
"25379",10,4,14,13
"25380",2,4,6,5
"25381",4,6,10,8
"25382",4,35,39,37
"25383",2,15,17,15
"25384",1,5,6,5
"25385",6,8,14,12
"25386",1,11,12,11
"25387",1,1,2,1
"25388",3,11,14,11
"25389",1,4,5,4
"25390",1,11,12,11
"25391",1,1,2,1
"25392",1,6,7,6
"25393",1,5,6,5
"25394",2,18,20,18
"25395",4,8,12,11
"25396",1,1,2,1
"25397",2,2,4,3
"25398",1,8,9,8
"25399",2,8,10,8
"25400",1,25,26,25
"25401",4,4,8,4
"25402",3,7,10,7
"25403",1,8,9,8
"25404",1,34,35,34
"25405",2,2,4,2
"25406",16,24,40,36
"25407",15,55,70,64
"25408",10,38,48,42
"25409",1,5,6,5
"25410",1,1,2,1
"25411",5,10,15,13
"25412",3,5,8,6
"25413",2,4,6,5
"25414",1,4,5,4
"25415",2,24,26,24
"25416",2,24,26,24
"25417",2,7,9,7
"25418",1,1,2,1
"25419",1,1,2,1
"25420",1,13,14,13
"25421",2,1,3,2
"25422",2,24,26,24
"25423",1,7,8,7
"25424",7,29,36,34
"25425",1,14,15,14
"25426",1,4,5,4
"25427",1,1,2,1
"25428",1,6,7,6
"25429",7,5,12,10
"25430",3,1,4,3
"25431",3,5,8,7
"25432",2,8,10,8
"25433",2,12,14,13
"25434",5,13,18,16
"25435",1,2,3,2
"25436",1,2,3,2
"25437",1,9,10,9
"25438",1,1,2,1
"25439",1,10,11,10
"25440",7,40,47,41
"25441",2,12,14,12
"25442",7,10,17,12
"25443",3,8,11,10
"25444",5,2,7,6
"25445",2,3,5,3
"25446",2,8,10,9
"25447",5,24,29,26
"25448",2,2,4,3
"25449",5,8,13,12
"25450",2,8,10,8
"25451",1,7,8,7
"25452",9,29,38,35
"25453",1,7,8,7
"25454",3,7,10,9
"25455",1,4,5,4
"25456",2,7,9,7
"25457",1,19,20,19
"25458",1,1,2,1
"25459",1,3,4,3
"25460",7,19,26,21
"25461",6,14,20,19
"25462",1,3,4,3
"25463",1,1,2,1
"25464",6,8,14,13
"25465",2,1,3,2
"25466",1,11,12,11
"25467",1,5,6,5
"25468",8,28,36,33
"25469",1,5,6,5
"25470",3,19,22,19
"25471",2,2,4,2
"25472",1,1,2,1
"25473",1,2,3,2
"25474",3,14,17,15
"25475",1,1,2,1
"25476",6,3,9,7
"25477",1,7,8,7
"25478",2,7,9,8
"25479",4,2,6,5
"25480",16,9,25,23
"25481",4,3,7,6
"25482",3,34,37,36
"25483",2,5,7,5
"25484",2,20,22,20
"25485",2,3,5,3
"25486",2,8,10,8
"25487",9,6,15,14
"25488",1,2,3,2
"25489",2,2,4,2
"25490",2,4,6,4
"25491",3,1,4,3
"25492",8,9,17,15
"25493",2,3,5,4
"25494",3,20,23,20
"25495",6,2,8,7
"25496",1,10,11,10
"25497",5,30,35,32
"25498",1,5,6,5
"25499",1,8,9,8
"25500",2,8,10,9
"25501",1,25,26,25
"25502",4,1,5,4
"25503",7,21,28,24
"25504",1,14,15,14
"25505",1,25,26,25
"25506",1,2,3,2
"25507",5,2,7,6
"25508",2,6,8,6
"25509",4,13,17,16
"25510",2,5,7,6
"25511",10,19,29,28
"25512",1,6,7,6
"25513",2,29,31,29
"25514",7,6,13,11
"25515",1,11,12,11
"25516",3,6,9,6
"25517",1,1,2,1
"25518",1,2,3,2
"25519",10,32,42,39
"25520",1,2,3,2
"25521",1,18,19,18
"25522",3,4,7,4
"25523",1,6,7,6
"25524",2,33,35,34
"25525",1,4,5,4
"25526",1,38,39,38
"25527",2,7,9,8
"25528",9,18,27,25
"25529",1,1,2,1
"25530",3,7,10,7
"25531",6,9,15,14
"25532",5,31,36,33
"25533",3,2,5,4
"25534",1,16,17,16
"25535",2,23,25,23
"25536",2,11,13,11
"25537",5,2,7,6
"25538",5,8,13,9
"25539",1,1,2,1
"25540",1,1,2,1
"25541",1,13,14,13
"25542",2,24,26,24
"25543",1,4,5,4
"25544",1,8,9,8
"25545",1,1,2,1
"25546",1,34,35,34
"25547",1,3,4,3
"25548",5,32,37,35
"25549",5,22,27,26
"25550",1,36,37,36
"25551",1,2,3,2
"25552",5,5,10,8
"25553",25,25,50,47
"25554",13,13,26,13
"25555",11,1,12,11
"25556",1,6,7,6
"25557",1,32,33,32
"25558",1,14,15,14
"25559",1,7,8,7
"25560",1,1,2,1
"25561",2,4,6,5
"25562",2,12,14,13
"25563",4,13,17,15
"25564",5,21,26,24
"25565",2,2,4,3
"25566",4,9,13,11
"25567",1,3,4,3
"25568",1,22,23,22
"25569",1,15,16,15
"25570",4,5,9,5
"25571",1,30,31,30
"25572",3,14,17,16
"25573",2,8,10,9
"25574",2,21,23,21
"25575",2,3,5,3
"25576",2,23,25,23
"25577",1,1,2,1
"25578",1,1,2,1
"25579",6,20,26,23
"25580",1,6,7,6
"25581",3,14,17,15
"25582",2,2,4,3
"25583",2,6,8,6
"25584",1,8,9,8
"25585",1,2,3,2
"25586",1,1,2,1
"25587",2,11,13,11
"25588",1,7,8,7
"25589",1,2,3,2
"25590",1,10,11,10
"25591",8,8,16,8
"25592",2,4,6,5
"25593",1,3,4,3
"25594",3,1,4,3
"25595",1,2,3,2
"25596",17,22,39,38
"25597",1,2,3,2
"25598",15,1,16,15
"25599",1,6,7,6
"25600",1,9,10,9
"25601",3,8,11,9
"25602",1,3,4,3
"25603",9,11,20,17
"25604",6,2,8,7
"25605",3,3,6,3
"25606",5,18,23,21
"25607",2,1,3,2
"25608",1,8,9,8
"25609",1,4,5,4
"25610",4,7,11,10
"25611",1,2,3,2
"25612",2,3,5,3
"25613",1,3,4,3
"25614",2,3,5,3
"25615",1,14,15,14
"25616",2,9,11,10
"25617",2,1,3,2
"25618",4,3,7,6
"25619",1,7,8,7
"25620",9,5,14,13
"25621",1,1,2,1
"25622",4,5,9,8
"25623",4,26,30,27
"25624",1,13,14,13
"25625",1,2,3,2
"25626",4,3,7,6
"25627",13,24,37,29
"25628",1,10,11,10
"25629",2,14,16,14
"25630",2,6,8,7
"25631",2,20,22,20
"25632",1,8,9,8
"25633",1,12,13,12
"25634",1,14,15,14
"25635",3,11,14,12
"25636",6,26,32,28
"25637",3,6,9,8
"25638",2,8,10,8
"25639",1,15,16,15
"25640",1,3,4,3
"25641",2,5,7,5
"25642",1,8,9,8
"25643",2,3,5,3
"25644",2,3,5,4
"25645",1,1,2,1
"25646",2,18,20,18
"25647",7,13,20,18
"25648",7,5,12,9
"25649",4,42,46,43
"25650",1,9,10,9
"25651",2,3,5,4
"25652",2,16,18,17
"25653",4,9,13,9
"25654",1,11,12,11
"25655",1,41,42,41
"25656",1,6,7,6
"25657",1,9,10,9
"25658",5,9,14,13
"25659",1,1,2,1
"25660",2,13,15,13
"25661",1,2,3,2
"25662",6,7,13,11
"25663",8,7,15,11
"25664",1,5,6,5
"25665",1,3,4,3
"25666",1,2,3,2
"25667",2,11,13,12
"25668",1,2,3,2
"25669",2,34,36,34
"25670",1,2,3,2
"25671",14,10,24,23
"25672",1,1,2,1
"25673",8,18,26,24
"25674",6,11,17,14
"25675",2,11,13,12
"25676",60,5,65,64
"25677",1,24,25,24
"25678",3,1,4,3
"25679",14,2,16,15
"25680",1,8,9,8
"25681",6,8,14,9
"25682",3,3,6,4
"25683",4,17,21,19
"25684",1,1,2,1
"25685",1,1,2,1
"25686",5,13,18,15
"25687",3,12,15,13
"25688",2,2,4,2
"25689",10,20,30,28
"25690",1,11,12,11
"25691",1,20,21,20
"25692",1,5,6,5
"25693",1,3,4,3
"25694",1,7,8,7
"25695",1,2,3,2
"25696",6,10,16,15
"25697",10,4,14,11
"25698",3,2,5,4
"25699",12,37,49,44
"25700",7,10,17,14
"25701",1,8,9,8
"25702",2,2,4,2
"25703",4,27,31,28
"25704",11,34,45,44
"25705",6,23,29,28
"25706",1,1,2,1
"25707",1,1,2,1
"25708",2,9,11,9
"25709",5,9,14,11
"25710",1,23,24,23
"25711",4,1,5,4
"25712",3,8,11,8
"25713",4,1,5,4
"25714",2,81,83,81
"25715",4,5,9,7
"25716",8,66,74,72
"25717",5,4,9,8
"25718",1,12,13,12
"25719",7,4,11,10
"25720",3,23,26,24
"25721",1,10,11,10
"25722",1,2,3,2
"25723",7,1,8,7
"25724",2,2,4,3
"25725",2,3,5,4
"25726",1,4,5,4
"25727",1,3,4,3
"25728",3,25,28,27
"25729",4,3,7,4
"25730",4,5,9,8
"25731",2,19,21,19
"25732",1,11,12,11
"25733",3,16,19,16
"25734",12,22,34,29
"25735",2,3,5,3
"25736",1,9,10,9
"25737",1,8,9,8
"25738",1,3,4,3
"25739",6,14,20,18
"25740",2,1,3,2
"25741",3,15,18,15
"25742",2,2,4,2
"25743",1,17,18,17
"25744",8,13,21,19
"25745",5,12,17,15
"25746",1,19,20,19
"25747",1,21,22,21
"25748",3,8,11,9
"25749",3,7,10,8
"25750",1,8,9,8
"25751",6,10,16,14
"25752",1,21,22,21
"25753",5,1,6,5
"25754",4,14,18,16
"25755",4,24,28,27
"25756",6,17,23,21
"25757",1,13,14,13
"25758",1,1,2,1
"25759",2,7,9,7
"25760",3,8,11,10
"25761",6,4,10,7
"25762",2,3,5,4
"25763",1,14,15,14
"25764",1,6,7,6
"25765",1,9,10,9
"25766",2,19,21,19
"25767",1,4,5,4
"25768",1,1,2,1
"25769",4,3,7,6
"25770",7,31,38,36
"25771",3,21,24,23
"25772",31,2,33,32
"25773",1,1,2,1
"25774",4,1,5,4
"25775",2,5,7,6
"25776",2,12,14,12
"25777",2,1,3,2
"25778",1,1,2,1
"25779",2,3,5,3
"25780",2,13,15,13
"25781",9,38,47,46
"25782",1,8,9,8
"25783",1,15,16,15
"25784",3,10,13,12
"25785",8,6,14,13
"25786",2,1,3,2
"25787",5,11,16,15
"25788",1,2,3,2
"25789",2,6,8,6
"25790",1,18,19,18
"25791",1,8,9,8
"25792",1,5,6,5
"25793",7,38,45,41
"25794",5,16,21,20
"25795",1,1,2,1
"25796",1,15,16,15
"25797",2,6,8,7
"25798",1,1,2,1
"25799",5,22,27,26
"25800",1,4,5,4
"25801",2,2,4,3
"25802",5,57,62,61
"25803",1,4,5,4
"25804",2,1,3,2
"25805",1,17,18,17
"25806",2,2,4,3
"25807",4,30,34,33
"25808",4,22,26,25
"25809",6,23,29,27
"25810",35,1,36,35
"25811",5,34,39,37
"25812",2,14,16,14
"25813",1,5,6,5
"25814",2,12,14,13
"25815",1,5,6,5
"25816",2,8,10,8
"25817",1,2,3,2
"25818",1,4,5,4
"25819",1,6,7,6
"25820",5,36,41,40
"25821",4,17,21,19
"25822",5,13,18,17
"25823",4,26,30,27
"25824",2,12,14,13
"25825",2,11,13,11
"25826",1,3,4,3
"25827",2,7,9,7
"25828",1,6,7,6
"25829",1,2,3,2
"25830",1,3,4,3
"25831",3,11,14,13
"25832",2,13,15,13
"25833",1,26,27,26
"25834",1,26,27,26
"25835",9,11,20,17
"25836",8,5,13,12
"25837",2,10,12,10
"25838",5,7,12,11
"25839",8,4,12,10
"25840",5,35,40,35
"25841",22,22,44,22
"25842",1,3,4,3
"25843",3,6,9,7
"25844",1,3,4,3
"25845",13,17,30,29
"25846",1,16,17,16
"25847",3,45,48,46
"25848",1,1,2,1
"25849",5,7,12,11
"25850",1,2,3,2
"25851",2,7,9,7
"25852",3,18,21,20
"25853",1,2,3,2
"25854",1,1,2,1
"25855",2,3,5,4
"25856",3,12,15,12
"25857",1,9,10,9
"25858",1,1,2,1
"25859",2,11,13,11
"25860",4,1,5,4
"25861",2,5,7,5
"25862",1,6,7,6
"25863",1,12,13,12
"25864",1,2,3,2
"25865",2,1,3,2
"25866",2,7,9,7
"25867",27,45,72,69
"25868",4,32,36,34
"25869",4,24,28,27
"25870",7,45,52,50
"25871",1,13,14,13
"25872",1,5,6,5
"25873",1,3,4,3
"25874",3,21,24,21
"25875",1,8,9,8
"25876",3,2,5,4
"25877",7,4,11,9
"25878",1,8,9,8
"25879",1,4,5,4
"25880",2,5,7,5
"25881",8,3,11,9
"25882",4,2,6,5
"25883",1,8,9,8
"25884",2,5,7,6
"25885",1,25,26,25
"25886",1,1,2,1
"25887",1,9,10,9
"25888",2,11,13,12
"25889",3,5,8,6
"25890",3,10,13,10
"25891",2,4,6,4
"25892",1,2,3,2
"25893",1,6,7,6
"25894",5,10,15,12
"25895",7,39,46,45
"25896",2,2,4,2
"25897",1,11,12,11
"25898",2,6,8,7
"25899",6,1,7,6
"25900",5,22,27,25
"25901",2,55,57,56
"25902",1,2,3,2
"25903",2,6,8,6
"25904",6,45,51,50
"25905",3,12,15,12
"25906",6,1,7,6
"25907",1,6,7,6
"25908",1,7,8,7
"25909",2,13,15,13
"25910",4,4,8,7
"25911",4,14,18,14
"25912",1,7,8,7
"25913",3,6,9,6
"25914",3,8,11,8
"25915",2,5,7,5
"25916",6,4,10,8
"25917",3,2,5,3
"25918",3,35,38,37
"25919",1,15,16,15
"25920",1,5,6,5
"25921",7,26,33,30
"25922",1,5,6,5
"25923",5,9,14,12
"25924",1,1,2,1
"25925",36,9,45,43
"25926",2,24,26,25
"25927",2,2,4,2
"25928",1,3,4,3
"25929",5,9,14,13
"25930",8,7,15,12
"25931",4,10,14,13
"25932",1,8,9,8
"25933",6,18,24,21
"25934",15,22,37,35
"25935",2,5,7,5
"25936",1,3,4,3
"25937",4,19,23,21
"25938",2,4,6,5
"25939",2,7,9,8
"25940",5,45,50,48
"25941",1,4,5,4
"25942",1,2,3,2
"25943",1,7,8,7
"25944",4,6,10,9
"25945",4,11,15,12
"25946",13,14,27,25
"25947",4,8,12,11
"25948",3,3,6,4
"25949",1,4,5,4
"25950",3,6,9,7
"25951",3,12,15,14
"25952",4,5,9,7
"25953",1,3,4,3
"25954",2,4,6,5
"25955",1,2,3,2
"25956",2,8,10,8
"25957",42,30,72,71
"25958",1,17,18,17
"25959",5,5,10,6
"25960",2,2,4,3
"25961",4,25,29,28
"25962",1,7,8,7
"25963",1,3,4,3
"25964",1,1,2,1
"25965",1,7,8,7
"25966",1,17,18,17
"25967",2,5,7,6
"25968",1,5,6,5
"25969",1,45,46,45
"25970",5,27,32,29
"25971",1,1,2,1
"25972",2,3,5,3
"25973",1,9,10,9
"25974",4,4,8,7
"25975",1,1,2,1
"25976",3,3,6,5
"25977",2,18,20,19
"25978",1,2,3,2
"25979",1,2,3,2
"25980",1,27,28,27
"25981",7,10,17,14
"25982",7,40,47,41
"25983",10,24,34,30
"25984",4,24,28,24
"25985",1,11,12,11
"25986",1,7,8,7
"25987",1,6,7,6
"25988",1,1,2,1
"25989",15,10,25,22
"25990",6,13,19,18
"25991",3,5,8,7
"25992",2,5,7,5
"25993",1,3,4,3
"25994",6,3,9,8
"25995",1,8,9,8
"25996",3,11,14,12
"25997",2,7,9,7
"25998",2,7,9,7
"25999",6,20,26,25
"26000",2,4,6,5
"26001",11,36,47,45
"26002",2,21,23,21
"26003",3,7,10,9
"26004",3,1,4,3
"26005",2,3,5,4
"26006",1,3,4,3
"26007",2,2,4,3
"26008",2,3,5,3
"26009",1,3,4,3
"26010",2,10,12,10
"26011",3,6,9,7
"26012",4,15,19,18
"26013",1,26,27,26
"26014",1,7,8,7
"26015",4,10,14,11
"26016",8,4,12,11
"26017",2,3,5,3
"26018",8,8,16,14
"26019",3,10,13,10
"26020",1,1,2,1
"26021",9,17,26,25
"26022",2,2,4,3
"26023",5,4,9,7
"26024",5,1,6,5
"26025",1,2,3,2
"26026",1,1,2,1
"26027",1,6,7,6
"26028",1,5,6,5
"26029",2,12,14,12
"26030",1,3,4,3
"26031",5,3,8,6
"26032",1,1,2,1
"26033",1,6,7,6
"26034",1,2,3,2
"26035",2,9,11,10
"26036",1,12,13,12
"26037",3,8,11,10
"26038",2,4,6,5
"26039",3,1,4,3
"26040",2,3,5,4
"26041",2,9,11,10
"26042",1,21,22,21
"26043",1,5,6,5
"26044",1,10,11,10
"26045",3,1,4,3
"26046",11,10,21,18
"26047",1,39,40,39
"26048",1,6,7,6
"26049",6,5,11,10
"26050",10,38,48,45
"26051",10,20,30,25
"26052",8,5,13,12
"26053",1,19,20,19
"26054",4,21,25,22
"26055",8,37,45,42
"26056",19,2,21,19
"26057",1,10,11,10
"26058",1,12,13,12
"26059",2,1,3,2
"26060",1,26,27,26
"26061",1,2,3,2
"26062",3,8,11,10
"26063",1,11,12,11
"26064",5,15,20,17
"26065",1,9,10,9
"26066",5,5,10,8
"26067",1,20,21,20
"26068",1,15,16,15
"26069",1,21,22,21
"26070",2,4,6,5
"26071",1,11,12,11
"26072",1,2,3,2
"26073",1,3,4,3
"26074",1,1,2,1
"26075",18,4,22,21
"26076",1,6,7,6
"26077",1,1,2,1
"26078",1,2,3,2
"26079",3,9,12,9
"26080",1,3,4,3
"26081",1,1,2,1
"26082",8,7,15,12
"26083",5,7,12,11
"26084",1,8,9,8
"26085",4,19,23,20
"26086",1,4,5,4
"26087",2,1,3,2
"26088",1,1,2,1
"26089",2,7,9,7
"26090",4,9,13,10
"26091",18,45,63,60
"26092",1,10,11,10
"26093",3,34,37,35
"26094",2,27,29,28
"26095",1,1,2,1
"26096",1,1,2,1
"26097",1,3,4,3
"26098",1,12,13,12
"26099",3,8,11,9
"26100",1,7,8,7
"26101",1,1,2,1
"26102",2,1,3,2
"26103",1,5,6,5
"26104",1,6,7,6
"26105",4,38,42,41
"26106",1,4,5,4
"26107",2,18,20,19
"26108",3,48,51,49
"26109",2,12,14,13
"26110",3,9,12,10
"26111",3,38,41,38
"26112",3,11,14,13
"26113",2,29,31,30
"26114",9,6,15,13
"26115",2,19,21,19
"26116",7,6,13,11
"26117",10,26,36,34
"26118",1,1,2,1
"26119",1,28,29,28
"26120",1,1,2,1
"26121",3,4,7,6
"26122",7,13,20,18
"26123",1,26,27,26
"26124",5,17,22,20
"26125",18,2,20,19
"26126",3,18,21,20
"26127",2,24,26,24
"26128",8,23,31,29
"26129",2,2,4,2
"26130",1,4,5,4
"26131",1,4,5,4
"26132",1,1,2,1
"26133",3,21,24,21
"26134",5,6,11,6
"26135",16,11,27,26
"26136",2,5,7,6
"26137",1,1,2,1
"26138",1,2,3,2
"26139",7,17,24,21
"26140",3,15,18,15
"26141",2,1,3,2
"26142",1,9,10,9
"26143",5,10,15,11
"26144",1,8,9,8
"26145",2,14,16,14
"26146",1,23,24,23
"26147",2,12,14,12
"26148",5,15,20,19
"26149",1,2,3,2
"26150",1,1,2,1
"26151",2,5,7,6
"26152",1,2,3,2
"26153",7,10,17,12
"26154",3,18,21,19
"26155",3,7,10,8
"26156",1,24,25,24
"26157",5,2,7,5
"26158",2,3,5,4
"26159",11,16,27,26
"26160",2,23,25,24
"26161",1,9,10,9
"26162",1,4,5,4
"26163",1,1,2,1
"26164",3,5,8,5
"26165",1,1,2,1
"26166",4,1,5,4
"26167",1,7,8,7
"26168",1,11,12,11
"26169",1,1,2,1
"26170",1,2,3,2
"26171",5,4,9,5
"26172",2,2,4,3
"26173",2,13,15,13
"26174",1,2,3,2
"26175",2,4,6,4
"26176",1,1,2,1
"26177",1,11,12,11
"26178",6,19,25,24
"26179",1,5,6,5
"26180",10,10,20,10
"26181",2,20,22,20
"26182",16,38,54,51
"26183",2,12,14,12
"26184",1,5,6,5
"26185",4,11,15,12
"26186",5,17,22,20
"26187",4,8,12,8
"26188",3,4,7,5
"26189",1,13,14,13
"26190",3,1,4,3
"26191",1,13,14,13
"26192",1,2,3,2
"26193",2,12,14,12
"26194",3,3,6,4
"26195",4,8,12,11
"26196",5,24,29,28
"26197",3,9,12,11
"26198",13,1,14,13
"26199",1,3,4,3
"26200",1,14,15,14
"26201",2,6,8,6
"26202",3,7,10,8
"26203",3,5,8,7
"26204",1,10,11,10
"26205",1,2,3,2
"26206",4,43,47,46
"26207",6,14,20,18
"26208",2,1,3,2
"26209",5,4,9,8
"26210",2,6,8,7
"26211",3,28,31,30
"26212",2,4,6,5
"26213",1,3,4,3
"26214",1,9,10,9
"26215",6,14,20,18
"26216",1,9,10,9
"26217",4,6,10,7
"26218",3,1,4,3
"26219",1,6,7,6
"26220",7,1,8,7
"26221",2,6,8,7
"26222",1,4,5,4
"26223",2,4,6,4
"26224",2,19,21,19
"26225",3,13,16,13
"26226",1,1,2,1
"26227",5,1,6,5
"26228",7,55,62,58
"26229",1,2,3,2
"26230",5,18,23,21
"26231",3,1,4,3
"26232",2,8,10,8
"26233",1,9,10,9
"26234",1,6,7,6
"26235",9,17,26,24
"26236",2,11,13,12
"26237",3,10,13,10
"26238",1,5,6,5
"26239",1,26,27,26
"26240",1,2,3,2
"26241",1,5,6,5
"26242",2,3,5,4
"26243",7,6,13,11
"26244",1,16,17,16
"26245",7,11,18,16
"26246",9,18,27,24
"26247",1,2,3,2
"26248",1,5,6,5
"26249",2,3,5,3
"26250",1,15,16,15
"26251",1,3,4,3
"26252",1,1,2,1
"26253",1,1,2,1
"26254",4,30,34,32
"26255",3,5,8,7
"26256",2,2,4,3
"26257",1,9,10,9
"26258",1,2,3,2
"26259",1,1,2,1
"26260",1,2,3,2
"26261",7,17,24,22
"26262",5,3,8,6
"26263",1,5,6,5
"26264",9,4,13,10
"26265",5,1,6,5
"26266",4,20,24,23
"26267",2,9,11,10
"26268",1,4,5,4
"26269",12,22,34,29
"26270",1,3,4,3
"26271",7,5,12,8
"26272",3,7,10,7
"26273",1,1,2,1
"26274",1,5,6,5
"26275",2,4,6,5
"26276",3,24,27,24
"26277",4,4,8,5
"26278",8,2,10,9
"26279",1,4,5,4
"26280",2,12,14,13
"26281",3,7,10,7
"26282",3,2,5,3
"26283",3,2,5,3
"26284",6,23,29,27
"26285",1,2,3,2
"26286",3,14,17,15
"26287",1,6,7,6
"26288",1,4,5,4
"26289",7,9,16,13
"26290",1,1,2,1
"26291",10,8,18,16
"26292",2,8,10,8
"26293",5,30,35,34
"26294",1,27,28,27
"26295",11,3,14,13
"26296",1,8,9,8
"26297",2,4,6,4
"26298",2,15,17,15
"26299",3,6,9,8
"26300",3,7,10,9
"26301",5,5,10,5
"26302",2,14,16,14
"26303",4,14,18,17
"26304",1,7,8,7
"26305",15,5,20,19
"26306",5,3,8,7
"26307",3,11,14,12
"26308",4,25,29,27
"26309",4,6,10,8
"26310",2,9,11,10
"26311",3,13,16,14
"26312",6,1,7,6
"26313",1,1,2,1
"26314",10,2,12,10
"26315",1,8,9,8
"26316",7,3,10,9
"26317",2,6,8,7
"26318",2,5,7,6
"26319",3,8,11,9
"26320",3,27,30,29
"26321",1,1,2,1
"26322",1,23,24,23
"26323",3,3,6,3
"26324",2,20,22,21
"26325",1,1,2,1
"26326",1,25,26,25
"26327",2,5,7,5
"26328",2,51,53,51
"26329",3,16,19,17
"26330",5,3,8,6
"26331",2,4,6,4
"26332",2,1,3,2
"26333",2,14,16,15
"26334",1,3,4,3
"26335",1,3,4,3
"26336",3,34,37,35
"26337",2,14,16,14
"26338",2,3,5,3
"26339",6,24,30,27
"26340",2,10,12,10
"26341",2,7,9,8
"26342",5,11,16,14
"26343",3,9,12,11
"26344",1,12,13,12
"26345",2,6,8,6
"26346",1,11,12,11
"26347",3,12,15,14
"26348",5,1,6,5
"26349",1,1,2,1
"26350",31,5,36,31
"26351",3,4,7,6
"26352",1,32,33,32
"26353",7,2,9,8
"26354",1,2,3,2
"26355",1,6,7,6
"26356",2,9,11,10
"26357",1,1,2,1
"26358",2,21,23,22
"26359",9,34,43,39
"26360",1,3,4,3
"26361",2,2,4,3
"26362",1,41,42,41
"26363",8,8,16,8
"26364",1,15,16,15
"26365",1,1,2,1
"26366",1,1,2,1
"26367",1,2,3,2
"26368",3,19,22,19
"26369",4,2,6,4
"26370",2,14,16,15
"26371",3,6,9,7
"26372",1,1,2,1
"26373",4,14,18,16
"26374",1,8,9,8
"26375",1,9,10,9
"26376",1,3,4,3
"26377",17,2,19,18
"26378",1,1,2,1
"26379",2,19,21,20
"26380",1,11,12,11
"26381",16,13,29,27
"26382",5,9,14,11
"26383",2,4,6,5
"26384",5,9,14,9
"26385",3,6,9,7
"26386",9,14,23,21
"26387",1,8,9,8
"26388",1,4,5,4
"26389",2,1,3,2
"26390",7,5,12,10
"26391",6,1,7,6
"26392",1,13,14,13
"26393",2,28,30,28
"26394",2,22,24,22
"26395",2,16,18,16
"26396",5,19,24,21
"26397",3,17,20,18
"26398",1,5,6,5
"26399",2,5,7,5
"26400",1,30,31,30
"26401",2,6,8,7
"26402",5,3,8,6
"26403",11,2,13,12
"26404",1,12,13,12
"26405",1,7,8,7
"26406",9,22,31,29
"26407",4,23,27,23
"26408",1,1,2,1
"26409",3,3,6,4
"26410",1,6,7,6
"26411",6,2,8,6
"26412",1,1,2,1
"26413",1,26,27,26
"26414",1,10,11,10
"26415",4,15,19,18
"26416",2,6,8,6
"26417",7,5,12,11
"26418",1,6,7,6
"26419",1,2,3,2
"26420",1,10,11,10
"26421",2,47,49,48
"26422",2,9,11,10
"26423",2,1,3,2
"26424",1,3,4,3
"26425",2,8,10,8
"26426",2,5,7,6
"26427",12,26,38,36
"26428",3,6,9,7
"26429",1,20,21,20
"26430",2,4,6,5
"26431",8,8,16,15
"26432",3,5,8,6
"26433",5,7,12,10
"26434",2,24,26,24
"26435",2,36,38,36
"26436",1,6,7,6
"26437",2,13,15,14
"26438",2,8,10,9
"26439",2,2,4,3
"26440",1,17,18,17
"26441",2,19,21,20
"26442",1,6,7,6
"26443",3,6,9,7
"26444",13,15,28,26
"26445",1,2,3,2
"26446",7,21,28,26
"26447",1,15,16,15
"26448",2,1,3,2
"26449",1,5,6,5
"26450",1,2,3,2
"26451",1,7,8,7
"26452",1,5,6,5
"26453",2,9,11,9
"26454",4,17,21,18
"26455",2,23,25,24
"26456",1,2,3,2
"26457",1,2,3,2
"26458",1,16,17,16
"26459",1,12,13,12
"26460",6,16,22,19
"26461",1,3,4,3
"26462",2,29,31,29
"26463",1,4,5,4
"26464",2,22,24,22
"26465",1,1,2,1
"26466",4,10,14,10
"26467",2,39,41,40
"26468",9,18,27,24
"26469",1,7,8,7
"26470",1,2,3,2
"26471",1,21,22,21
"26472",2,21,23,21
"26473",1,12,13,12
"26474",7,16,23,20
"26475",3,2,5,4
"26476",4,19,23,20
"26477",2,1,3,2
"26478",1,12,13,12
"26479",4,7,11,9
"26480",5,2,7,5
"26481",1,1,2,1
"26482",1,6,7,6
"26483",2,15,17,15
"26484",1,37,38,37
"26485",8,11,19,18
"26486",2,17,19,17
"26487",5,32,37,34
"26488",8,8,16,8
"26489",1,9,10,9
"26490",1,20,21,20
"26491",2,19,21,20
"26492",1,1,2,1
"26493",1,6,7,6
"26494",7,7,14,7
"26495",2,2,4,3
"26496",1,1,2,1
"26497",1,2,3,2
"26498",1,6,7,6
"26499",1,17,18,17
"26500",4,34,38,36
"26501",4,18,22,20
"26502",1,2,3,2
"26503",3,1,4,3
"26504",1,4,5,4
"26505",3,9,12,11
"26506",5,5,10,5
"26507",1,1,2,1
"26508",8,37,45,42
"26509",1,12,13,12
"26510",4,28,32,30
"26511",3,21,24,22
"26512",1,2,3,2
"26513",2,4,6,4
"26514",41,5,46,45
"26515",5,4,9,7
"26516",2,21,23,21
"26517",3,5,8,7
"26518",1,2,3,2
"26519",1,2,3,2
"26520",1,11,12,11
"26521",1,4,5,4
"26522",1,9,10,9
"26523",1,4,5,4
"26524",2,4,6,5
"26525",6,4,10,9
"26526",3,22,25,24
"26527",2,12,14,12
"26528",5,7,12,9
"26529",1,6,7,6
"26530",2,2,4,3
"26531",2,3,5,3
"26532",6,2,8,6
"26533",1,4,5,4
"26534",5,6,11,8
"26535",1,1,2,1
"26536",3,10,13,12
"26537",5,12,17,15
"26538",7,11,18,16
"26539",5,5,10,7
"26540",1,7,8,7
"26541",4,6,10,7
"26542",5,3,8,6
"26543",5,3,8,6
"26544",6,3,9,6
"26545",1,9,10,9
"26546",7,32,39,37
"26547",4,29,33,31
"26548",7,6,13,11
"26549",2,41,43,42
"26550",1,17,18,17
"26551",3,57,60,58
"26552",3,26,29,26
"26553",2,1,3,2
"26554",5,2,7,5
"26555",10,10,20,10
"26556",1,2,3,2
"26557",2,5,7,6
"26558",1,5,6,5
"26559",2,2,4,2
"26560",3,6,9,7
"26561",1,3,4,3
"26562",4,18,22,19
"26563",1,1,2,1
"26564",5,34,39,36
"26565",1,10,11,10
"26566",1,1,2,1
"26567",1,9,10,9
"26568",7,7,14,12
"26569",1,9,10,9
"26570",2,1,3,2
"26571",11,7,18,16
"26572",3,1,4,3
"26573",5,19,24,19
"26574",4,1,5,4
"26575",4,11,15,13
"26576",1,3,4,3
"26577",2,1,3,2
"26578",2,6,8,7
"26579",6,35,41,40
"26580",1,1,2,1
"26581",7,13,20,19
"26582",10,5,15,12
"26583",3,7,10,9
"26584",6,5,11,10
"26585",1,3,4,3
"26586",1,1,2,1
"26587",3,2,5,4
"26588",5,14,19,18
"26589",1,8,9,8
"26590",6,11,17,14
"26591",6,7,13,11
"26592",2,5,7,5
"26593",2,4,6,4
"26594",8,1,9,8
"26595",6,16,22,19
"26596",3,3,6,4
"26597",6,15,21,15
"26598",1,28,29,28
"26599",1,17,18,17
"26600",20,18,38,37
"26601",3,6,9,8
"26602",1,30,31,30
"26603",2,12,14,12
"26604",1,4,5,4
"26605",6,1,7,6
"26606",4,30,34,31
"26607",7,17,24,23
"26608",1,1,2,1
"26609",1,7,8,7
"26610",2,2,4,2
"26611",7,38,45,41
"26612",4,1,5,4
"26613",1,7,8,7
"26614",1,9,10,9
"26615",4,5,9,8
"26616",2,4,6,5
"26617",1,2,3,2
"26618",2,5,7,5
"26619",2,1,3,2
"26620",1,1,2,1
"26621",15,32,47,43
"26622",1,4,5,4
"26623",3,5,8,6
"26624",1,14,15,14
"26625",3,17,20,17
"26626",3,6,9,8
"26627",13,13,26,13
"26628",2,5,7,5
"26629",2,2,4,3
"26630",1,1,2,1
"26631",3,2,5,4
"26632",4,3,7,6
"26633",4,5,9,8
"26634",1,43,44,43
"26635",1,19,20,19
"26636",1,4,5,4
"26637",2,5,7,5
"26638",8,21,29,27
"26639",5,38,43,41
"26640",11,3,14,13
"26641",1,6,7,6
"26642",17,30,47,46
"26643",2,13,15,13
"26644",1,6,7,6
"26645",2,2,4,3
"26646",2,43,45,44
"26647",4,16,20,18
"26648",6,7,13,12
"26649",3,3,6,4
"26650",1,7,8,7
"26651",16,24,40,36
"26652",1,5,6,5
"26653",1,1,2,1
"26654",1,8,9,8
"26655",4,2,6,4
"26656",4,18,22,20
"26657",4,11,15,12
"26658",2,2,4,2
"26659",1,16,17,16
"26660",2,2,4,3
"26661",1,2,3,2
"26662",3,2,5,4
"26663",2,10,12,10
"26664",1,1,2,1
"26665",1,1,2,1
"26666",17,2,19,17
"26667",1,1,2,1
"26668",1,2,3,2
"26669",3,16,19,16
"26670",3,11,14,13
"26671",1,2,3,2
"26672",6,9,15,13
"26673",1,10,11,10
"26674",1,5,6,5
"26675",6,6,12,6
"26676",1,1,2,1
"26677",3,4,7,6
"26678",3,12,15,12
"26679",1,4,5,4
"26680",1,1,2,1
"26681",3,57,60,57
"26682",1,1,2,1
"26683",1,3,4,3
"26684",2,15,17,15
"26685",17,4,21,19
"26686",2,27,29,28
"26687",8,26,34,28
"26688",1,14,15,14
"26689",1,3,4,3
"26690",6,27,33,31
"26691",1,14,15,14
"26692",1,13,14,13
"26693",1,5,6,5
"26694",5,1,6,5
"26695",9,6,15,14
"26696",6,5,11,10
"26697",1,21,22,21
"26698",1,5,6,5
"26699",1,1,2,1
"26700",5,4,9,7
"26701",1,3,4,3
"26702",1,5,6,5
"26703",1,6,7,6
"26704",1,10,11,10
"26705",1,1,2,1
"26706",6,13,19,16
"26707",6,1,7,6
"26708",3,11,14,12
"26709",5,5,10,9
"26710",1,8,9,8
"26711",12,11,23,20
"26712",1,2,3,2
"26713",2,7,9,7
"26714",3,4,7,6
"26715",6,12,18,14
"26716",5,11,16,13
"26717",1,3,4,3
"26718",1,13,14,13
"26719",1,1,2,1
"26720",1,7,8,7
"26721",1,1,2,1
"26722",1,8,9,8
"26723",18,25,43,38
"26724",9,3,12,9
"26725",1,2,3,2
"26726",1,4,5,4
"26727",1,12,13,12
"26728",2,12,14,12
"26729",1,13,14,13
"26730",1,17,18,17
"26731",6,6,12,11
"26732",5,3,8,6
"26733",1,5,6,5
"26734",5,16,21,16
"26735",1,9,10,9
"26736",2,30,32,30
"26737",19,9,28,22
"26738",5,4,9,5
"26739",3,4,7,6
"26740",2,3,5,3
"26741",31,176,207,203
"26742",5,19,24,21
"26743",5,11,16,12
"26744",12,1,13,12
"26745",5,2,7,6
"26746",1,2,3,2
"26747",1,1,2,1
"26748",1,5,6,5
"26749",8,4,12,10
"26750",2,26,28,27
"26751",1,14,15,14
"26752",2,20,22,20
"26753",2,15,17,15
"26754",3,6,9,6
"26755",6,15,21,19
"26756",7,15,22,19
"26757",1,81,82,81
"26758",2,3,5,4
"26759",3,19,22,21
"26760",1,22,23,22
"26761",2,8,10,8
"26762",1,1,2,1
"26763",7,4,11,10
"26764",18,22,40,37
"26765",9,18,27,24
"26766",2,23,25,23
"26767",2,9,11,9
"26768",4,12,16,15
"26769",2,4,6,5
"26770",6,14,20,19
"26771",10,32,42,39
"26772",2,6,8,6
"26773",3,15,18,17
"26774",1,4,5,4
"26775",2,6,8,7
"26776",4,8,12,10
"26777",2,6,8,7
"26778",5,11,16,12
"26779",1,3,4,3
"26780",3,8,11,9
"26781",1,13,14,13
"26782",6,17,23,20
"26783",1,3,4,3
"26784",2,4,6,5
"26785",2,25,27,25
"26786",1,1,2,1
"26787",1,11,12,11
"26788",1,9,10,9
"26789",15,24,39,36
"26790",5,1,6,5
"26791",1,2,3,2
"26792",1,18,19,18
"26793",7,7,14,12
"26794",2,39,41,40
"26795",2,12,14,13
"26796",2,3,5,4
"26797",1,6,7,6
"26798",25,1,26,25
"26799",10,3,13,12
"26800",2,8,10,8
"26801",3,1,4,3
"26802",7,11,18,16
"26803",4,11,15,12
"26804",2,13,15,13
"26805",5,5,10,9
"26806",1,2,3,2
"26807",3,16,19,18
"26808",4,9,13,12
"26809",1,19,20,19
"26810",1,5,6,5
"26811",1,1,2,1
"26812",1,2,3,2
"26813",4,25,29,26
"26814",2,31,33,31
"26815",1,23,24,23
"26816",13,33,46,45
"26817",2,17,19,18
"26818",8,1,9,8
"26819",1,6,7,6
"26820",10,5,15,13
"26821",3,3,6,5
"26822",2,2,4,3
"26823",3,20,23,22
"26824",1,6,7,6
"26825",3,19,22,21
"26826",1,12,13,12
"26827",8,22,30,28
"26828",19,2,21,19
"26829",13,25,38,36
"26830",2,13,15,14
"26831",5,1,6,5
"26832",1,1,2,1
"26833",1,7,8,7
"26834",1,2,3,2
"26835",7,1,8,7
"26836",5,10,15,14
"26837",1,16,17,16
"26838",1,4,5,4
"26839",19,1,20,19
"26840",4,19,23,19
"26841",3,6,9,7
"26842",22,22,44,22
"26843",1,2,3,2
"26844",7,20,27,25
"26845",3,17,20,18
"26846",1,3,4,3
"26847",2,2,4,2
"26848",2,5,7,5
"26849",7,31,38,36
"26850",2,24,26,25
"26851",1,30,31,30
"26852",2,2,4,3
"26853",1,5,6,5
"26854",1,5,6,5
"26855",1,10,11,10
"26856",21,3,24,23
"26857",5,18,23,20
"26858",3,14,17,14
"26859",2,2,4,3
"26860",1,11,12,11
"26861",1,6,7,6
"26862",3,2,5,3
"26863",1,1,2,1
"26864",2,10,12,11
"26865",2,2,4,2
"26866",2,13,15,14
"26867",1,5,6,5
"26868",5,39,44,40
"26869",3,1,4,3
"26870",1,6,7,6
"26871",1,10,11,10
"26872",6,1,7,6
"26873",25,2,27,26
"26874",2,7,9,8
"26875",1,4,5,4
"26876",11,6,17,15
"26877",6,4,10,8
"26878",1,25,26,25
"26879",5,2,7,5
"26880",4,3,7,6
"26881",2,11,13,12
"26882",1,6,7,6
"26883",1,3,4,3
"26884",3,21,24,21
"26885",2,29,31,30
"26886",4,14,18,15
"26887",3,2,5,3
"26888",2,7,9,7
"26889",3,10,13,11
"26890",1,3,4,3
"26891",5,5,10,8
"26892",3,23,26,23
"26893",3,6,9,6
"26894",12,11,23,20
"26895",4,5,9,7
"26896",7,21,28,24
"26897",9,29,38,35
"26898",1,10,11,10
"26899",16,24,40,36
"26900",3,7,10,7
"26901",1,1,2,1
"26902",1,16,17,16
"26903",1,6,7,6
"26904",1,1,2,1
"26905",4,1,5,4
"26906",2,5,7,5
"26907",9,51,60,57
"26908",1,5,6,5
"26909",16,16,32,16
"26910",4,19,23,22
"26911",1,1,2,1
"26912",5,10,15,14
"26913",10,66,76,72
"26914",2,1,3,2
"26915",3,15,18,16
"26916",3,3,6,4
"26917",6,21,27,21
"26918",2,1,3,2
"26919",5,1,6,5
"26920",1,3,4,3
"26921",1,11,12,11
"26922",2,1,3,2
"26923",2,1,3,2
"26924",1,1,2,1
"26925",1,8,9,8
"26926",2,5,7,5
"26927",3,5,8,7
"26928",7,3,10,9
"26929",1,4,5,4
"26930",3,16,19,18
"26931",2,6,8,6
"26932",3,14,17,15
"26933",2,14,16,14
"26934",1,1,2,1
"26935",1,3,4,3
"26936",1,26,27,26
"26937",3,25,28,27
"26938",1,1,2,1
"26939",1,2,3,2
"26940",1,2,3,2
"26941",5,11,16,14
"26942",1,4,5,4
"26943",1,1,2,1
"26944",1,6,7,6
"26945",5,38,43,41
"26946",4,4,8,7
"26947",8,7,15,13
"26948",3,51,54,52
"26949",1,2,3,2
"26950",1,5,6,5
"26951",1,1,2,1
"26952",3,15,18,16
"26953",5,4,9,8
"26954",1,10,11,10
"26955",2,7,9,8
"26956",3,16,19,17
"26957",15,32,47,44
"26958",1,8,9,8
"26959",4,1,5,4
"26960",1,12,13,12
"26961",2,18,20,18
"26962",3,8,11,9
"26963",7,32,39,38
"26964",4,1,5,4
"26965",1,12,13,12
"26966",18,45,63,60
"26967",2,10,12,11
"26968",2,14,16,15
"26969",11,21,32,26
"26970",1,26,27,26
"26971",7,29,36,35
"26972",4,1,5,4
"26973",4,7,11,7
"26974",2,2,4,2
"26975",7,1,8,7
"26976",1,8,9,8
"26977",3,19,22,20
"26978",13,10,23,22
"26979",2,24,26,25
"26980",2,5,7,6
"26981",1,2,3,2
"26982",21,35,56,52
"26983",1,26,27,26
"26984",2,12,14,12
"26985",2,12,14,12
"26986",3,4,7,6
"26987",1,3,4,3
"26988",4,9,13,11
"26989",3,21,24,23
"26990",1,4,5,4
"26991",1,2,3,2
"26992",1,11,12,11
"26993",6,19,25,23
"26994",2,5,7,5
"26995",1,1,2,1
"26996",5,3,8,6
"26997",1,3,4,3
"26998",9,9,18,9
"26999",2,7,9,7
"27000",2,2,4,3
"27001",1,9,10,9
"27002",6,6,12,6
"27003",2,6,8,6
"27004",3,10,13,10
"27005",1,6,7,6
"27006",1,2,3,2
"27007",3,34,37,35
"27008",1,4,5,4
"27009",4,10,14,10
"27010",3,4,7,4
"27011",3,9,12,11
"27012",6,15,21,15
"27013",2,9,11,9
"27014",8,24,32,29
"27015",1,1,2,1
"27016",1,5,6,5
"27017",10,5,15,13
"27018",1,1,2,1
"27019",9,2,11,9
"27020",10,18,28,27
"27021",1,4,5,4
"27022",5,4,9,8
"27023",1,1,2,1
"27024",1,2,3,2
"27025",1,4,5,4
"27026",1,12,13,12
"27027",2,3,5,4
"27028",1,2,3,2
"27029",4,10,14,10
"27030",3,8,11,10
"27031",1,5,6,5
"27032",1,1,2,1
"27033",6,30,36,32
"27034",7,5,12,8
"27035",2,10,12,10
"27036",1,22,23,22
"27037",1,7,8,7
"27038",7,4,11,9
"27039",2,10,12,11
"27040",1,8,9,8
"27041",2,29,31,29
"27042",6,1,7,6
"27043",1,14,15,14
"27044",2,3,5,4
"27045",1,10,11,10
"27046",3,18,21,19
"27047",1,1,2,1
"27048",6,5,11,10
"27049",2,5,7,5
"27050",13,26,39,38
"27051",2,4,6,4
"27052",1,13,14,13
"27053",6,11,17,15
"27054",1,1,2,1
"27055",13,24,37,29
"27056",13,3,16,15
"27057",31,40,71,67
"27058",3,169,172,171
"27059",1,2,3,2
"27060",1,1,2,1
"27061",6,7,13,12
"27062",5,5,10,5
"27063",1,3,4,3
"27064",4,5,9,7
"27065",1,3,4,3
"27066",2,2,4,3
"27067",1,1,2,1
"27068",2,5,7,5
"27069",2,4,6,5
"27070",1,11,12,11
"27071",1,34,35,34
"27072",5,17,22,19
"27073",2,7,9,7
"27074",2,2,4,2
"27075",3,2,5,4
"27076",1,17,18,17
"27077",2,14,16,14
"27078",3,3,6,4
"27079",2,9,11,9
"27080",4,12,16,15
"27081",5,5,10,9
"27082",2,3,5,3
"27083",1,10,11,10
"27084",2,5,7,6
"27085",2,30,32,30
"27086",7,42,49,48
"27087",3,13,16,14
"27088",2,25,27,25
"27089",6,16,22,19
"27090",1,10,11,10
"27091",3,6,9,7
"27092",1,1,2,1
"27093",1,7,8,7
"27094",3,2,5,4
"27095",2,3,5,3
"27096",2,5,7,6
"27097",2,39,41,39
"27098",17,1,18,17
"27099",2,8,10,9
"27100",4,4,8,7
"27101",5,20,25,24
"27102",3,1,4,3
"27103",1,2,3,2
"27104",6,1,7,6
"27105",1,2,3,2
"27106",4,2,6,5
"27107",1,8,9,8
"27108",16,16,32,16
"27109",33,33,66,33
"27110",9,1,10,9
"27111",19,21,40,39
"27112",15,14,29,27
"27113",43,43,86,43
"27114",1,1,2,1
"27115",9,18,27,25
"27116",1,24,25,24
"27117",3,3,6,5
"27118",3,24,27,25
"27119",1,19,20,19
"27120",12,1,13,12
"27121",2,13,15,14
"27122",3,2,5,3
"27123",5,5,10,9
"27124",2,18,20,19
"27125",1,17,18,17
"27126",1,5,6,5
"27127",18,24,42,41
"27128",3,11,14,11
"27129",1,5,6,5
"27130",3,4,7,6
"27131",1,7,8,7
"27132",1,1,2,1
"27133",1,2,3,2
"27134",1,1,2,1
"27135",4,8,12,9
"27136",2,5,7,6
"27137",2,3,5,4
"27138",2,3,5,3
"27139",7,41,48,46
"27140",5,5,10,8
"27141",1,15,16,15
"27142",8,1,9,8
"27143",1,3,4,3
"27144",3,14,17,16
"27145",2,12,14,12
"27146",1,1,2,1
"27147",2,2,4,3
"27148",20,37,57,54
"27149",8,1,9,8
"27150",2,5,7,6
"27151",14,14,28,14
"27152",1,22,23,22
"27153",4,1,5,4
"27154",1,2,3,2
"27155",3,7,10,9
"27156",10,10,20,10
"27157",1,1,2,1
"27158",3,5,8,7
"27159",2,16,18,17
"27160",2,1,3,2
"27161",3,1,4,3
"27162",2,6,8,7
"27163",1,12,13,12
"27164",1,1,2,1
"27165",1,2,3,2
"27166",2,18,20,19
"27167",3,21,24,22
"27168",1,1,2,1
"27169",15,32,47,43
"27170",10,2,12,10
"27171",3,5,8,6
"27172",2,7,9,8
"27173",11,5,16,15
"27174",2,9,11,9
"27175",1,1,2,1
"27176",1,15,16,15
"27177",2,11,13,11
"27178",7,5,12,9
"27179",2,4,6,4
"27180",5,14,19,17
"27181",6,21,27,21
"27182",40,14,54,52
"27183",1,29,30,29
"27184",4,11,15,12
"27185",1,5,6,5
"27186",1,8,9,8
"27187",1,9,10,9
"27188",1,4,5,4
"27189",1,31,32,31
"27190",6,43,49,47
"27191",1,1,2,1
"27192",1,26,27,26
"27193",1,1,2,1
"27194",1,2,3,2
"27195",2,6,8,7
"27196",22,34,56,53
"27197",1,2,3,2
"27198",3,6,9,6
"27199",1,2,3,2
"27200",3,10,13,12
"27201",2,6,8,6
"27202",1,2,3,2
"27203",3,36,39,37
"27204",2,6,8,6
"27205",13,66,79,74
"27206",4,4,8,7
"27207",5,10,15,11
"27208",8,8,16,8
"27209",2,32,34,33
"27210",1,17,18,17
"27211",4,27,31,30
"27212",3,7,10,8
"27213",2,10,12,11
"27214",2,3,5,4
"27215",2,12,14,12
"27216",3,28,31,29
"27217",1,21,22,21
"27218",2,51,53,51
"27219",2,12,14,12
"27220",2,1,3,2
"27221",15,38,53,49
"27222",2,5,7,6
"27223",5,1,6,5
"27224",1,7,8,7
"27225",1,3,4,3
"27226",1,1,2,1
"27227",1,1,2,1
"27228",1,6,7,6
"27229",1,1,2,1
"27230",5,5,10,5
"27231",2,5,7,5
"27232",5,30,35,32
"27233",3,5,8,6
"27234",7,9,16,15
"27235",5,13,18,17
"27236",3,8,11,8
"27237",5,1,6,5
"27238",1,8,9,8
"27239",5,5,10,9
"27240",1,3,4,3
"27241",7,5,12,10
"27242",8,6,14,11
"27243",8,6,14,12
"27244",4,38,42,41
"27245",6,12,18,15
"27246",10,23,33,30
"27247",3,38,41,38
"27248",2,14,16,14
"27249",1,1,2,1
"27250",1,8,9,8
"27251",1,3,4,3
"27252",3,2,5,3
"27253",4,4,8,7
"27254",2,1,3,2
"27255",9,6,15,13
"27256",2,13,15,13
"27257",9,22,31,27
"27258",3,1,4,3
"27259",1,33,34,33
"27260",2,25,27,25
"27261",1,6,7,6
"27262",4,14,18,14
"27263",1,5,6,5
"27264",4,29,33,31
"27265",1,10,11,10
"27266",5,24,29,26
"27267",13,19,32,30
"27268",1,2,3,2
"27269",1,26,27,26
"27270",1,26,27,26
"27271",15,10,25,22
"27272",6,3,9,8
"27273",4,19,23,21
"27274",1,1,2,1
"27275",2,3,5,4
"27276",1,1,2,1
"27277",2,8,10,8
"27278",7,32,39,37
"27279",1,3,4,3
"27280",1,43,44,43
"27281",1,19,20,19
"27282",3,7,10,8
"27283",2,2,4,3
"27284",1,1,2,1
"27285",1,8,9,8
"27286",2,12,14,13
"27287",1,13,14,13
"27288",1,8,9,8
"27289",2,25,27,26
"27290",1,25,26,25
"27291",1,1,2,1
"27292",1,10,11,10
"27293",1,1,2,1
"27294",1,8,9,8
"27295",10,1,11,10
"27296",4,7,11,7
"27297",2,4,6,5
"27298",1,17,18,17
"27299",1,22,23,22
"27300",2,2,4,3
"27301",57,4,61,59
"27302",1,1,2,1
"27303",2,17,19,18
"27304",3,5,8,7
"27305",9,3,12,11
"27306",1,14,15,14
"27307",3,2,5,3
"27308",13,1,14,13
"27309",4,3,7,6
"27310",3,13,16,15
"27311",2,7,9,7
"27312",1,7,8,7
"27313",1,1,2,1
"27314",1,19,20,19
"27315",1,1,2,1
"27316",1,2,3,2
"27317",1,4,5,4
"27318",13,4,17,16
"27319",2,19,21,19
"27320",24,1,25,24
"27321",1,22,23,22
"27322",2,2,4,2
"27323",7,22,29,28
"27324",1,5,6,5
"27325",1,11,12,11
"27326",5,2,7,5
"27327",1,2,3,2
"27328",2,4,6,5
"27329",2,26,28,26
"27330",2,19,21,20
"27331",5,10,15,13
"27332",3,12,15,13
"27333",2,2,4,2
"27334",1,4,5,4
"27335",1,10,11,10
"27336",11,66,77,74
"27337",1,14,15,14
"27338",3,20,23,20
"27339",1,8,9,8
"27340",2,8,10,9
"27341",1,10,11,10
"27342",1,1,2,1
"27343",1,16,17,16
"27344",1,15,16,15
"27345",2,14,16,14
"27346",2,13,15,13
"27347",3,7,10,9
"27348",3,14,17,15
"27349",3,20,23,20
"27350",2,3,5,4
"27351",1,9,10,9
"27352",1,5,6,5
"27353",3,1,4,3
"27354",1,7,8,7
"27355",2,4,6,4
"27356",2,5,7,6
"27357",1,5,6,5
"27358",2,15,17,15
"27359",7,4,11,10
"27360",5,2,7,6
"27361",1,2,3,2
"27362",1,7,8,7
"27363",4,16,20,18
"27364",3,5,8,7
"27365",1,1,2,1
"27366",1,10,11,10
"27367",2,2,4,3
"27368",1,10,11,10
"27369",4,2,6,4
"27370",7,7,14,7
"27371",2,2,4,3
"27372",3,8,11,9
"27373",3,1,4,3
"27374",3,12,15,12
"27375",1,6,7,6
"27376",1,2,3,2
"27377",5,3,8,6
"27378",2,3,5,4
"27379",2,2,4,2
"27380",13,1,14,13
"27381",3,23,26,25
"27382",3,2,5,4
"27383",3,2,5,3
"27384",2,25,27,26
"27385",11,11,22,11
"27386",6,20,26,23
"27387",1,1,2,1
"27388",1,1,2,1
"27389",1,17,18,17
"27390",2,19,21,19
"27391",1,4,5,4
"27392",3,13,16,13
"27393",2,10,12,11
"27394",1,1,2,1
"27395",1,1,2,1
"27396",1,3,4,3
"27397",1,4,5,4
"27398",1,14,15,14
"27399",11,23,34,23
"27400",6,1,7,6
"27401",8,30,38,32
"27402",1,3,4,3
"27403",5,16,21,16
"27404",2,4,6,4
"27405",2,13,15,13
"27406",5,3,8,7
"27407",1,1,2,1
"27408",3,7,10,8
"27409",1,1,2,1
"27410",1,4,5,4
"27411",1,4,5,4
"27412",1,5,6,5
"27413",2,7,9,7
"27414",1,5,6,5
"27415",1,6,7,6
"27416",7,6,13,12
"27417",2,30,32,30
"27418",3,1,4,3
"27419",1,2,3,2
"27420",1,23,24,23
"27421",57,3,60,57
"27422",3,1,4,3
"27423",1,4,5,4
"27424",4,42,46,44
"27425",2,6,8,7
"27426",2,27,29,27
"27427",1,6,7,6
"27428",3,2,5,4
"27429",1,21,22,21
"27430",1,5,6,5
"27431",6,13,19,16
"27432",1,6,7,6
"27433",1,3,4,3
"27434",2,9,11,9
"27435",4,2,6,4
"27436",5,5,10,8
"27437",1,6,7,6
"27438",2,7,9,8
"27439",2,2,4,2
"27440",1,23,24,23
"27441",2,7,9,8
"27442",2,1,3,2
"27443",20,23,43,40
"27444",1,3,4,3
"27445",5,13,18,16
"27446",1,19,20,19
"27447",2,3,5,4
"27448",2,2,4,2
"27449",6,16,22,19
"27450",2,3,5,4
"27451",2,11,13,11
"27452",2,2,4,3
"27453",2,8,10,8
"27454",1,2,3,2
"27455",10,41,51,49
"27456",1,2,3,2
"27457",20,40,60,59
"27458",4,10,14,13
"27459",11,30,41,39
"27460",3,5,8,6
"27461",2,1,3,2
"27462",1,5,6,5
"27463",1,1,2,1
"27464",2,29,31,29
"27465",9,3,12,10
"27466",1,10,11,10
"27467",2,17,19,18
"27468",1,15,16,15
"27469",9,3,12,9
"27470",2,5,7,5
"27471",1,2,3,2
"27472",1,26,27,26
"27473",5,1,6,5
"27474",9,4,13,10
"27475",1,5,6,5
"27476",1,6,7,6
"27477",1,3,4,3
"27478",3,3,6,3
"27479",3,8,11,8
"27480",2,1,3,2
"27481",7,5,12,10
"27482",15,24,39,33
"27483",3,9,12,9
"27484",7,6,13,11
"27485",4,5,9,8
"27486",1,1,2,1
"27487",2,11,13,12
"27488",4,1,5,4
"27489",1,1,2,1
"27490",1,8,9,8
"27491",2,10,12,10
"27492",1,3,4,3
"27493",3,31,34,32
"27494",9,26,35,33
"27495",2,7,9,7
"27496",1,8,9,8
"27497",2,4,6,4
"27498",16,7,23,22
"27499",60,55,115,111
"27500",7,3,10,7
"27501",1,32,33,32
"27502",2,13,15,13
"27503",2,6,8,6
"27504",2,3,5,3
"27505",3,7,10,9
"27506",2,32,34,32
"27507",6,6,12,6
"27508",1,29,30,29
"27509",6,13,19,18
"27510",7,11,18,17
"27511",9,18,27,26
"27512",1,30,31,30
"27513",1,2,3,2
"27514",1,1,2,1
"27515",4,14,18,14
"27516",1,2,3,2
"27517",12,21,33,30
"27518",4,30,34,30
"27519",2,4,6,5
"27520",1,3,4,3
"27521",2,2,4,3
"27522",6,4,10,9
"27523",2,5,7,5
"27524",1,9,10,9
"27525",1,2,3,2
"27526",10,8,18,17
"27527",2,10,12,10
"27528",5,14,19,14
"27529",3,8,11,10
"27530",1,21,22,21
"27531",3,8,11,10
"27532",2,27,29,27
"27533",1,8,9,8
"27534",3,19,22,19
"27535",3,6,9,8
"27536",1,2,3,2
"27537",5,19,24,22
"27538",17,28,45,43
"27539",2,5,7,6
"27540",3,10,13,11
"27541",34,3,37,35
"27542",1,12,13,12
"27543",1,2,3,2
"27544",1,4,5,4
"27545",3,5,8,5
"27546",1,6,7,6
"27547",1,6,7,6
"27548",2,5,7,5
"27549",2,3,5,4
"27550",1,6,7,6
"27551",1,4,5,4
"27552",5,1,6,5
"27553",1,12,13,12
"27554",1,6,7,6
"27555",1,4,5,4
"27556",8,15,23,22
"27557",3,31,34,31
"27558",1,6,7,6
"27559",5,14,19,17
"27560",5,12,17,16
"27561",2,1,3,2
"27562",2,13,15,13
"27563",1,19,20,19
"27564",1,18,19,18
"27565",3,8,11,10
"27566",10,34,44,42
"27567",5,4,9,8
"27568",2,8,10,8
"27569",1,6,7,6
"27570",1,4,5,4
"27571",2,3,5,4
"27572",5,11,16,13
"27573",1,1,2,1
"27574",1,3,4,3
"27575",8,14,22,21
"27576",4,10,14,11
"27577",1,1,2,1
"27578",1,2,3,2
"27579",2,22,24,22
"27580",1,29,30,29
"27581",9,16,25,23
"27582",1,14,15,14
"27583",9,2,11,10
"27584",1,1,2,1
"27585",7,22,29,28
"27586",1,5,6,5
"27587",2,5,7,6
"27588",13,1,14,13
"27589",1,2,3,2
"27590",4,10,14,10
"27591",3,13,16,14
"27592",7,1,8,7
"27593",10,32,42,39
"27594",4,6,10,8
"27595",2,6,8,6
"27596",1,13,14,13
"27597",3,26,29,28
"27598",1,6,7,6
"27599",5,4,9,5
"27600",1,5,6,5
"27601",1,9,10,9
"27602",7,22,29,28
"27603",4,14,18,14
"27604",1,1,2,1
"27605",1,1,2,1
"27606",1,1,2,1
"27607",1,8,9,8
"27608",1,12,13,12
"27609",4,5,9,7
"27610",1,3,4,3
"27611",2,3,5,3
"27612",2,12,14,13
"27613",3,25,28,27
"27614",1,1,2,1
"27615",1,26,27,26
"27616",1,3,4,3
"27617",4,1,5,4
"27618",1,2,3,2
"27619",1,7,8,7
"27620",1,1,2,1
"27621",1,1,2,1
"27622",1,12,13,12
"27623",7,4,11,9
"27624",1,2,3,2
"27625",2,26,28,26
"27626",21,176,197,191
"27627",21,176,197,191
"27628",7,12,19,18
"27629",4,9,13,12
"27630",4,10,14,13
"27631",2,4,6,4
"27632",3,5,8,7
"27633",2,16,18,16
"27634",8,10,18,16
"27635",9,18,27,24
"27636",1,5,6,5
"27637",3,1,4,3
"27638",10,5,15,12
"27639",3,7,10,8
"27640",1,16,17,16
"27641",1,2,3,2
"27642",1,12,13,12
"27643",7,11,18,16
"27644",8,34,42,36
"27645",6,2,8,7
"27646",5,39,44,40
"27647",3,3,6,4
"27648",1,5,6,5
"27649",1,1,2,1
"27650",3,12,15,14
"27651",2,9,11,10
"27652",2,14,16,14
"27653",1,16,17,16
"27654",3,8,11,9
"27655",2,16,18,16
"27656",2,16,18,17
"27657",2,30,32,30
"27658",1,24,25,24
"27659",6,10,16,13
"27660",1,29,30,29
"27661",1,1,2,1
"27662",1,1,2,1
"27663",4,27,31,28
"27664",4,14,18,17
"27665",23,30,53,50
"27666",5,11,16,15
"27667",1,1,2,1
"27668",6,15,21,17
"27669",1,1,2,1
"27670",2,10,12,10
"27671",2,15,17,15
"27672",2,5,7,6
"27673",1,6,7,6
"27674",1,18,19,18
"27675",2,25,27,25
"27676",2,9,11,9
"27677",2,29,31,29
"27678",2,2,4,3
"27679",2,1,3,2
"27680",6,6,12,11
"27681",3,13,16,15
"27682",1,2,3,2
"27683",1,9,10,9
"27684",1,4,5,4
"27685",2,3,5,3
"27686",3,6,9,7
"27687",1,1,2,1
"27688",3,14,17,14
"27689",2,3,5,3
"27690",3,19,22,19
"27691",1,2,3,2
"27692",8,9,17,15
"27693",1,8,9,8
"27694",4,4,8,4
"27695",2,7,9,7
"27696",1,11,12,11
"27697",1,1,2,1
"27698",4,17,21,18
"27699",10,2,12,10
"27700",20,20,40,20
"27701",5,13,18,16
"27702",2,9,11,9
"27703",3,5,8,7
"27704",2,6,8,7
"27705",2,12,14,13
"27706",1,2,3,2
"27707",5,9,14,13
"27708",2,12,14,13
"27709",1,4,5,4
"27710",2,3,5,4
"27711",8,26,34,32
"27712",6,1,7,6
"27713",2,3,5,4
"27714",1,8,9,8
"27715",6,21,27,23
"27716",1,5,6,5
"27717",1,29,30,29
"27718",1,1,2,1
"27719",2,15,17,15
"27720",2,6,8,7
"27721",3,28,31,29
"27722",4,4,8,7
"27723",2,15,17,16
"27724",2,16,18,16
"27725",3,4,7,5
"27726",11,33,44,43
"27727",10,20,30,28
"27728",5,12,17,14
"27729",3,4,7,5
"27730",3,3,6,4
"27731",2,3,5,3
"27732",5,3,8,7
"27733",2,1,3,2
"27734",7,14,21,19
"27735",2,7,9,7
"27736",1,2,3,2
"27737",1,2,3,2
"27738",4,14,18,16
"27739",1,8,9,8
"27740",1,1,2,1
"27741",1,4,5,4
"27742",2,6,8,7
"27743",2,5,7,5
"27744",27,4,31,30
"27745",1,8,9,8
"27746",1,4,5,4
"27747",3,2,5,4
"27748",1,1,2,1
"27749",1,3,4,3
"27750",2,6,8,7
"27751",2,1,3,2
"27752",2,21,23,21
"27753",1,13,14,13
"27754",2,13,15,14
"27755",1,1,2,1
"27756",1,8,9,8
"27757",4,7,11,8
"27758",4,6,10,8
"27759",3,8,11,9
"27760",3,2,5,3
"27761",1,2,3,2
"27762",2,10,12,10
"27763",2,4,6,4
"27764",1,19,20,19
"27765",3,1,4,3
"27766",3,2,5,4
"27767",3,4,7,5
"27768",1,5,6,5
"27769",1,5,6,5
"27770",1,14,15,14
"27771",1,11,12,11
"27772",1,1,2,1
"27773",5,8,13,11
"27774",4,6,10,9
"27775",1,10,11,10
"27776",12,6,18,15
"27777",2,15,17,15
"27778",4,1,5,4
"27779",1,5,6,5
"27780",1,2,3,2
"27781",1,28,29,28
"27782",1,12,13,12
"27783",2,23,25,24
"27784",3,1,4,3
"27785",1,3,4,3
"27786",1,14,15,14
"27787",3,17,20,19
"27788",18,25,43,38
"27789",1,5,6,5
"27790",2,4,6,5
"27791",2,5,7,5
"27792",1,1,2,1
"27793",1,3,4,3
"27794",1,8,9,8
"27795",1,2,3,2
"27796",4,3,7,6
"27797",8,1,9,8
"27798",2,4,6,4
"27799",2,1,3,2
"27800",1,20,21,20
"27801",4,3,7,5
"27802",1,2,3,2
"27803",1,2,3,2
"27804",1,1,2,1
"27805",2,20,22,20
"27806",11,5,16,15
"27807",1,12,13,12
"27808",3,3,6,5
"27809",1,1,2,1
"27810",1,1,2,1
"27811",10,41,51,49
"27812",2,3,5,4
"27813",2,2,4,2
"27814",2,11,13,12
"27815",2,8,10,8
"27816",3,1,4,3
"27817",1,10,11,10
"27818",1,7,8,7
"27819",2,26,28,26
"27820",3,3,6,5
"27821",1,25,26,25
"27822",1,1,2,1
"27823",1,5,6,5
"27824",1,3,4,3
"27825",1,7,8,7
"27826",1,23,24,23
"27827",4,7,11,10
"27828",2,1,3,2
"27829",7,32,39,38
"27830",1,1,2,1
"27831",4,13,17,15
"27832",2,5,7,5
"27833",1,3,4,3
"27834",1,7,8,7
"27835",3,5,8,7
"27836",1,1,2,1
"27837",4,5,9,7
"27838",7,38,45,43
"27839",1,3,4,3
"27840",1,2,3,2
"27841",1,3,4,3
"27842",1,1,2,1
"27843",1,3,4,3
"27844",2,30,32,31
"27845",3,1,4,3
"27846",2,4,6,5
"27847",1,1,2,1
"27848",5,13,18,16
"27849",7,2,9,8
"27850",6,19,25,24
"27851",2,24,26,24
"27852",5,3,8,7
"27853",2,10,12,10
"27854",1,2,3,2
"27855",3,21,24,21
"27856",1,4,5,4
"27857",1,3,4,3
"27858",5,7,12,11
"27859",1,23,24,23
"27860",4,10,14,12
"27861",1,32,33,32
"27862",4,20,24,20
"27863",3,1,4,3
"27864",2,15,17,15
"27865",1,7,8,7
"27866",1,8,9,8
"27867",1,1,2,1
"27868",1,12,13,12
"27869",10,1,11,10
"27870",9,1,10,9
"27871",14,21,35,33
"27872",7,2,9,8
"27873",3,1,4,3
"27874",7,1,8,7
"27875",1,9,10,9
"27876",17,27,44,41
"27877",2,3,5,3
"27878",2,7,9,8
"27879",8,11,19,15
"27880",4,2,6,5
"27881",5,4,9,8
"27882",4,19,23,19
"27883",2,19,21,19
"27884",2,7,9,8
"27885",1,10,11,10
"27886",2,4,6,5
"27887",2,16,18,17
"27888",2,26,28,26
"27889",2,18,20,18
"27890",1,8,9,8
"27891",1,10,11,10
"27892",8,30,38,37
"27893",1,43,44,43
"27894",18,22,40,39
"27895",3,25,28,27
"27896",7,5,12,10
"27897",1,19,20,19
"27898",1,2,3,2
"27899",2,4,6,4
"27900",1,2,3,2
"27901",1,2,3,2
"27902",7,4,11,9
"27903",1,4,5,4
"27904",5,15,20,18
"27905",4,26,30,26
"27906",5,26,31,29
"27907",3,19,22,20
"27908",1,1,2,1
"27909",3,3,6,4
"27910",2,11,13,11
"27911",3,5,8,6
"27912",2,1,3,2
"27913",2,3,5,3
"27914",1,20,21,20
"27915",1,7,8,7
"27916",1,8,9,8
"27917",5,15,20,17
"27918",3,16,19,16
"27919",2,2,4,2
"27920",2,1,3,2
"27921",9,19,28,27
"27922",1,11,12,11
"27923",2,4,6,4
"27924",1,19,20,19
"27925",1,8,9,8
"27926",1,3,4,3
"27927",2,8,10,9
"27928",1,13,14,13
"27929",3,13,16,14
"27930",1,8,9,8
"27931",1,6,7,6
"27932",3,3,6,3
"27933",1,6,7,6
"27934",2,6,8,7
"27935",2,11,13,11
"27936",1,1,2,1
"27937",2,2,4,2
"27938",8,4,12,8
"27939",2,1,3,2
"27940",9,32,41,38
"27941",1,6,7,6
"27942",1,1,2,1
"27943",1,1,2,1
"27944",7,2,9,8
"27945",2,3,5,3
"27946",11,6,17,15
"27947",1,25,26,25
"27948",2,5,7,5
"27949",3,1,4,3
"27950",2,15,17,15
"27951",1,9,10,9
"27952",1,6,7,6
"27953",3,6,9,6
"27954",6,2,8,6
"27955",3,15,18,15
"27956",2,5,7,5
"27957",1,5,6,5
"27958",1,10,11,10
"27959",1,1,2,1
"27960",2,2,4,3
"27961",1,5,6,5
"27962",3,26,29,26
"27963",1,1,2,1
"27964",1,6,7,6
"27965",1,1,2,1
"27966",3,8,11,10
"27967",1,28,29,28
"27968",3,2,5,3
"27969",1,4,5,4
"27970",1,5,6,5
"27971",1,4,5,4
"27972",3,10,13,11
"27973",2,4,6,4
"27974",1,3,4,3
"27975",1,17,18,17
"27976",2,7,9,7
"27977",8,4,12,8
"27978",1,2,3,2
"27979",1,4,5,4
"27980",5,12,17,16
"27981",6,4,10,8
"27982",2,3,5,4
"27983",9,3,12,11
"27984",1,35,36,35
"27985",1,1,2,1
"27986",2,11,13,11
"27987",2,6,8,7
"27988",3,6,9,6
"27989",13,3,16,14
"27990",10,23,33,30
"27991",1,2,3,2
"27992",2,9,11,10
"27993",5,3,8,7
"27994",7,1,8,7
"27995",1,5,6,5
"27996",4,18,22,20
"27997",6,2,8,6
"27998",4,44,48,46
"27999",3,2,5,4
"28000",1,1,2,1
"28001",1,15,16,15
"28002",2,4,6,5
"28003",8,4,12,11
"28004",2,4,6,5
"28005",2,5,7,6
"28006",1,1,2,1
"28007",2,5,7,5
"28008",4,14,18,17
"28009",2,9,11,10
"28010",2,1,3,2
"28011",1,6,7,6
"28012",3,6,9,8
"28013",7,15,22,21
"28014",3,6,9,7
"28015",2,4,6,4
"28016",1,8,9,8
"28017",2,3,5,4
"28018",1,29,30,29
"28019",3,2,5,3
"28020",1,6,7,6
"28021",2,1,3,2
"28022",2,26,28,26
"28023",1,1,2,1
"28024",1,3,4,3
"28025",1,10,11,10
"28026",1,2,3,2
"28027",1,29,30,29
"28028",3,5,8,7
"28029",1,29,30,29
"28030",10,30,40,37
"28031",2,3,5,4
"28032",3,16,19,16
"28033",6,20,26,24
"28034",4,17,21,20
"28035",3,3,6,4
"28036",2,1,3,2
"28037",4,3,7,4
"28038",1,1,2,1
"28039",3,1,4,3
"28040",15,3,18,16
"28041",2,6,8,7
"28042",4,18,22,19
"28043",4,5,9,7
"28044",2,5,7,5
"28045",12,27,39,35
"28046",2,6,8,6
"28047",2,1,3,2
"28048",2,7,9,7
"28049",1,2,3,2
"28050",2,4,6,4
"28051",5,20,25,23
"28052",6,17,23,21
"28053",1,10,11,10
"28054",9,2,11,9
"28055",1,15,16,15
"28056",1,3,4,3
"28057",1,4,5,4
"28058",2,7,9,8
"28059",5,24,29,27
"28060",3,21,24,22
"28061",2,2,4,3
"28062",6,2,8,7
"28063",2,7,9,7
"28064",3,17,20,19
"28065",4,6,10,6
"28066",7,10,17,14
"28067",2,9,11,10
"28068",3,2,5,3
"28069",1,5,6,5
"28070",4,2,6,5
"28071",6,1,7,6
"28072",2,5,7,5
"28073",1,6,7,6
"28074",1,5,6,5
"28075",1,20,21,20
"28076",13,9,22,19
"28077",1,6,7,6
"28078",2,5,7,5
"28079",1,11,12,11
"28080",5,6,11,10
"28081",7,45,52,51
"28082",16,1,17,16
"28083",1,13,14,13
"28084",1,4,5,4
"28085",4,32,36,35
"28086",2,3,5,4
"28087",2,3,5,4
"28088",1,3,4,3
"28089",1,38,39,38
"28090",12,1,13,12
"28091",2,4,6,5
"28092",2,15,17,15
"28093",3,1,4,3
"28094",2,2,4,2
"28095",2,3,5,4
"28096",2,2,4,3
"28097",2,3,5,4
"28098",2,1,3,2
"28099",1,4,5,4
"28100",1,6,7,6
"28101",4,16,20,17
"28102",5,24,29,27
"28103",4,9,13,11
"28104",1,2,3,2
"28105",1,1,2,1
"28106",1,5,6,5
"28107",2,53,55,54
"28108",1,5,6,5
"28109",1,7,8,7
"28110",3,9,12,11
"28111",3,9,12,11
"28112",5,5,10,5
"28113",7,4,11,9
"28114",1,4,5,4
"28115",1,1,2,1
"28116",1,3,4,3
"28117",1,2,3,2
"28118",1,2,3,2
"28119",1,5,6,5
"28120",2,16,18,17
"28121",3,9,12,11
"28122",1,9,10,9
"28123",1,6,7,6
"28124",1,20,21,20
"28125",5,5,10,8
"28126",1,1,2,1
"28127",1,6,7,6
"28128",2,1,3,2
"28129",2,5,7,5
"28130",3,3,6,4
"28131",8,6,14,13
"28132",1,3,4,3
"28133",2,3,5,4
"28134",1,1,2,1
"28135",4,24,28,27
"28136",3,5,8,7
"28137",1,8,9,8
"28138",2,7,9,8
"28139",18,17,35,34
"28140",4,24,28,27
"28141",1,19,20,19
"28142",2,34,36,35
"28143",8,4,12,8
"28144",1,25,26,25
"28145",13,24,37,29
"28146",3,17,20,18
"28147",5,24,29,25
"28148",14,14,28,14
"28149",1,1,2,1
"28150",2,2,4,2
"28151",4,1,5,4
"28152",1,2,3,2
"28153",1,20,21,20
"28154",1,22,23,22
"28155",1,1,2,1
"28156",3,20,23,21
"28157",10,10,20,10
"28158",1,15,16,15
"28159",4,32,36,35
"28160",1,2,3,2
"28161",1,2,3,2
"28162",1,1,2,1
"28163",4,23,27,23
"28164",1,11,12,11
"28165",1,3,4,3
"28166",3,3,6,5
"28167",1,2,3,2
"28168",3,3,6,5
"28169",7,6,13,11
"28170",1,28,29,28
"28171",1,5,6,5
"28172",1,11,12,11
"28173",2,27,29,28
"28174",4,9,13,9
"28175",15,4,19,17
"28176",2,5,7,5
"28177",1,3,4,3
"28178",8,13,21,20
"28179",4,17,21,19
"28180",1,1,2,1
"28181",5,2,7,6
"28182",1,41,42,41
"28183",1,1,2,1
"28184",2,1,3,2
"28185",1,9,10,9
"28186",7,4,11,10
"28187",18,27,45,41
"28188",1,2,3,2
"28189",2,1,3,2
"28190",2,2,4,3
"28191",1,3,4,3
"28192",1,18,19,18
"28193",3,6,9,8
"28194",8,12,20,15
"28195",10,4,14,13
"28196",15,10,25,22
"28197",2,15,17,15
"28198",3,4,7,6
"28199",1,1,2,1
"28200",2,2,4,2
"28201",1,5,6,5
"28202",10,4,14,11
"28203",1,9,10,9
"28204",1,7,8,7
"28205",1,9,10,9
"28206",2,2,4,2
"28207",4,29,33,29
"28208",1,8,9,8
"28209",1,42,43,42
"28210",11,34,45,44
"28211",1,5,6,5
"28212",1,2,3,2
"28213",2,9,11,10
"28214",1,9,10,9
"28215",4,14,18,16
"28216",1,10,11,10
"28217",1,1,2,1
"28218",2,18,20,19
"28219",2,3,5,3
"28220",3,4,7,5
"28221",1,7,8,7
"28222",1,28,29,28
"28223",1,9,10,9
"28224",6,8,14,9
"28225",2,3,5,4
"28226",3,1,4,3
"28227",3,4,7,5
"28228",1,14,15,14
"28229",1,2,3,2
"28230",3,6,9,8
"28231",1,1,2,1
"28232",4,13,17,13
"28233",3,2,5,3
"28234",2,7,9,7
"28235",2,1,3,2
"28236",6,13,19,15
"28237",1,1,2,1
"28238",1,14,15,14
"28239",6,2,8,7
"28240",25,25,50,47
"28241",11,4,15,14
"28242",1,37,38,37
"28243",2,18,20,18
"28244",14,2,16,14
"28245",1,5,6,5
"28246",6,3,9,7
"28247",1,15,16,15
"28248",4,1,5,4
"28249",3,2,5,3
"28250",7,11,18,16
"28251",5,18,23,21
"28252",1,4,5,4
"28253",3,25,28,26
"28254",3,26,29,27
"28255",7,17,24,22
"28256",4,32,36,33
"28257",1,12,13,12
"28258",5,32,37,35
"28259",2,4,6,4
"28260",1,2,3,2
"28261",1,8,9,8
"28262",1,20,21,20
"28263",2,47,49,48
"28264",4,27,31,30
"28265",1,3,4,3
"28266",3,6,9,6
"28267",4,30,34,30
"28268",6,6,12,11
"28269",1,6,7,6
"28270",1,10,11,10
"28271",5,6,11,8
"28272",4,14,18,16
"28273",1,6,7,6
"28274",1,5,6,5
"28275",7,25,32,31
"28276",4,4,8,6
"28277",1,4,5,4
"28278",1,4,5,4
"28279",6,28,34,32
"28280",10,4,14,13
"28281",2,9,11,10
"28282",4,18,22,20
"28283",2,16,18,17
"28284",1,2,3,2
"28285",2,2,4,3
"28286",1,3,4,3
"28287",1,3,4,3
"28288",4,25,29,28
"28289",1,7,8,7
"28290",1,17,18,17
"28291",1,5,6,5
"28292",3,6,9,7
"28293",3,6,9,8
"28294",3,4,7,6
"28295",16,38,54,51
"28296",8,25,33,30
"28297",4,11,15,13
"28298",1,17,18,17
"28299",4,3,7,6
"28300",3,26,29,26
"28301",5,5,10,8
"28302",8,18,26,24
"28303",5,3,8,7
"28304",5,29,34,30
"28305",1,23,24,23
"28306",4,16,20,17
"28307",2,3,5,3
"28308",2,5,7,5
"28309",11,1,12,11
"28310",2,5,7,5
"28311",1,1,2,1
"28312",3,45,48,46
"28313",1,6,7,6
"28314",1,1,2,1
"28315",5,1,6,5
"28316",21,1,22,21
"28317",3,6,9,7
"28318",7,2,9,8
"28319",6,3,9,6
"28320",8,15,23,21
"28321",2,30,32,30
"28322",1,2,3,2
"28323",6,18,24,22
"28324",1,17,18,17
"28325",2,2,4,3
"28326",1,13,14,13
"28327",1,2,3,2
"28328",1,7,8,7
"28329",2,2,4,3
"28330",1,19,20,19
"28331",4,11,15,13
"28332",3,9,12,10
"28333",3,7,10,9
"28334",2,2,4,3
"28335",2,2,4,3
"28336",2,28,30,28
"28337",3,23,26,25
"28338",1,13,14,13
"28339",2,14,16,15
"28340",1,18,19,18
"28341",1,4,5,4
"28342",2,3,5,4
"28343",1,9,10,9
"28344",2,1,3,2
"28345",11,1,12,11
"28346",1,14,15,14
"28347",1,3,4,3
"28348",5,2,7,6
"28349",9,6,15,14
"28350",2,2,4,3
"28351",7,3,10,8
"28352",3,20,23,20
"28353",1,4,5,4
"28354",3,1,4,3
"28355",5,5,10,5
"28356",3,5,8,7
"28357",2,1,3,2
"28358",1,7,8,7
"28359",2,20,22,21
"28360",3,24,27,25
"28361",1,1,2,1
"28362",10,10,20,10
"28363",10,18,28,27
"28364",24,11,35,34
"28365",2,7,9,8
"28366",7,2,9,8
"28367",8,6,14,13
"28368",9,1,10,9
"28369",1,4,5,4
"28370",2,12,14,12
"28371",4,3,7,5
"28372",1,30,31,30
"28373",3,2,5,3
"28374",9,1,10,9
"28375",3,9,12,10
"28376",1,1,2,1
"28377",11,1,12,11
"28378",3,1,4,3
"28379",2,4,6,4
"28380",4,24,28,25
"28381",1,27,28,27
"28382",6,1,7,6
"28383",4,3,7,6
"28384",1,22,23,22
"28385",1,7,8,7
"28386",6,7,13,12
"28387",1,15,16,15
"28388",1,4,5,4
"28389",1,3,4,3
"28390",2,26,28,27
"28391",2,3,5,4
"28392",5,16,21,20
"28393",4,2,6,5
"28394",1,16,17,16
"28395",2,1,3,2
"28396",1,4,5,4
"28397",1,8,9,8
"28398",3,21,24,23
"28399",3,8,11,10
"28400",1,81,82,81
"28401",2,16,18,16
"28402",7,25,32,31
"28403",1,9,10,9
"28404",4,12,16,15
"28405",1,4,5,4
"28406",5,55,60,58
"28407",1,5,6,5
"28408",29,21,50,49
"28409",6,18,24,23
"28410",2,2,4,3
"28411",3,17,20,19
"28412",3,5,8,5
"28413",4,5,9,8
"28414",18,2,20,18
"28415",16,9,25,23
"28416",1,13,14,13
"28417",1,27,28,27
"28418",1,19,20,19
"28419",9,30,39,37
"28420",1,1,2,1
"28421",3,4,7,4
"28422",5,32,37,34
"28423",5,3,8,7
"28424",1,5,6,5
"28425",5,13,18,16
"28426",1,5,6,5
"28427",1,1,2,1
"28428",2,7,9,8
"28429",4,2,6,5
"28430",4,7,11,10
"28431",2,1,3,2
"28432",3,24,27,24
"28433",5,7,12,10
"28434",3,8,11,8
"28435",1,1,2,1
"28436",3,18,21,19
"28437",4,18,22,20
"28438",7,8,15,12
"28439",10,32,42,39
"28440",8,2,10,9
"28441",1,3,4,3
"28442",10,28,38,31
"28443",1,17,18,17
"28444",2,8,10,9
"28445",2,16,18,17
"28446",3,8,11,9
"28447",5,7,12,9
"28448",1,1,2,1
"28449",5,11,16,12
"28450",2,11,13,12
"28451",3,7,10,9
"28452",1,13,14,13
"28453",2,2,4,2
"28454",1,6,7,6
"28455",12,4,16,14
"28456",9,5,14,13
"28457",4,12,16,15
"28458",1,7,8,7
"28459",2,7,9,7
"28460",3,4,7,6
"28461",2,12,14,13
"28462",1,17,18,17
"28463",1,1,2,1
"28464",14,19,33,30
"28465",1,2,3,2
"28466",1,3,4,3
"28467",1,18,19,18
"28468",1,1,2,1
"28469",1,1,2,1
"28470",3,4,7,6
"28471",1,4,5,4
"28472",2,3,5,3
"28473",2,5,7,6
"28474",6,6,12,6
"28475",8,2,10,9
"28476",2,3,5,3
"28477",1,1,2,1
"28478",2,2,4,3
"28479",1,2,3,2
"28480",11,23,34,23
"28481",1,26,27,26
"28482",3,10,13,10
"28483",5,3,8,5
"28484",2,32,34,33
"28485",2,19,21,20
"28486",6,15,21,20
"28487",19,2,21,19
"28488",33,21,54,53
"28489",1,3,4,3
"28490",1,1,2,1
"28491",13,16,29,26
"28492",3,26,29,26
"28493",1,3,4,3
"28494",42,4,46,45
"28495",6,7,13,10
"28496",1,25,26,25
"28497",1,23,24,23
"28498",3,6,9,6
"28499",1,2,3,2
"28500",1,4,5,4
"28501",1,3,4,3
"28502",1,2,3,2
"28503",1,21,22,21
"28504",1,12,13,12
"28505",4,11,15,13
"28506",5,1,6,5
"28507",1,1,2,1
"28508",2,2,4,3
"28509",1,14,15,14
"28510",5,11,16,15
"28511",2,1,3,2
"28512",2,3,5,3
"28513",1,1,2,1
"28514",1,4,5,4
"28515",5,20,25,22
"28516",2,4,6,5
"28517",8,30,38,37
"28518",3,15,18,16
"28519",1,3,4,3
"28520",1,1,2,1
"28521",1,26,27,26
"28522",1,7,8,7
"28523",3,11,14,13
"28524",2,12,14,12
"28525",2,27,29,27
"28526",2,22,24,23
"28527",1,8,9,8
"28528",2,1,3,2
"28529",2,2,4,3
"28530",6,1,7,6
"28531",1,4,5,4
"28532",2,22,24,22
"28533",1,7,8,7
"28534",1,2,3,2
"28535",8,6,14,13
"28536",2,11,13,11
"28537",2,6,8,7
"28538",7,4,11,9
"28539",2,26,28,26
"28540",1,5,6,5
"28541",1,6,7,6
"28542",3,9,12,10
"28543",2,22,24,22
"28544",1,1,2,1
"28545",6,37,43,42
"28546",1,5,6,5
"28547",1,7,8,7
"28548",4,1,5,4
"28549",1,2,3,2
"28550",1,2,3,2
"28551",6,14,20,18
"28552",1,1,2,1
"28553",1,3,4,3
"28554",3,5,8,7
"28555",1,23,24,23
"28556",1,8,9,8
"28557",2,4,6,5
"28558",3,4,7,5
"28559",1,8,9,8
"28560",7,8,15,13
"28561",1,1,2,1
"28562",4,24,28,24
"28563",4,24,28,24
"28564",1,11,12,11
"28565",1,13,14,13
"28566",1,23,24,23
"28567",2,3,5,3
"28568",1,1,2,1
"28569",2,30,32,31
"28570",1,2,3,2
"28571",2,4,6,4
"28572",1,1,2,1
"28573",2,12,14,12
"28574",1,3,4,3
"28575",4,26,30,26
"28576",1,11,12,11
"28577",1,2,3,2
"28578",1,21,22,21
"28579",1,6,7,6
"28580",1,10,11,10
"28581",3,1,4,3
"28582",1,4,5,4
"28583",23,3,26,25
"28584",1,16,17,16
"28585",14,35,49,47
"28586",1,7,8,7
"28587",2,14,16,14
"28588",1,31,32,31
"28589",13,13,26,24
"28590",1,9,10,9
"28591",3,38,41,40
"28592",2,2,4,3
"28593",7,2,9,8
"28594",2,1,3,2
"28595",10,1,11,10
"28596",2,3,5,4
"28597",3,17,20,19
"28598",2,1,3,2
"28599",2,10,12,11
"28600",1,6,7,6
"28601",8,28,36,33
"28602",1,2,3,2
"28603",3,5,8,6
"28604",1,28,29,28
"28605",3,3,6,4
"28606",1,12,13,12
"28607",5,32,37,32
"28608",2,12,14,12
"28609",2,6,8,6
"28610",2,5,7,5
"28611",2,9,11,9
"28612",2,2,4,3
"28613",1,21,22,21
"28614",1,15,16,15
"28615",1,10,11,10
"28616",1,16,17,16
"28617",1,9,10,9
"28618",1,41,42,41
"28619",1,16,17,16
"28620",1,30,31,30
"28621",1,1,2,1
"28622",1,5,6,5
"28623",1,3,4,3
"28624",2,3,5,3
"28625",1,5,6,5
"28626",9,10,19,17
"28627",1,2,3,2
"28628",1,6,7,6
"28629",8,4,12,10
"28630",6,9,15,11
"28631",11,6,17,14
"28632",7,7,14,11
"28633",7,7,14,11
"28634",1,3,4,3
"28635",2,5,7,5
"28636",1,8,9,8
"28637",7,6,13,12
"28638",45,45,90,45
"28639",26,26,52,26
"28640",14,2,16,15
"28641",9,9,18,9
"28642",24,1,25,24
"28643",4,4,8,4
"28644",1,1,2,1
"28645",1,2,3,2
"28646",2,24,26,24
"28647",3,2,5,4
"28648",1,20,21,20
"28649",2,3,5,4
"28650",1,4,5,4
"28651",2,1,3,2
"28652",2,13,15,13
"28653",3,24,27,26
"28654",8,19,27,24
"28655",4,25,29,25
"28656",1,2,3,2
"28657",1,7,8,7
"28658",6,21,27,26
"28659",5,5,10,8
"28660",2,5,7,5
"28661",1,1,2,1
"28662",1,8,9,8
"28663",5,9,14,12
"28664",5,3,8,6
"28665",9,4,13,12
"28666",6,13,19,18
"28667",1,15,16,15
"28668",1,15,16,15
"28669",1,5,6,5
"28670",3,9,12,9
"28671",1,16,17,16
"28672",1,5,6,5
"28673",1,9,10,9
"28674",3,9,12,9
"28675",2,18,20,19
"28676",13,10,23,22
"28677",2,25,27,26
"28678",1,3,4,3
"28679",3,18,21,20
"28680",1,26,27,26
"28681",2,13,15,13
"28682",1,8,9,8
"28683",1,2,3,2
"28684",6,1,7,6
"28685",1,9,10,9
"28686",1,10,11,10
"28687",6,20,26,25
"28688",2,20,22,21
"28689",1,1,2,1
"28690",1,13,14,13
"28691",1,6,7,6
"28692",1,42,43,42
"28693",1,12,13,12
"28694",1,7,8,7
"28695",1,8,9,8
"28696",1,1,2,1
"28697",2,5,7,6
"28698",1,2,3,2
"28699",5,7,12,7
"28700",1,7,8,7
"28701",1,52,53,52
"28702",1,1,2,1
"28703",1,1,2,1
"28704",3,1,4,3
"28705",4,7,11,10
"28706",3,3,6,3
"28707",1,1,2,1
"28708",6,12,18,17
"28709",2,4,6,5
"28710",1,26,27,26
"28711",2,1,3,2
"28712",1,4,5,4
"28713",3,4,7,4
"28714",1,14,15,14
"28715",5,30,35,34
"28716",1,15,16,15
"28717",1,5,6,5
"28718",24,38,62,59
"28719",3,18,21,19
"28720",2,2,4,2
"28721",3,7,10,9
"28722",1,17,18,17
"28723",9,176,185,181
"28724",6,10,16,14
"28725",3,6,9,8
"28726",3,29,32,30
"28727",1,30,31,30
"28728",3,38,41,40
"28729",2,8,10,8
"28730",5,6,11,10
"28731",6,17,23,21
"28732",1,3,4,3
"28733",1,11,12,11
"28734",1,4,5,4
"28735",5,18,23,20
"28736",8,10,18,10
"28737",2,5,7,5
"28738",3,32,35,34
"28739",9,1,10,9
"28740",8,27,35,33
"28741",1,3,4,3
"28742",18,66,84,81
"28743",7,4,11,7
"28744",1,5,6,5
"28745",14,13,27,22
"28746",6,3,9,8
"28747",5,23,28,27
"28748",2,10,12,10
"28749",5,13,18,17
"28750",2,2,4,3
"28751",1,19,20,19
"28752",1,5,6,5
"28753",1,2,3,2
"28754",1,3,4,3
"28755",1,3,4,3
"28756",1,7,8,7
"28757",2,10,12,11
"28758",2,6,8,7
"28759",1,6,7,6
"28760",13,8,21,20
"28761",6,19,25,23
"28762",1,19,20,19
"28763",5,14,19,17
"28764",1,20,21,20
"28765",1,3,4,3
"28766",1,2,3,2
"28767",1,3,4,3
"28768",8,2,10,8
"28769",3,7,10,7
"28770",3,5,8,7
"28771",3,34,37,35
"28772",1,25,26,25
"28773",1,6,7,6
"28774",9,34,43,39
"28775",7,5,12,10
"28776",1,5,6,5
"28777",2,1,3,2
"28778",2,2,4,3
"28779",1,1,2,1
"28780",3,2,5,3
"28781",1,14,15,14
"28782",12,11,23,20
"28783",1,8,9,8
"28784",1,7,8,7
"28785",3,26,29,28
"28786",6,8,14,13
"28787",6,25,31,28
"28788",10,5,15,14
"28789",1,8,9,8
"28790",5,6,11,8
"28791",3,12,15,12
"28792",6,15,21,17
"28793",1,19,20,19
"28794",1,38,39,38
"28795",24,15,39,33
"28796",1,5,6,5
"28797",2,7,9,8
"28798",1,2,3,2
"28799",2,22,24,22
"28800",4,30,34,30
"28801",2,13,15,14
"28802",2,13,15,13
"28803",1,13,14,13
"28804",2,11,13,12
"28805",7,10,17,14
"28806",6,7,13,12
"28807",1,3,4,3
"28808",2,3,5,4
"28809",3,32,35,32
"28810",1,3,4,3
"28811",4,15,19,17
"28812",6,2,8,6
"28813",2,22,24,22
"28814",1,3,4,3
"28815",1,3,4,3
"28816",16,13,29,28
"28817",2,1,3,2
"28818",1,33,34,33
"28819",1,19,20,19
"28820",1,3,4,3
"28821",1,6,7,6
"28822",1,6,7,6
"28823",11,5,16,13
"28824",1,2,3,2
"28825",1,1,2,1
"28826",2,4,6,4
"28827",1,15,16,15
"28828",4,23,27,23
"28829",1,2,3,2
"28830",5,39,44,40
"28831",1,3,4,3
"28832",14,4,18,17
"28833",1,2,3,2
"28834",3,24,27,24
"28835",1,17,18,17
"28836",2,2,4,3
"28837",2,2,4,3
"28838",1,1,2,1
"28839",1,29,30,29
"28840",9,1,10,9
"28841",1,1,2,1
"28842",1,1,2,1
"28843",2,2,4,2
"28844",2,5,7,5
"28845",2,5,7,6
"28846",1,7,8,7
"28847",1,19,20,19
"28848",1,3,4,3
"28849",15,1,16,15
"28850",1,8,9,8
"28851",2,1,3,2
"28852",1,19,20,19
"28853",2,30,32,30
"28854",1,3,4,3
"28855",2,2,4,2
"28856",1,4,5,4
"28857",1,3,4,3
"28858",1,25,26,25
"28859",7,45,52,51
"28860",21,3,24,23
"28861",31,1,32,31
"28862",13,39,52,48
"28863",5,1,6,5
"28864",2,8,10,8
"28865",29,29,58,29
"28866",15,10,25,22
"28867",3,12,15,14
"28868",2,24,26,24
"28869",5,9,14,13
"28870",10,36,46,43
"28871",5,7,12,11
"28872",10,11,21,17
"28873",5,7,12,9
"28874",2,9,11,10
"28875",2,3,5,4
"28876",2,4,6,4
"28877",3,16,19,18
"28878",4,10,14,13
"28879",2,6,8,6
"28880",1,2,3,2
"28881",1,9,10,9
"28882",1,3,4,3
"28883",2,2,4,2
"28884",1,6,7,6
"28885",1,6,7,6
"28886",1,1,2,1
"28887",3,7,10,7
"28888",1,1,2,1
"28889",15,55,70,64
"28890",1,5,6,5
"28891",1,32,33,32
"28892",1,10,11,10
"28893",1,18,19,18
"28894",3,2,5,3
"28895",9,13,22,18
"28896",2,2,4,2
"28897",4,6,10,8
"28898",3,9,12,9
"28899",9,1,10,9
"28900",1,7,8,7
"28901",1,10,11,10
"28902",3,7,10,9
"28903",1,3,4,3
"28904",1,26,27,26
"28905",1,1,2,1
"28906",4,17,21,19
"28907",2,6,8,6
"28908",1,1,2,1
"28909",1,1,2,1
"28910",1,38,39,38
"28911",2,5,7,5
"28912",1,12,13,12
"28913",3,21,24,23
"28914",2,5,7,6
"28915",4,8,12,10
"28916",2,2,4,2
"28917",6,2,8,7
"28918",12,1,13,12
"28919",17,17,34,17
"28920",81,81,162,81
"28921",22,22,44,22
"28922",7,5,12,11
"28923",1,1,2,1
"28924",1,30,31,30
"28925",4,4,8,6
"28926",3,9,12,9
"28927",2,3,5,3
"28928",1,8,9,8
"28929",1,3,4,3
"28930",3,6,9,7
"28931",1,8,9,8
"28932",12,4,16,14
"28933",20,23,43,40
"28934",1,3,4,3
"28935",1,4,5,4
"28936",8,7,15,13
"28937",4,14,18,17
"28938",1,1,2,1
"28939",1,16,17,16
"28940",4,2,6,5
"28941",9,1,10,9
"28942",3,7,10,9
"28943",4,27,31,28
"28944",1,17,18,17
"28945",2,1,3,2
"28946",2,11,13,12
"28947",1,32,33,32
"28948",12,33,45,42
"28949",2,1,3,2
"28950",2,17,19,18
"28951",1,4,5,4
"28952",1,10,11,10
"28953",1,2,3,2
"28954",3,38,41,38
"28955",1,25,26,25
"28956",6,6,12,6
"28957",4,2,6,4
"28958",4,4,8,6
"28959",2,1,3,2
"28960",1,1,2,1
"28961",1,1,2,1
"28962",2,13,15,14
"28963",4,3,7,6
"28964",2,19,21,20
"28965",2,2,4,3
"28966",1,1,2,1
"28967",2,4,6,4
"28968",6,24,30,24
"28969",1,1,2,1
"28970",4,1,5,4
"28971",1,2,3,2
"28972",5,5,10,5
"28973",2,3,5,4
"28974",3,9,12,11
"28975",6,10,16,13
"28976",6,2,8,7
"28977",3,4,7,6
"28978",1,2,3,2
"28979",1,2,3,2
"28980",1,4,5,4
"28981",2,3,5,4
"28982",1,3,4,3
"28983",1,1,2,1
"28984",2,13,15,13
"28985",1,2,3,2
"28986",1,6,7,6
"28987",1,1,2,1
"28988",9,14,23,20
"28989",2,4,6,4
"28990",3,10,13,10
"28991",1,12,13,12
"28992",1,1,2,1
"28993",2,3,5,3
"28994",6,6,12,11
"28995",2,15,17,15
"28996",3,11,14,11
"28997",3,11,14,13
"28998",4,9,13,12
"28999",8,11,19,15
"29000",1,3,4,3
"29001",1,7,8,7
"29002",3,1,4,3
"29003",19,66,85,80
"29004",13,2,15,14
"29005",1,1,2,1
"29006",1,1,2,1
"29007",1,3,4,3
"29008",1,1,2,1
"29009",3,1,4,3
"29010",2,8,10,8
"29011",19,17,36,33
"29012",8,1,9,8
"29013",1,4,5,4
"29014",1,4,5,4
"29015",2,5,7,6
"29016",4,21,25,21
"29017",4,18,22,19
"29018",1,1,2,1
"29019",6,3,9,8
"29020",2,26,28,26
"29021",3,2,5,4
"29022",1,33,34,33
"29023",2,12,14,13
"29024",2,14,16,14
"29025",3,1,4,3
"29026",2,22,24,22
"29027",4,9,13,12
"29028",4,15,19,18
"29029",1,3,4,3
"29030",1,1,2,1
"29031",1,13,14,13
"29032",1,14,15,14
"29033",4,11,15,14
"29034",3,16,19,18
"29035",1,30,31,30
"29036",6,21,27,22
"29037",2,9,11,9
"29038",5,3,8,5
"29039",1,8,9,8
"29040",9,17,26,24
"29041",2,12,14,12
"29042",5,5,10,6
"29043",7,28,35,33
"29044",2,9,11,10
"29045",1,3,4,3
"29046",2,2,4,3
"29047",6,6,12,8
"29048",1,37,38,37
"29049",2,2,4,2
"29050",3,23,26,24
"29051",2,18,20,18
"29052",2,8,10,9
"29053",13,9,22,21
"29054",1,9,10,9
"29055",2,30,32,31
"29056",5,3,8,6
"29057",1,1,2,1
"29058",1,13,14,13
"29059",1,1,2,1
"29060",1,19,20,19
"29061",3,15,18,17
"29062",1,1,2,1
"29063",1,1,2,1
"29064",3,2,5,3
"29065",2,3,5,4
"29066",2,1,3,2
"29067",4,12,16,14
"29068",2,2,4,3
"29069",1,8,9,8
"29070",2,8,10,9
"29071",2,2,4,3
"29072",1,2,3,2
"29073",1,1,2,1
"29074",1,16,17,16
"29075",6,5,11,8
"29076",1,24,25,24
"29077",8,4,12,10
"29078",3,17,20,17
"29079",1,1,2,1
"29080",3,4,7,6
"29081",1,3,4,3
"29082",4,2,6,4
"29083",3,2,5,4
"29084",1,1,2,1
"29085",1,3,4,3
"29086",17,17,34,17
"29087",1,9,10,9
"29088",5,22,27,24
"29089",12,20,32,31
"29090",1,4,5,4
"29091",1,1,2,1
"29092",6,12,18,17
"29093",15,7,22,21
"29094",1,3,4,3
"29095",13,24,37,29
"29096",5,23,28,26
"29097",1,9,10,9
"29098",1,15,16,15
"29099",1,7,8,7
"29100",1,10,11,10
"29101",5,1,6,5
"29102",1,11,12,11
"29103",3,9,12,10
"29104",4,1,5,4
"29105",1,1,2,1
"29106",1,1,2,1
"29107",3,3,6,3
"29108",2,2,4,2
"29109",1,2,3,2
"29110",1,5,6,5
"29111",7,21,28,27
"29112",2,2,4,2
"29113",2,5,7,5
"29114",2,14,16,14
"29115",2,4,6,5
"29116",8,4,12,11
"29117",4,5,9,8
"29118",1,11,12,11
"29119",1,2,3,2
"29120",7,4,11,10
"29121",2,5,7,6
"29122",1,4,5,4
"29123",1,4,5,4
"29124",1,10,11,10
"29125",1,5,6,5
"29126",2,27,29,27
"29127",2,5,7,5
"29128",11,66,77,74
"29129",11,1,12,11
"29130",4,7,11,7
"29131",1,9,10,9
"29132",1,4,5,4
"29133",1,10,11,10
"29134",1,6,7,6
"29135",1,2,3,2
"29136",1,43,44,43
"29137",1,27,28,27
"29138",3,5,8,7
"29139",1,20,21,20
"29140",1,4,5,4
"29141",1,1,2,1
"29142",2,10,12,10
"29143",13,17,30,28
"29144",9,176,185,183
"29145",7,2,9,8
"29146",1,1,2,1
"29147",1,4,5,4
"29148",4,32,36,33
"29149",1,5,6,5
"29150",2,7,9,8
"29151",11,13,24,23
"29152",8,12,20,19
"29153",3,6,9,8
"29154",1,2,3,2
"29155",3,8,11,10
"29156",4,1,5,4
"29157",1,9,10,9
"29158",5,7,12,11
"29159",5,21,26,25
"29160",9,1,10,9
"29161",1,15,16,15
"29162",1,5,6,5
"29163",1,8,9,8
"29164",1,4,5,4
"29165",6,3,9,6
"29166",1,4,5,4
"29167",4,26,30,26
"29168",1,19,20,19
"29169",1,31,32,31
"29170",3,10,13,12
"29171",10,38,48,42
"29172",1,4,5,4
"29173",1,7,8,7
"29174",1,8,9,8
"29175",1,1,2,1
"29176",1,3,4,3
"29177",5,42,47,45
"29178",1,8,9,8
"29179",4,36,40,38
"29180",1,5,6,5
"29181",2,7,9,7
"29182",2,26,28,26
"29183",1,8,9,8
"29184",2,38,40,38
"29185",1,1,2,1
"29186",2,2,4,3
"29187",10,4,14,11
"29188",4,22,26,22
"29189",2,2,4,2
"29190",2,21,23,22
"29191",1,1,2,1
"29192",4,1,5,4
"29193",9,5,14,13
"29194",1,13,14,13
"29195",1,15,16,15
"29196",2,3,5,3
"29197",1,11,12,11
"29198",2,4,6,5
"29199",3,20,23,20
"29200",4,7,11,10
"29201",2,1,3,2
"29202",3,7,10,7
"29203",2,7,9,8
"29204",1,14,15,14
"29205",10,1,11,10
"29206",1,1,2,1
"29207",6,5,11,8
"29208",36,9,45,43
"29209",4,1,5,4
"29210",2,2,4,2
"29211",1,12,13,12
"29212",1,11,12,11
"29213",22,12,34,29
"29214",2,5,7,6
"29215",2,7,9,7
"29216",1,1,2,1
"29217",1,2,3,2
"29218",5,13,18,13
"29219",1,1,2,1
"29220",8,3,11,10
"29221",3,5,8,6
"29222",2,1,3,2
"29223",5,18,23,21
"29224",24,9,33,30
"29225",1,3,4,3
"29226",5,4,9,7
"29227",2,1,3,2
"29228",3,5,8,6
"29229",3,12,15,14
"29230",1,22,23,22
"29231",1,6,7,6
"29232",7,10,17,14
"29233",3,1,4,3
"29234",4,15,19,15
"29235",4,15,19,15
"29236",1,3,4,3
"29237",2,6,8,7
"29238",2,3,5,3
"29239",2,1,3,2
"29240",1,2,3,2
"29241",1,5,6,5
"29242",1,3,4,3
"29243",3,6,9,8
"29244",1,6,7,6
"29245",3,1,4,3
"29246",3,9,12,9
"29247",1,12,13,12
"29248",1,5,6,5
"29249",4,26,30,29
"29250",2,12,14,13
"29251",1,4,5,4
"29252",8,8,16,13
"29253",1,8,9,8
"29254",3,5,8,7
"29255",1,3,4,3
"29256",3,7,10,7
"29257",10,28,38,31
"29258",3,17,20,19
"29259",2,3,5,4
"29260",1,4,5,4
"29261",1,9,10,9
"29262",3,3,6,4
"29263",2,18,20,18
"29264",2,35,37,36
"29265",1,3,4,3
"29266",3,9,12,11
"29267",1,2,3,2
"29268",2,3,5,3
"29269",1,2,3,2
"29270",3,2,5,4
"29271",5,8,13,12
"29272",1,3,4,3
"29273",2,20,22,20
"29274",3,28,31,30
"29275",1,3,4,3
"29276",10,17,27,25
"29277",5,2,7,6
"29278",1,1,2,1
"29279",1,3,4,3
"29280",4,5,9,8
"29281",1,9,10,9
"29282",1,2,3,2
"29283",1,1,2,1
"29284",6,8,14,10
"29285",1,18,19,18
"29286",3,22,25,24
"29287",3,1,4,3
"29288",1,6,7,6
"29289",1,9,10,9
"29290",1,12,13,12
"29291",1,27,28,27
"29292",8,10,18,17
"29293",1,8,9,8
"29294",24,8,32,26
"29295",2,16,18,17
"29296",1,6,7,6
"29297",3,48,51,49
"29298",3,3,6,4
"29299",10,10,20,10
"29300",3,7,10,9
"29301",2,14,16,15
"29302",2,1,3,2
"29303",1,17,18,17
"29304",1,4,5,4
"29305",7,1,8,7
"29306",6,17,23,21
"29307",1,4,5,4
"29308",5,35,40,39
"29309",39,1,40,39
"29310",3,3,6,4
"29311",15,4,19,17
"29312",2,7,9,8
"29313",2,9,11,10
"29314",1,176,177,176
"29315",1,14,15,14
"29316",2,26,28,27
"29317",6,11,17,16
"29318",1,1,2,1
"29319",2,5,7,6
"29320",1,2,3,2
"29321",2,3,5,4
"29322",1,1,2,1
"29323",1,17,18,17
"29324",1,3,4,3
"29325",7,5,12,10
"29326",9,14,23,20
"29327",1,11,12,11
"29328",7,13,20,18
"29329",3,10,13,11
"29330",1,1,2,1
"29331",2,22,24,22
"29332",4,5,9,8
"29333",3,18,21,19
"29334",1,9,10,9
"29335",1,4,5,4
"29336",2,20,22,21
"29337",1,11,12,11
"29338",1,2,3,2
"29339",4,9,13,9
"29340",2,1,3,2
"29341",2,5,7,6
"29342",2,1,3,2
"29343",2,2,4,3
"29344",3,16,19,16
"29345",1,6,7,6
"29346",17,26,43,42
"29347",4,20,24,20
"29348",2,2,4,3
"29349",4,4,8,4
"29350",1,1,2,1
"29351",6,37,43,42
"29352",1,7,8,7
"29353",1,3,4,3
"29354",3,10,13,12
"29355",2,5,7,6
"29356",1,10,11,10
"29357",1,25,26,25
"29358",1,1,2,1
"29359",3,2,5,3
"29360",1,11,12,11
"29361",2,3,5,3
"29362",3,38,41,39
"29363",22,34,56,53
"29364",2,8,10,9
"29365",3,5,8,7
"29366",1,3,4,3
"29367",1,8,9,8
"29368",4,24,28,27
"29369",5,4,9,7
"29370",1,1,2,1
"29371",1,1,2,1
"29372",9,10,19,18
"29373",3,8,11,10
"29374",1,36,37,36
"29375",3,32,35,33
"29376",7,4,11,9
"29377",5,17,22,20
"29378",8,24,32,28
"29379",3,7,10,8
"29380",1,6,7,6
"29381",5,4,9,8
"29382",4,20,24,22
"29383",2,1,3,2
"29384",2,17,19,17
"29385",1,2,3,2
"29386",7,1,8,7
"29387",2,11,13,11
"29388",1,6,7,6
"29389",1,45,46,45
"29390",2,5,7,5
"29391",2,5,7,5
"29392",1,32,33,32
"29393",5,7,12,11
"29394",1,2,3,2
"29395",2,1,3,2
"29396",3,5,8,7
"29397",3,8,11,9
"29398",2,3,5,4
"29399",11,3,14,13
"29400",2,2,4,3
"29401",1,6,7,6
"29402",2,3,5,4
"29403",1,4,5,4
"29404",5,6,11,9
"29405",2,5,7,6
"29406",14,35,49,47
"29407",1,12,13,12
"29408",4,13,17,15
"29409",2,22,24,22
"29410",18,4,22,20
"29411",1,3,4,3
"29412",1,14,15,14
"29413",1,8,9,8
"29414",2,22,24,23
"29415",1,12,13,12
"29416",7,1,8,7
"29417",5,17,22,18
"29418",1,4,5,4
"29419",1,13,14,13
"29420",2,1,3,2
"29421",6,2,8,7
"29422",7,1,8,7
"29423",1,15,16,15
"29424",1,3,4,3
"29425",3,23,26,23
"29426",2,16,18,17
"29427",1,1,2,1
"29428",1,12,13,12
"29429",1,3,4,3
"29430",1,3,4,3
"29431",1,1,2,1
"29432",2,1,3,2
"29433",2,30,32,31
"29434",1,17,18,17
"29435",8,13,21,20
"29436",4,7,11,9
"29437",3,11,14,13
"29438",2,1,3,2
"29439",3,10,13,11
"29440",3,35,38,37
"29441",10,2,12,10
"29442",2,9,11,9
"29443",57,4,61,59
"29444",1,4,5,4
"29445",13,18,31,30
"29446",2,6,8,7
"29447",1,3,4,3
"29448",2,2,4,3
"29449",2,1,3,2
"29450",4,31,35,33
"29451",1,5,6,5
"29452",9,2,11,9
"29453",1,1,2,1
"29454",10,17,27,23
"29455",9,34,43,39
"29456",1,2,3,2
"29457",5,5,10,5
"29458",4,7,11,9
"29459",1,2,3,2
"29460",1,1,2,1
"29461",4,1,5,4
"29462",3,9,12,11
"29463",1,22,23,22
"29464",1,3,4,3
"29465",2,2,4,3
"29466",3,21,24,23
"29467",1,1,2,1
"29468",4,5,9,8
"29469",1,4,5,4
"29470",2,9,11,10
"29471",1,24,25,24
"29472",6,1,7,6
"29473",3,3,6,4
"29474",1,2,3,2
"29475",2,1,3,2
"29476",1,1,2,1
"29477",3,9,12,10
"29478",2,5,7,5
"29479",9,32,41,40
"29480",2,1,3,2
"29481",3,3,6,5
"29482",1,8,9,8
"29483",1,1,2,1
"29484",2,2,4,2
"29485",1,12,13,12
"29486",1,6,7,6
"29487",6,6,12,11
"29488",4,25,29,26
"29489",4,1,5,4
"29490",2,5,7,6
"29491",1,2,3,2
"29492",6,32,38,37
"29493",1,7,8,7
"29494",1,1,2,1
"29495",13,5,18,15
"29496",1,1,2,1
"29497",8,23,31,28
"29498",3,26,29,26
"29499",4,6,10,9
"29500",3,3,6,4
"29501",3,1,4,3
"29502",2,3,5,4
"29503",9,6,15,13
"29504",4,32,36,35
"29505",4,2,6,4
"29506",1,12,13,12
"29507",2,2,4,2
"29508",1,13,14,13
"29509",2,4,6,5
"29510",6,51,57,55
"29511",7,1,8,7
"29512",7,4,11,7
"29513",1,4,5,4
"29514",1,6,7,6
"29515",1,10,11,10
"29516",11,2,13,12
"29517",1,3,4,3
"29518",3,5,8,7
"29519",2,10,12,10
"29520",1,7,8,7
"29521",6,1,7,6
"29522",2,23,25,23
"29523",1,11,12,11
"29524",4,24,28,26
"29525",1,4,5,4
"29526",4,7,11,7
"29527",1,24,25,24
"29528",1,17,18,17
"29529",3,3,6,5
"29530",1,6,7,6
"29531",1,4,5,4
"29532",5,32,37,35
"29533",2,32,34,33
"29534",4,3,7,6
"29535",18,45,63,60
"29536",2,6,8,6
"29537",6,9,15,12
"29538",1,4,5,4
"29539",4,1,5,4
"29540",6,19,25,24
"29541",8,34,42,36
"29542",4,18,22,19
"29543",1,8,9,8
"29544",6,6,12,6
"29545",2,4,6,4
"29546",5,1,6,5
"29547",2,5,7,5
"29548",1,1,2,1
"29549",2,8,10,9
"29550",2,14,16,14
"29551",2,4,6,4
"29552",1,7,8,7
"29553",3,1,4,3
"29554",2,7,9,7
"29555",1,9,10,9
"29556",2,9,11,9
"29557",1,1,2,1
"29558",5,15,20,19
"29559",9,22,31,27
"29560",3,2,5,4
"29561",1,13,14,13
"29562",9,22,31,30
"29563",7,10,17,16
"29564",4,17,21,19
"29565",1,8,9,8
"29566",4,1,5,4
"29567",5,11,16,13
"29568",2,5,7,5
"29569",10,10,20,10
"29570",1,6,7,6
"29571",13,16,29,27
"29572",1,6,7,6
"29573",2,6,8,6
"29574",1,2,3,2
"29575",1,1,2,1
"29576",4,11,15,14
"29577",22,12,34,29
"29578",2,10,12,11
"29579",1,30,31,30
"29580",13,16,29,26
"29581",1,3,4,3
"29582",1,6,7,6
"29583",1,6,7,6
"29584",9,29,38,35
"29585",1,8,9,8
"29586",3,6,9,8
"29587",1,2,3,2
"29588",5,9,14,12
"29589",11,11,22,11
"29590",1,9,10,9
"29591",1,1,2,1
"29592",1,7,8,7
"29593",1,6,7,6
"29594",6,44,50,48
"29595",1,1,2,1
"29596",1,8,9,8
"29597",1,3,4,3
"29598",2,7,9,8
"29599",12,1,13,12
"29600",1,5,6,5
"29601",4,10,14,11
"29602",1,4,5,4
"29603",3,14,17,16
"29604",2,1,3,2
"29605",1,6,7,6
"29606",6,22,28,27
"29607",1,5,6,5
"29608",1,2,3,2
"29609",5,5,10,5
"29610",3,2,5,4
"29611",1,39,40,39
"29612",3,6,9,6
"29613",1,2,3,2
"29614",3,8,11,10
"29615",7,10,17,15
"29616",12,19,31,30
"29617",7,10,17,12
"29618",1,24,25,24
"29619",2,2,4,2
"29620",13,15,28,27
"29621",2,1,3,2
"29622",2,10,12,11
"29623",1,2,3,2
"29624",2,4,6,4
"29625",1,1,2,1
"29626",1,9,10,9
"29627",1,3,4,3
"29628",10,36,46,43
"29629",4,9,13,11
"29630",1,1,2,1
"29631",5,1,6,5
"29632",2,4,6,5
"29633",1,5,6,5
"29634",1,12,13,12
"29635",2,5,7,6
"29636",1,7,8,7
"29637",5,5,10,5
"29638",4,6,10,6
"29639",1,5,6,5
"29640",1,3,4,3
"29641",4,3,7,6
"29642",1,4,5,4
"29643",5,1,6,5
"29644",1,5,6,5
"29645",1,1,2,1
"29646",1,13,14,13
"29647",4,11,15,12
"29648",11,10,21,20
"29649",13,45,58,55
"29650",1,6,7,6
"29651",1,7,8,7
"29652",5,19,24,22
"29653",10,22,32,31
"29654",1,1,2,1
"29655",4,21,25,22
"29656",1,1,2,1
"29657",10,7,17,16
"29658",1,2,3,2
"29659",2,1,3,2
"29660",1,3,4,3
"29661",3,24,27,25
"29662",1,4,5,4
"29663",14,2,16,14
"29664",17,11,28,27
"29665",1,1,2,1
"29666",1,3,4,3
"29667",1,12,13,12
"29668",1,19,20,19
"29669",2,10,12,10
"29670",1,5,6,5
"29671",1,14,15,14
"29672",4,1,5,4
"29673",3,13,16,13
"29674",13,9,22,19
"29675",1,1,2,1
"29676",2,31,33,31
"29677",1,14,15,14
"29678",9,20,29,27
"29679",2,7,9,7
"29680",13,8,21,19
"29681",1,4,5,4
"29682",2,4,6,4
"29683",2,2,4,2
"29684",1,17,18,17
"29685",1,7,8,7
"29686",2,22,24,22
"29687",1,9,10,9
"29688",1,13,14,13
"29689",7,7,14,7
"29690",10,14,24,23
"29691",3,14,17,15
"29692",2,30,32,31
"29693",5,14,19,17
"29694",9,2,11,10
"29695",1,26,27,26
"29696",2,38,40,38
"29697",1,2,3,2
"29698",3,6,9,7
"29699",5,15,20,19
"29700",2,3,5,4
"29701",3,6,9,6
"29702",1,14,15,14
"29703",1,5,6,5
"29704",12,23,35,33
"29705",1,12,13,12
"29706",2,2,4,3
"29707",1,1,2,1
"29708",5,10,15,14
"29709",1,5,6,5
"29710",4,23,27,23
"29711",1,14,15,14
"29712",15,3,18,17
"29713",2,27,29,27
"29714",1,22,23,22
"29715",9,26,35,32
"29716",1,8,9,8
"29717",2,2,4,3
"29718",3,5,8,7
"29719",3,24,27,24
"29720",4,21,25,24
"29721",2,2,4,2
"29722",2,2,4,3
"29723",1,1,2,1
"29724",1,9,10,9
"29725",2,32,34,32
"29726",17,12,29,28
"29727",1,8,9,8
"29728",5,1,6,5
"29729",1,5,6,5
"29730",3,8,11,10
"29731",1,1,2,1
"29732",7,33,40,39
"29733",22,14,36,35
"29734",13,1,14,13
"29735",7,10,17,16
"29736",1,13,14,13
"29737",2,8,10,8
"29738",16,24,40,36
"29739",3,5,8,7
"29740",2,3,5,3
"29741",2,6,8,7
"29742",1,13,14,13
"29743",1,26,27,26
"29744",12,1,13,12
"29745",4,25,29,25
"29746",3,12,15,14
"29747",3,6,9,7
"29748",7,1,8,7
"29749",1,1,2,1
"29750",1,19,20,19
"29751",2,9,11,9
"29752",1,2,3,2
"29753",3,1,4,3
"29754",1,30,31,30
"29755",1,2,3,2
"29756",2,2,4,3
"29757",1,2,3,2
"29758",1,4,5,4
"29759",7,2,9,7
"29760",1,4,5,4
"29761",1,24,25,24
"29762",2,11,13,11
"29763",2,2,4,2
"29764",6,2,8,6
"29765",4,10,14,12
"29766",1,5,6,5
"29767",2,10,12,11
"29768",4,14,18,16
"29769",1,18,19,18
"29770",41,2,43,42
"29771",1,5,6,5
"29772",1,1,2,1
"29773",8,11,19,15
"29774",2,4,6,5
"29775",4,24,28,27
"29776",4,10,14,13
"29777",1,3,4,3
"29778",1,15,16,15
"29779",1,1,2,1
"29780",1,1,2,1
"29781",8,2,10,8
"29782",1,5,6,5
"29783",2,2,4,2
"29784",1,10,11,10
"29785",4,23,27,24
"29786",1,6,7,6
"29787",1,10,11,10
"29788",2,11,13,11
"29789",1,11,12,11
"29790",24,15,39,33
"29791",15,24,39,33
"29792",2,6,8,6
"29793",1,1,2,1
"29794",3,5,8,7
"29795",2,6,8,7
"29796",1,6,7,6
"29797",6,26,32,28
"29798",1,10,11,10
"29799",2,2,4,3
"29800",1,8,9,8
"29801",4,10,14,12
"29802",2,14,16,14
"29803",3,6,9,8
"29804",5,5,10,9
"29805",2,5,7,6
"29806",1,8,9,8
"29807",1,1,2,1
"29808",5,3,8,7
"29809",1,6,7,6
"29810",9,1,10,9
"29811",1,13,14,13
"29812",3,17,20,17
"29813",1,4,5,4
"29814",2,14,16,15
"29815",4,16,20,17
"29816",1,1,2,1
"29817",2,9,11,9
"29818",11,5,16,14
"29819",3,9,12,10
"29820",31,1,32,31
"29821",7,9,16,15
"29822",2,1,3,2
"29823",2,30,32,31
"29824",1,11,12,11
"29825",1,1,2,1
"29826",1,10,11,10
"29827",1,3,4,3
"29828",6,3,9,6
"29829",2,3,5,4
"29830",5,5,10,9
"29831",3,9,12,11
"29832",3,66,69,68
"29833",3,15,18,15
"29834",4,4,8,6
"29835",2,2,4,3
"29836",4,14,18,16
"29837",2,3,5,3
"29838",1,5,6,5
"29839",1,13,14,13
"29840",5,13,18,17
"29841",2,5,7,6
"29842",3,20,23,21
"29843",1,5,6,5
"29844",1,15,16,15
"29845",2,2,4,3
"29846",9,46,55,54
"29847",5,8,13,12
"29848",1,2,3,2
"29849",5,10,15,11
"29850",4,5,9,7
"29851",1,14,15,14
"29852",4,16,20,18
"29853",3,1,4,3
"29854",6,8,14,10
"29855",4,15,19,17
"29856",2,29,31,29
"29857",4,35,39,36
"29858",2,8,10,8
"29859",8,24,32,30
"29860",2,1,3,2
"29861",1,1,2,1
"29862",2,6,8,6
"29863",2,22,24,23
"29864",4,4,8,6
"29865",1,4,5,4
"29866",4,6,10,9
"29867",3,81,84,82
"29868",2,3,5,3
"29869",1,1,2,1
"29870",3,44,47,46
"29871",2,9,11,9
"29872",24,1,25,24
"29873",2,12,14,12
"29874",2,21,23,21
"29875",6,30,36,34
"29876",4,17,21,18
"29877",3,2,5,4
"29878",6,8,14,9
"29879",3,2,5,4
"29880",2,18,20,19
"29881",1,2,3,2
"29882",1,5,6,5
"29883",2,16,18,17
"29884",1,4,5,4
"29885",1,11,12,11
"29886",1,4,5,4
"29887",1,4,5,4
"29888",7,2,9,8
"29889",1,28,29,28
"29890",8,34,42,40
"29891",3,32,35,34
"29892",12,22,34,29
"29893",20,20,40,20
"29894",1,1,2,1
"29895",6,1,7,6
"29896",2,2,4,2
"29897",2,10,12,10
"29898",1,3,4,3
"29899",2,13,15,13
"29900",5,1,6,5
"29901",1,1,2,1
"29902",6,18,24,23
"29903",1,5,6,5
"29904",1,2,3,2
"29905",12,23,35,33
"29906",12,3,15,14
"29907",1,6,7,6
"29908",2,2,4,3
"29909",1,7,8,7
"29910",2,9,11,9
"29911",5,7,12,10
"29912",8,8,16,8
"29913",2,2,4,2
"29914",4,22,26,25
"29915",1,1,2,1
"29916",3,26,29,26
"29917",2,1,3,2
"29918",2,11,13,11
"29919",5,1,6,5
"29920",2,4,6,5
"29921",4,5,9,8
"29922",1,2,3,2
"29923",1,5,6,5
"29924",3,20,23,22
"29925",5,12,17,15
"29926",3,1,4,3
"29927",6,4,10,6
"29928",2,2,4,2
"29929",1,7,8,7
"29930",2,3,5,3
"29931",3,8,11,10
"29932",2,4,6,5
"29933",1,1,2,1
"29934",4,45,49,48
"29935",1,1,2,1
"29936",1,1,2,1
"29937",1,3,4,3
"29938",10,38,48,42
"29939",1,3,4,3
"29940",2,12,14,13
"29941",11,23,34,33
"29942",3,1,4,3
"29943",2,11,13,11
"29944",3,30,33,32
"29945",2,10,12,10
"29946",1,9,10,9
"29947",10,13,23,21
"29948",1,4,5,4
"29949",5,29,34,30
"29950",2,2,4,3
"29951",1,3,4,3
"29952",3,10,13,12
"29953",1,8,9,8
"29954",2,1,3,2
"29955",1,1,2,1
"29956",2,13,15,13
"29957",14,2,16,14
"29958",5,1,6,5
"29959",8,10,18,10
"29960",3,20,23,20
"29961",34,3,37,35
"29962",3,23,26,25
"29963",1,6,7,6
"29964",1,5,6,5
"29965",1,2,3,2
"29966",3,4,7,4
"29967",15,24,39,36
"29968",2,7,9,8
"29969",1,1,2,1
"29970",4,33,37,35
"29971",12,21,33,30
"29972",6,37,43,41
"29973",2,7,9,8
"29974",1,9,10,9
"29975",2,1,3,2
"29976",4,11,15,12
"29977",1,22,23,22
"29978",2,6,8,7
"29979",3,27,30,27
"29980",2,13,15,13
"29981",2,8,10,8
"29982",1,22,23,22
"29983",7,7,14,12
"29984",2,1,3,2
"29985",2,5,7,5
"29986",5,25,30,28
"29987",1,3,4,3
"29988",2,10,12,10
"29989",2,5,7,6
"29990",24,25,49,48
"29991",2,13,15,13
"29992",1,1,2,1
"29993",4,5,9,8
"29994",2,25,27,26
"29995",3,14,17,14
"29996",6,32,38,36
"29997",1,1,2,1
"29998",1,3,4,3
"29999",2,8,10,8
"30000",1,10,11,10
"30001",3,15,18,16
"30002",1,18,19,18
"30003",7,3,10,9
"30004",1,12,13,12
"30005",3,1,4,3
"30006",3,13,16,15
"30007",5,5,10,5
"30008",2,35,37,35
"30009",13,25,38,34
"30010",4,5,9,7
"30011",1,3,4,3
"30012",4,11,15,14
"30013",1,1,2,1
"30014",3,1,4,3
"30015",1,2,3,2
"30016",27,45,72,69
"30017",1,7,8,7
"30018",4,21,25,24
"30019",1,19,20,19
"30020",1,3,4,3
"30021",3,2,5,3
"30022",1,4,5,4
"30023",2,4,6,4
"30024",4,29,33,31
"30025",1,1,2,1
"30026",1,42,43,42
"30027",6,47,53,51
"30028",1,1,2,1
"30029",1,1,2,1
"30030",5,20,25,24
"30031",2,12,14,12
"30032",2,2,4,2
"30033",1,1,2,1
"30034",1,9,10,9
"30035",1,10,11,10
"30036",2,1,3,2
"30037",1,13,14,13
"30038",4,3,7,6
"30039",2,30,32,30
"30040",1,26,27,26
"30041",2,5,7,6
"30042",4,7,11,10
"30043",4,6,10,9
"30044",1,8,9,8
"30045",6,1,7,6
"30046",1,10,11,10
"30047",2,18,20,18
"30048",1,3,4,3
"30049",1,1,2,1
"30050",6,12,18,15
"30051",2,2,4,3
"30052",3,35,38,35
"30053",2,7,9,8
"30054",8,32,40,37
"30055",1,21,22,21
"30056",2,42,44,43
"30057",10,4,14,11
"30058",6,11,17,14
"30059",3,3,6,5
"30060",2,2,4,3
"30061",1,5,6,5
"30062",1,1,2,1
"30063",1,11,12,11
"30064",1,1,2,1
"30065",1,1,2,1
"30066",4,6,10,8
"30067",2,11,13,11
"30068",1,1,2,1
"30069",1,4,5,4
"30070",1,17,18,17
"30071",20,23,43,40
"30072",4,3,7,5
"30073",1,1,2,1
"30074",5,6,11,8
"30075",1,1,2,1
"30076",2,15,17,15
"30077",5,20,25,22
"30078",7,1,8,7
"30079",1,29,30,29
"30080",8,17,25,24
"30081",2,4,6,5
"30082",1,22,23,22
"30083",1,17,18,17
"30084",7,5,12,11
"30085",1,11,12,11
"30086",1,8,9,8
"30087",1,2,3,2
"30088",1,2,3,2
"30089",1,2,3,2
"30090",1,10,11,10
"30091",1,15,16,15
"30092",5,1,6,5
"30093",1,10,11,10
"30094",3,6,9,6
"30095",7,29,36,35
"30096",1,2,3,2
"30097",2,1,3,2
"30098",3,1,4,3
"30099",35,1,36,35
"30100",2,2,4,2
"30101",18,2,20,19
"30102",3,6,9,6
"30103",3,7,10,7
"30104",10,7,17,16
"30105",5,34,39,37
"30106",1,11,12,11
"30107",10,34,44,42
"30108",2,5,7,5
"30109",14,13,27,22
"30110",1,22,23,22
"30111",1,1,2,1
"30112",5,6,11,8
"30113",1,3,4,3
"30114",2,3,5,3
"30115",1,1,2,1
"30116",1,3,4,3
"30117",5,20,25,22
"30118",3,4,7,6
"30119",1,1,2,1
"30120",3,19,22,20
"30121",4,12,16,13
"30122",1,1,2,1
"30123",1,16,17,16
"30124",2,42,44,42
"30125",1,7,8,7
"30126",1,5,6,5
"30127",3,1,4,3
"30128",4,26,30,27
"30129",1,26,27,26
"30130",1,1,2,1
"30131",3,12,15,14
"30132",4,1,5,4
"30133",2,3,5,4
"30134",1,3,4,3
"30135",1,6,7,6
"30136",6,31,37,36
"30137",4,2,6,4
"30138",1,1,2,1
"30139",1,5,6,5
"30140",1,18,19,18
"30141",3,14,17,14
"30142",1,1,2,1
"30143",1,3,4,3
"30144",3,25,28,26
"30145",1,2,3,2
"30146",1,19,20,19
"30147",2,11,13,11
"30148",4,10,14,13
"30149",5,24,29,25
"30150",17,17,34,17
"30151",6,11,17,15
"30152",5,5,10,9
"30153",1,3,4,3
"30154",2,1,3,2
"30155",1,1,2,1
"30156",4,31,35,33
"30157",3,24,27,26
"30158",2,3,5,3
"30159",1,1,2,1
"30160",1,1,2,1
"30161",2,3,5,3
"30162",1,6,7,6
"30163",1,4,5,4
"30164",3,5,8,7
"30165",12,36,48,46
"30166",1,1,2,1
"30167",9,7,16,15
"30168",12,4,16,14
"30169",5,24,29,26
"30170",1,7,8,7
"30171",9,25,34,31
"30172",1,3,4,3
"30173",12,11,23,22
"30174",4,26,30,26
"30175",1,13,14,13
"30176",1,1,2,1
"30177",6,4,10,9
"30178",3,11,14,11
"30179",6,23,29,28
"30180",1,2,3,2
"30181",4,9,13,12
"30182",1,4,5,4
"30183",2,4,6,5
"30184",9,14,23,20
"30185",3,16,19,17
"30186",2,29,31,30
"30187",4,8,12,11
"30188",2,1,3,2
"30189",3,3,6,4
"30190",3,32,35,32
"30191",4,1,5,4
"30192",4,15,19,17
"30193",21,14,35,34
"30194",11,5,16,14
"30195",37,3,40,39
"30196",4,4,8,4
"30197",2,9,11,10
"30198",4,7,11,8
"30199",8,32,40,37
"30200",5,5,10,5
"30201",4,38,42,38
"30202",2,2,4,2
"30203",2,5,7,6
"30204",9,9,18,9
"30205",1,21,22,21
"30206",2,1,3,2
"30207",1,8,9,8
"30208",3,18,21,18
"30209",1,13,14,13
"30210",3,6,9,8
"30211",2,12,14,12
"30212",7,1,8,7
"30213",2,13,15,13
"30214",1,3,4,3
"30215",1,11,12,11
"30216",2,4,6,4
"30217",1,1,2,1
"30218",3,6,9,8
"30219",1,1,2,1
"30220",1,5,6,5
"30221",2,7,9,7
"30222",2,2,4,3
"30223",9,19,28,25
"30224",2,6,8,7
"30225",3,4,7,5
"30226",2,2,4,3
"30227",10,1,11,10
"30228",1,25,26,25
"30229",1,4,5,4
"30230",2,2,4,3
"30231",1,20,21,20
"30232",7,13,20,18
"30233",12,16,28,27
"30234",1,2,3,2
"30235",6,11,17,15
"30236",1,5,6,5
"30237",1,1,2,1
"30238",1,1,2,1
"30239",1,1,2,1
"30240",8,19,27,25
"30241",1,6,7,6
"30242",1,1,2,1
"30243",1,4,5,4
"30244",1,4,5,4
"30245",1,8,9,8
"30246",9,8,17,15
"30247",2,2,4,2
"30248",3,18,21,19
"30249",5,24,29,26
"30250",1,1,2,1
"30251",1,7,8,7
"30252",5,9,14,13
"30253",2,9,11,10
"30254",1,4,5,4
"30255",8,16,24,23
"30256",1,1,2,1
"30257",15,12,27,26
"30258",1,2,3,2
"30259",1,3,4,3
"30260",2,10,12,11
"30261",5,2,7,5
"30262",1,4,5,4
"30263",2,1,3,2
"30264",2,2,4,3
"30265",1,9,10,9
"30266",1,8,9,8
"30267",2,7,9,7
"30268",2,27,29,28
"30269",2,21,23,21
"30270",1,14,15,14
"30271",14,8,22,21
"30272",2,4,6,4
"30273",17,6,23,22
"30274",4,2,6,4
"30275",6,11,17,15
"30276",7,2,9,7
"30277",9,176,185,180
"30278",12,5,17,16
"30279",4,15,19,18
"30280",1,3,4,3
"30281",10,27,37,36
"30282",2,38,40,39
"30283",2,3,5,4
"30284",17,1,18,17
"30285",16,1,17,16
"30286",2,3,5,3
"30287",1,2,3,2
"30288",1,8,9,8
"30289",3,3,6,5
"30290",3,4,7,5
"30291",2,1,3,2
"30292",1,1,2,1
"30293",12,2,14,12
"30294",1,2,3,2
"30295",1,5,6,5
"30296",2,1,3,2
"30297",10,16,26,25
"30298",2,10,12,10
"30299",8,30,38,37
"30300",1,2,3,2
"30301",1,22,23,22
"30302",10,17,27,25
"30303",1,10,11,10
"30304",4,12,16,13
"30305",3,8,11,9
"30306",5,1,6,5
"30307",1,1,2,1
"30308",2,4,6,5
"30309",1,19,20,19
"30310",1,16,17,16
"30311",1,1,2,1
"30312",1,2,3,2
"30313",1,2,3,2
"30314",3,2,5,3
"30315",3,9,12,9
"30316",1,11,12,11
"30317",1,1,2,1
"30318",6,11,17,16
"30319",2,5,7,6
"30320",1,9,10,9
"30321",1,1,2,1
"30322",11,26,37,36
"30323",2,30,32,31
"30324",2,20,22,20
"30325",1,17,18,17
"30326",1,3,4,3
"30327",8,2,10,8
"30328",4,20,24,20
"30329",1,23,24,23
"30330",2,3,5,4
"30331",3,6,9,8
"30332",1,11,12,11
"30333",1,15,16,15
"30334",6,14,20,18
"30335",1,2,3,2
"30336",1,8,9,8
"30337",11,4,15,14
"30338",2,4,6,5
"30339",1,38,39,38
"30340",2,32,34,32
"30341",1,2,3,2
"30342",1,1,2,1
"30343",6,10,16,13
"30344",1,1,2,1
"30345",1,12,13,12
"30346",4,1,5,4
"30347",1,2,3,2
"30348",5,9,14,13
"30349",2,16,18,16
"30350",2,6,8,6
"30351",5,31,36,32
"30352",1,3,4,3
"30353",1,2,3,2
"30354",3,4,7,6
"30355",5,4,9,8
"30356",1,8,9,8
"30357",2,10,12,11
"30358",1,36,37,36
"30359",3,5,8,5
"30360",3,1,4,3
"30361",2,2,4,2
"30362",1,1,2,1
"30363",2,22,24,23
"30364",2,1,3,2
"30365",4,18,22,20
"30366",3,10,13,10
"30367",29,29,58,29
"30368",4,29,33,31
"30369",1,3,4,3
"30370",14,18,32,31
"30371",1,5,6,5
"30372",2,17,19,18
"30373",1,3,4,3
"30374",1,7,8,7
"30375",10,17,27,24
"30376",10,17,27,23
"30377",9,10,19,18
"30378",1,6,7,6
"30379",2,1,3,2
"30380",7,5,12,10
"30381",1,6,7,6
"30382",4,3,7,6
"30383",5,5,10,5
"30384",1,1,2,1
"30385",1,10,11,10
"30386",1,7,8,7
"30387",1,5,6,5
"30388",1,19,20,19
"30389",3,6,9,8
"30390",1,5,6,5
"30391",1,39,40,39
"30392",1,8,9,8
"30393",2,20,22,20
"30394",2,36,38,37
"30395",1,3,4,3
"30396",2,30,32,31
"30397",5,5,10,5
"30398",3,8,11,8
"30399",4,8,12,10
"30400",1,1,2,1
"30401",6,2,8,6
"30402",2,9,11,9
"30403",1,4,5,4
"30404",1,30,31,30
"30405",2,16,18,17
"30406",3,20,23,22
"30407",3,17,20,19
"30408",1,1,2,1
"30409",17,1,18,17
"30410",1,15,16,15
"30411",7,25,32,28
"30412",1,23,24,23
"30413",1,9,10,9
"30414",1,9,10,9
"30415",2,1,3,2
"30416",1,1,2,1
"30417",3,1,4,3
"30418",1,16,17,16
"30419",1,10,11,10
"30420",1,16,17,16
"30421",2,2,4,2
"30422",1,2,3,2
"30423",18,39,57,56
"30424",1,5,6,5
"30425",3,6,9,8
"30426",41,19,60,55
"30427",1,4,5,4
"30428",2,1,3,2
"30429",1,29,30,29
"30430",1,29,30,29
"30431",2,14,16,15
"30432",7,8,15,13
"30433",1,2,3,2
"30434",3,28,31,29
"30435",11,66,77,74
"30436",18,66,84,81
"30437",3,6,9,7
"30438",5,32,37,32
"30439",4,7,11,9
"30440",5,1,6,5
"30441",9,9,18,9
"30442",3,25,28,26
"30443",3,12,15,12
"30444",2,10,12,11
"30445",1,1,2,1
"30446",1,2,3,2
"30447",3,51,54,51
"30448",4,15,19,15
"30449",2,27,29,27
"30450",2,1,3,2
"30451",3,3,6,5
"30452",1,2,3,2
"30453",1,19,20,19
"30454",1,1,2,1
"30455",1,19,20,19
"30456",1,13,14,13
"30457",1,15,16,15
"30458",1,13,14,13
"30459",1,4,5,4
"30460",1,4,5,4
"30461",2,13,15,13
"30462",8,35,43,38
"30463",13,2,15,14
"30464",7,15,22,16
"30465",6,1,7,6
"30466",2,1,3,2
"30467",4,1,5,4
"30468",1,2,3,2
"30469",1,2,3,2
"30470",20,7,27,25
"30471",3,7,10,8
"30472",1,4,5,4
"30473",2,1,3,2
"30474",4,4,8,4
"30475",3,11,14,12
"30476",3,12,15,14
"30477",3,16,19,18
"30478",8,23,31,30
"30479",1,6,7,6
"30480",1,5,6,5
"30481",4,25,29,25
"30482",1,16,17,16
"30483",3,1,4,3
"30484",26,1,27,26
"30485",2,4,6,5
"30486",2,11,13,11
"30487",2,1,3,2
"30488",1,3,4,3
"30489",1,1,2,1
"30490",1,13,14,13
"30491",1,19,20,19
"30492",15,9,24,23
"30493",2,10,12,11
"30494",1,4,5,4
"30495",11,4,15,14
"30496",2,2,4,3
"30497",1,14,15,14
"30498",1,3,4,3
"30499",1,14,15,14
"30500",15,17,32,31
"30501",2,2,4,3
"30502",8,1,9,8
"30503",8,34,42,36
"30504",2,8,10,8
"30505",1,4,5,4
"30506",17,1,18,17
"30507",9,39,48,42
"30508",9,39,48,42
"30509",1,3,4,3
"30510",12,21,33,32
"30511",1,3,4,3
"30512",1,8,9,8
"30513",6,3,9,6
"30514",2,1,3,2
"30515",2,8,10,9
"30516",1,1,2,1
"30517",3,5,8,6
"30518",1,10,11,10
"30519",1,1,2,1
"30520",9,51,60,57
"30521",1,25,26,25
"30522",1,29,30,29
"30523",2,3,5,3
"30524",1,3,4,3
"30525",4,16,20,19
"30526",1,51,52,51
"30527",1,4,5,4
"30528",1,1,2,1
"30529",1,2,3,2
"30530",1,3,4,3
"30531",1,1,2,1
"30532",1,1,2,1
"30533",2,26,28,27
"30534",2,8,10,9
"30535",1,21,22,21
"30536",9,5,14,11
"30537",2,13,15,14
"30538",1,9,10,9
"30539",1,7,8,7
"30540",3,19,22,20
"30541",2,10,12,11
"30542",4,25,29,28
"30543",5,2,7,6
"30544",9,35,44,42
"30545",1,3,4,3
"30546",1,2,3,2
"30547",3,16,19,16
"30548",3,2,5,3
"30549",3,2,5,3
"30550",8,25,33,30
"30551",2,18,20,18
"30552",1,2,3,2
"30553",4,4,8,6
"30554",4,1,5,4
"30555",1,15,16,15
"30556",3,6,9,6
"30557",1,18,19,18
"30558",3,6,9,8
"30559",16,9,25,24
"30560",8,1,9,8
"30561",2,1,3,2
"30562",3,3,6,5
"30563",1,17,18,17
"30564",1,20,21,20
"30565",1,10,11,10
"30566",1,2,3,2
"30567",3,19,22,21
"30568",1,4,5,4
"30569",18,25,43,40
"30570",1,3,4,3
"30571",1,1,2,1
"30572",1,10,11,10
"30573",1,30,31,30
"30574",7,28,35,33
"30575",1,7,8,7
"30576",6,4,10,9
"30577",4,3,7,5
"30578",3,1,4,3
"30579",3,5,8,5
"30580",1,4,5,4
"30581",3,36,39,38
"30582",1,9,10,9
"30583",1,43,44,43
"30584",1,1,2,1
"30585",1,1,2,1
"30586",2,8,10,9
"30587",2,1,3,2
"30588",2,12,14,12
"30589",10,28,38,37
"30590",1,2,3,2
"30591",3,7,10,9
"30592",3,2,5,3
"30593",3,5,8,6
"30594",4,27,31,28
"30595",4,27,31,28
"30596",1,7,8,7
"30597",2,11,13,12
"30598",1,11,12,11
"30599",11,3,14,13
"30600",2,2,4,2
"30601",2,21,23,22
"30602",2,7,9,8
"30603",1,2,3,2
"30604",3,15,18,16
"30605",17,32,49,47
"30606",1,17,18,17
"30607",5,1,6,5
"30608",3,2,5,3
"30609",3,4,7,6
"30610",3,2,5,3
"30611",11,5,16,15
"30612",1,6,7,6
"30613",1,21,22,21
"30614",2,3,5,3
"30615",1,2,3,2
"30616",1,1,2,1
"30617",2,7,9,7
"30618",5,16,21,20
"30619",2,19,21,19
"30620",1,5,6,5
"30621",3,30,33,30
"30622",1,6,7,6
"30623",1,1,2,1
"30624",1,1,2,1
"30625",4,20,24,23
"30626",3,10,13,11
"30627",1,6,7,6
"30628",1,2,3,2
"30629",1,5,6,5
"30630",1,1,2,1
"30631",3,7,10,7
"30632",4,9,13,11
"30633",1,31,32,31
"30634",3,23,26,24
"30635",2,42,44,43
"30636",1,2,3,2
"30637",3,1,4,3
"30638",6,14,20,18
"30639",3,11,14,12
"30640",1,15,16,15
"30641",22,176,198,186
"30642",3,5,8,7
"30643",5,6,11,9
"30644",3,1,4,3
"30645",2,22,24,22
"30646",4,37,41,40
"30647",1,1,2,1
"30648",1,5,6,5
"30649",3,10,13,10
"30650",10,14,24,22
"30651",5,2,7,6
"30652",6,1,7,6
"30653",3,19,22,21
"30654",4,13,17,16
"30655",2,18,20,19
"30656",1,1,2,1
"30657",1,3,4,3
"30658",1,10,11,10
"30659",5,11,16,15
"30660",3,7,10,9
"30661",2,7,9,8
"30662",1,6,7,6
"30663",1,5,6,5
"30664",13,8,21,19
"30665",5,16,21,20
"30666",1,2,3,2
"30667",13,3,16,15
"30668",2,9,11,10
"30669",3,13,16,15
"30670",1,11,12,11
"30671",23,14,37,33
"30672",12,1,13,12
"30673",30,2,32,30
"30674",6,12,18,15
"30675",1,2,3,2
"30676",8,4,12,10
"30677",2,2,4,2
"30678",1,1,2,1
"30679",1,3,4,3
"30680",3,13,16,15
"30681",3,9,12,10
"30682",5,2,7,5
"30683",1,3,4,3
"30684",3,6,9,7
"30685",1,6,7,6
"30686",1,5,6,5
"30687",1,5,6,5
"30688",2,11,13,12
"30689",2,5,7,6
"30690",4,16,20,19
"30691",1,6,7,6
"30692",2,21,23,22
"30693",1,12,13,12
"30694",1,7,8,7
"30695",1,21,22,21
"30696",3,7,10,7
"30697",6,45,51,50
"30698",2,51,53,51
"30699",1,1,2,1
"30700",1,20,21,20
"30701",1,1,2,1
"30702",2,10,12,10
"30703",3,10,13,12
"30704",1,4,5,4
"30705",1,7,8,7
"30706",1,1,2,1
"30707",9,19,28,26
"30708",2,34,36,34
"30709",5,22,27,24
"30710",11,3,14,13
"30711",16,3,19,16
"30712",2,1,3,2
"30713",1,7,8,7
"30714",1,2,3,2
"30715",3,10,13,10
"30716",7,9,16,15
"30717",1,1,2,1
"30718",2,1,3,2
"30719",12,38,50,49
"30720",1,4,5,4
"30721",1,22,23,22
"30722",3,3,6,3
"30723",1,10,11,10
"30724",1,6,7,6
"30725",2,3,5,3
"30726",1,3,4,3
"30727",14,11,25,24
"30728",4,33,37,35
"30729",15,32,47,43
"30730",2,5,7,6
"30731",8,8,16,8
"30732",1,5,6,5
"30733",1,2,3,2
"30734",1,17,18,17
"30735",2,16,18,17
"30736",2,4,6,4
"30737",1,5,6,5
"30738",3,21,24,23
"30739",7,2,9,7
"30740",1,2,3,2
"30741",3,7,10,9
"30742",1,5,6,5
"30743",5,5,10,8
"30744",5,5,10,8
"30745",3,14,17,14
"30746",2,20,22,20
"30747",6,1,7,6
"30748",6,10,16,15
"30749",17,6,23,20
"30750",2,2,4,3
"30751",10,7,17,16
"30752",3,13,16,15
"30753",1,3,4,3
"30754",1,7,8,7
"30755",1,5,6,5
"30756",1,8,9,8
"30757",2,3,5,3
"30758",9,24,33,29
"30759",2,5,7,6
"30760",1,36,37,36
"30761",3,26,29,27
"30762",3,25,28,27
"30763",10,81,91,90
"30764",1,1,2,1
"30765",9,2,11,10
"30766",2,20,22,20
"30767",15,24,39,36
"30768",3,3,6,5
"30769",1,3,4,3
"30770",1,8,9,8
"30771",1,1,2,1
"30772",19,66,85,80
"30773",26,3,29,28
"30774",2,2,4,2
"30775",7,66,73,69
"30776",6,8,14,10
"30777",1,1,2,1
"30778",1,1,2,1
"30779",1,10,11,10
"30780",1,1,2,1
"30781",5,6,11,10
"30782",2,7,9,8
"30783",2,6,8,6
"30784",6,16,22,21
"30785",2,6,8,6
"30786",1,6,7,6
"30787",2,13,15,13
"30788",3,1,4,3
"30789",1,8,9,8
"30790",2,11,13,11
"30791",2,2,4,2
"30792",4,6,10,8
"30793",2,2,4,2
"30794",2,30,32,31
"30795",1,3,4,3
"30796",2,3,5,4
"30797",2,3,5,4
"30798",7,1,8,7
"30799",1,9,10,9
"30800",1,20,21,20
"30801",2,9,11,10
"30802",10,14,24,22
"30803",1,6,7,6
"30804",1,2,3,2
"30805",1,1,2,1
"30806",2,4,6,5
"30807",7,6,13,10
"30808",11,2,13,12
"30809",1,12,13,12
"30810",1,8,9,8
"30811",15,4,19,17
"30812",3,6,9,8
"30813",3,5,8,5
"30814",6,29,35,34
"30815",1,2,3,2
"30816",7,1,8,7
"30817",2,5,7,6
"30818",1,5,6,5
"30819",1,3,4,3
"30820",9,19,28,25
"30821",1,1,2,1
"30822",1,1,2,1
"30823",1,21,22,21
"30824",3,2,5,4
"30825",4,3,7,5
"30826",2,1,3,2
"30827",13,13,26,13
"30828",1,18,19,18
"30829",1,14,15,14
"30830",14,5,19,18
"30831",6,5,11,10
"30832",7,8,15,14
"30833",2,6,8,6
"30834",1,38,39,38
"30835",2,6,8,7
"30836",2,2,4,2
"30837",2,3,5,3
"30838",2,2,4,2
"30839",4,18,22,19
"30840",1,5,6,5
"30841",4,1,5,4
"30842",2,14,16,15
"30843",4,1,5,4
"30844",2,1,3,2
"30845",1,5,6,5
"30846",2,2,4,2
"30847",2,8,10,8
"30848",26,16,42,41
"30849",6,12,18,16
"30850",9,26,35,32
"30851",6,19,25,23
"30852",1,44,45,44
"30853",2,2,4,2
"30854",1,2,3,2
"30855",2,7,9,8
"30856",2,7,9,7
"30857",6,3,9,8
"30858",1,2,3,2
"30859",1,3,4,3
"30860",1,2,3,2
"30861",9,16,25,23
"30862",7,12,19,16
"30863",1,1,2,1
"30864",5,5,10,9
"30865",1,2,3,2
"30866",2,11,13,11
"30867",1,13,14,13
"30868",9,3,12,9
"30869",2,2,4,3
"30870",1,23,24,23
"30871",2,2,4,3
"30872",2,17,19,18
"30873",1,21,22,21
"30874",1,5,6,5
"30875",3,3,6,3
"30876",11,6,17,14
"30877",11,15,26,25
"30878",1,1,2,1
"30879",1,5,6,5
"30880",2,12,14,12
"30881",17,32,49,47
"30882",1,10,11,10
"30883",7,7,14,12
"30884",4,2,6,5
"30885",2,2,4,2
"30886",1,8,9,8
"30887",5,11,16,13
"30888",1,9,10,9
"30889",3,2,5,4
"30890",4,2,6,4
"30891",2,2,4,2
"30892",1,21,22,21
"30893",2,4,6,4
"30894",2,8,10,9
"30895",2,1,3,2
"30896",6,19,25,22
"30897",3,4,7,4
"30898",2,4,6,4
"30899",5,6,11,8
"30900",2,10,12,10
"30901",4,11,15,14
"30902",2,2,4,2
"30903",1,5,6,5
"30904",5,17,22,18
"30905",4,8,12,8
"30906",2,8,10,8
"30907",5,34,39,36
"30908",3,17,20,17
"30909",6,10,16,15
"30910",2,45,47,46
"30911",1,1,2,1
"30912",3,10,13,10
"30913",2,4,6,5
"30914",5,2,7,6
"30915",8,29,37,36
"30916",3,4,7,6
"30917",1,13,14,13
"30918",1,12,13,12
"30919",1,11,12,11
"30920",2,14,16,15
"30921",1,17,18,17
"30922",2,3,5,3
"30923",7,25,32,28
"30924",1,1,2,1
"30925",2,17,19,17
"30926",27,21,48,46
"30927",1,12,13,12
"30928",5,7,12,10
"30929",14,2,16,15
"30930",1,2,3,2
"30931",8,3,11,10
"30932",2,5,7,6
"30933",1,3,4,3
"30934",27,19,46,45
"30935",1,23,24,23
"30936",24,7,31,29
"30937",2,11,13,11
"30938",7,21,28,25
"30939",1,4,5,4
"30940",6,2,8,7
"30941",7,11,18,17
"30942",7,1,8,7
"30943",5,8,13,12
"30944",1,5,6,5
"30945",1,1,2,1
"30946",2,12,14,12
"30947",7,10,17,16
"30948",3,1,4,3
"30949",2,5,7,6
"30950",2,1,3,2
"30951",1,10,11,10
"30952",2,5,7,5
"30953",1,26,27,26
"30954",2,13,15,13
"30955",5,25,30,29
"30956",1,14,15,14
"30957",2,16,18,17
"30958",1,1,2,1
"30959",3,18,21,19
"30960",1,3,4,3
"30961",7,12,19,16
"30962",6,32,38,37
"30963",1,2,3,2
"30964",1,33,34,33
"30965",13,169,182,178
"30966",4,17,21,19
"30967",1,10,11,10
"30968",4,1,5,4
"30969",6,3,9,6
"30970",1,15,16,15
"30971",2,14,16,14
"30972",1,17,18,17
"30973",40,1,41,40
"30974",3,1,4,3
"30975",6,22,28,25
"30976",2,28,30,29
"30977",4,10,14,10
"30978",4,6,10,9
"30979",4,5,9,8
"30980",9,34,43,39
"30981",2,10,12,10
"30982",4,4,8,6
"30983",22,12,34,29
"30984",2,1,3,2
"30985",1,22,23,22
"30986",2,1,3,2
"30987",1,4,5,4
"30988",10,38,48,42
"30989",4,2,6,5
"30990",3,32,35,32
"30991",5,13,18,16
"30992",6,4,10,6
"30993",4,9,13,9
"30994",32,3,35,33
"30995",2,2,4,3
"30996",4,5,9,7
"30997",1,13,14,13
"30998",1,2,3,2
"30999",1,9,10,9
"31000",6,25,31,30
"31001",4,1,5,4
"31002",1,1,2,1
"31003",3,5,8,5
"31004",1,13,14,13
"31005",1,15,16,15
"31006",1,11,12,11
"31007",2,13,15,13
"31008",1,9,10,9
"31009",2,3,5,4
"31010",2,10,12,11
"31011",2,13,15,13
"31012",2,4,6,4
"31013",2,14,16,14
"31014",13,2,15,13
"31015",1,3,4,3
"31016",5,13,18,13
"31017",1,1,2,1
"31018",2,19,21,19
"31019",2,4,6,5
"31020",2,2,4,2
"31021",1,3,4,3
"31022",1,32,33,32
"31023",1,1,2,1
"31024",3,4,7,5
"31025",2,15,17,15
"31026",2,4,6,4
"31027",2,9,11,9
"31028",6,30,36,34
"31029",3,3,6,3
"31030",2,7,9,8
"31031",7,1,8,7
"31032",4,24,28,26
"31033",1,5,6,5
"31034",1,1,2,1
"31035",4,12,16,13
"31036",1,6,7,6
"31037",1,1,2,1
"31038",19,17,36,33
"31039",2,4,6,5
"31040",2,10,12,10
"31041",3,1,4,3
"31042",1,3,4,3
"31043",1,7,8,7
"31044",1,12,13,12
"31045",7,6,13,11
"31046",2,2,4,3
"31047",1,6,7,6
"31048",1,2,3,2
"31049",1,1,2,1
"31050",1,4,5,4
"31051",1,2,3,2
"31052",2,7,9,7
"31053",1,8,9,8
"31054",2,7,9,7
"31055",3,7,10,9
"31056",4,6,10,9
"31057",2,1,3,2
"31058",1,21,22,21
"31059",1,10,11,10
"31060",7,7,14,7
"31061",2,5,7,6
"31062",1,3,4,3
"31063",2,6,8,6
"31064",4,13,17,16
"31065",1,9,10,9
"31066",1,4,5,4
"31067",1,1,2,1
"31068",12,1,13,12
"31069",6,11,17,15
"31070",2,9,11,9
"31071",1,5,6,5
"31072",1,15,16,15
"31073",3,7,10,9
"31074",1,3,4,3
"31075",1,5,6,5
"31076",7,1,8,7
"31077",2,3,5,3
"31078",1,4,5,4
"31079",2,1,3,2
"31080",1,1,2,1
"31081",1,32,33,32
"31082",2,1,3,2
"31083",1,19,20,19
"31084",1,8,9,8
"31085",6,5,11,8
"31086",3,6,9,7
"31087",3,3,6,3
"31088",16,26,42,41
"31089",9,6,15,13
"31090",4,9,13,11
"31091",2,3,5,4
"31092",2,26,28,26
"31093",5,20,25,23
"31094",6,3,9,8
"31095",30,16,46,39
"31096",1,13,14,13
"31097",1,2,3,2
"31098",1,3,4,3
"31099",1,2,3,2
"31100",5,9,14,13
"31101",5,7,12,11
"31102",1,7,8,7
"31103",4,4,8,7
"31104",1,19,20,19
"31105",1,18,19,18
"31106",8,26,34,28
"31107",2,1,3,2
"31108",2,1,3,2
"31109",1,8,9,8
"31110",1,29,30,29
"31111",2,2,4,3
"31112",1,1,2,1
"31113",1,32,33,32
"31114",2,6,8,6
"31115",1,1,2,1
"31116",1,1,2,1
"31117",2,2,4,3
"31118",11,39,50,43
"31119",1,32,33,32
"31120",2,4,6,5
"31121",16,1,17,16
"31122",2,5,7,6
"31123",1,3,4,3
"31124",1,8,9,8
"31125",2,7,9,8
"31126",5,1,6,5
"31127",7,5,12,9
"31128",30,30,60,30
"31129",1,2,3,2
"31130",3,15,18,17
"31131",1,9,10,9
"31132",6,8,14,10
"31133",3,26,29,26
"31134",1,3,4,3
"31135",4,2,6,5
"31136",2,2,4,3
"31137",1,15,16,15
"31138",4,7,11,10
"31139",3,9,12,10
"31140",1,1,2,1
"31141",2,6,8,6
"31142",2,8,10,9
"31143",1,21,22,21
"31144",1,5,6,5
"31145",1,22,23,22
"31146",14,22,36,34
"31147",1,13,14,13
"31148",15,2,17,15
"31149",1,1,2,1
"31150",1,9,10,9
"31151",3,9,12,10
"31152",1,1,2,1
"31153",1,26,27,26
"31154",7,2,9,8
"31155",1,22,23,22
"31156",1,2,3,2
"31157",7,10,17,14
"31158",3,25,28,26
"31159",1,9,10,9
"31160",2,13,15,14
"31161",1,38,39,38
"31162",9,1,10,9
"31163",1,6,7,6
"31164",2,3,5,3
"31165",1,1,2,1
"31166",1,2,3,2
"31167",5,1,6,5
"31168",3,38,41,39
"31169",2,45,47,45
"31170",1,14,15,14
"31171",1,4,5,4
"31172",2,4,6,5
"31173",4,6,10,8
"31174",20,3,23,22
"31175",1,1,2,1
"31176",2,17,19,18
"31177",1,11,12,11
"31178",1,1,2,1
"31179",2,1,3,2
"31180",1,4,5,4
"31181",2,9,11,9
"31182",3,31,34,33
"31183",13,17,30,29
"31184",6,2,8,7
"31185",4,3,7,5
"31186",4,3,7,6
"31187",1,18,19,18
"31188",1,3,4,3
"31189",3,26,29,28
"31190",2,10,12,10
"31191",1,2,3,2
"31192",1,1,2,1
"31193",2,5,7,6
"31194",1,2,3,2
"31195",1,1,2,1
"31196",2,15,17,16
"31197",7,1,8,7
"31198",1,6,7,6
"31199",2,10,12,11
"31200",5,25,30,28
"31201",1,4,5,4
"31202",3,2,5,3
"31203",7,9,16,14
"31204",1,4,5,4
"31205",1,16,17,16
"31206",3,1,4,3
"31207",1,4,5,4
"31208",2,4,6,4
"31209",3,5,8,7
"31210",2,9,11,9
"31211",1,2,3,2
"31212",4,4,8,6
"31213",1,11,12,11
"31214",2,19,21,20
"31215",1,2,3,2
"31216",4,45,49,48
"31217",1,32,33,32
"31218",9,1,10,9
"31219",3,11,14,11
"31220",5,14,19,17
"31221",6,4,10,8
"31222",1,17,18,17
"31223",1,19,20,19
"31224",2,35,37,36
"31225",5,7,12,7
"31226",5,2,7,5
"31227",6,15,21,20
"31228",2,8,10,8
"31229",2,6,8,6
"31230",2,3,5,4
"31231",1,8,9,8
"31232",3,8,11,9
"31233",1,1,2,1
"31234",4,9,13,11
"31235",4,11,15,12
"31236",12,2,14,13
"31237",14,14,28,14
"31238",5,11,16,15
"31239",9,2,11,9
"31240",1,12,13,12
"31241",1,10,11,10
"31242",1,25,26,25
"31243",3,2,5,4
"31244",5,2,7,6
"31245",3,2,5,4
"31246",1,4,5,4
"31247",1,9,10,9
"31248",3,3,6,4
"31249",3,1,4,3
"31250",1,17,18,17
"31251",10,4,14,11
"31252",2,17,19,18
"31253",1,2,3,2
"31254",2,5,7,5
"31255",2,11,13,11
"31256",19,6,25,24
"31257",9,1,10,9
"31258",4,8,12,10
"31259",2,16,18,16
"31260",2,12,14,12
"31261",2,16,18,16
"31262",1,2,3,2
"31263",11,1,12,11
"31264",1,19,20,19
"31265",3,5,8,7
"31266",2,2,4,2
"31267",1,2,3,2
"31268",4,2,6,5
"31269",5,15,20,17
"31270",4,10,14,13
"31271",1,5,6,5
"31272",2,3,5,4
"31273",12,26,38,37
"31274",4,10,14,13
"31275",1,13,14,13
"31276",5,5,10,6
"31277",2,10,12,10
"31278",1,8,9,8
"31279",4,7,11,9
"31280",6,5,11,10
"31281",3,5,8,6
"31282",6,6,12,6
"31283",2,4,6,4
"31284",1,1,2,1
"31285",2,6,8,6
"31286",20,20,40,20
"31287",2,4,6,5
"31288",1,5,6,5
"31289",9,1,10,9
"31290",1,10,11,10
"31291",6,24,30,28
"31292",7,10,17,15
"31293",2,21,23,21
"31294",8,44,52,49
"31295",8,36,44,43
"31296",25,25,50,46
"31297",1,8,9,8
"31298",1,3,4,3
"31299",1,1,2,1
"31300",1,9,10,9
"31301",1,3,4,3
"31302",1,13,14,13
"31303",19,1,20,19
"31304",2,1,3,2
"31305",5,5,10,6
"31306",2,2,4,3
"31307",2,11,13,11
"31308",1,4,5,4
"31309",7,51,58,56
"31310",2,6,8,7
"31311",4,20,24,22
"31312",2,3,5,3
"31313",3,3,6,4
"31314",1,1,2,1
"31315",3,19,22,19
"31316",1,3,4,3
"31317",3,3,6,3
"31318",1,9,10,9
"31319",19,6,25,23
"31320",3,4,7,6
"31321",1,5,6,5
"31322",1,2,3,2
"31323",7,4,11,10
"31324",2,2,4,2
"31325",1,1,2,1
"31326",6,28,34,33
"31327",3,35,38,35
"31328",15,14,29,28
"31329",7,4,11,8
"31330",2,5,7,5
"31331",2,6,8,6
"31332",3,2,5,3
"31333",3,3,6,4
"31334",1,10,11,10
"31335",4,16,20,18
"31336",5,5,10,5
"31337",4,36,40,36
"31338",3,4,7,5
"31339",1,1,2,1
"31340",1,1,2,1
"31341",13,13,26,13
"31342",6,9,15,13
"31343",1,1,2,1
"31344",7,20,27,21
"31345",5,5,10,9
"31346",1,7,8,7
"31347",2,3,5,3
"31348",1,3,4,3
"31349",2,5,7,5
"31350",1,1,2,1
"31351",1,13,14,13
"31352",1,16,17,16
"31353",1,8,9,8
"31354",7,1,8,7
"31355",1,11,12,11
"31356",2,11,13,12
"31357",1,2,3,2
"31358",2,9,11,10
"31359",1,42,43,42
"31360",1,1,2,1
"31361",1,9,10,9
"31362",6,32,38,36
"31363",2,1,3,2
"31364",1,3,4,3
"31365",2,10,12,11
"31366",2,9,11,10
"31367",4,8,12,9
"31368",2,6,8,7
"31369",2,23,25,23
"31370",1,20,21,20
"31371",2,14,16,14
"31372",3,22,25,23
"31373",2,4,6,4
"31374",21,6,27,21
"31375",9,5,14,13
"31376",10,17,27,23
"31377",10,5,15,14
"31378",30,14,44,43
"31379",3,35,38,37
"31380",1,1,2,1
"31381",1,2,3,2
"31382",2,18,20,19
"31383",2,15,17,15
"31384",1,2,3,2
"31385",1,18,19,18
"31386",6,25,31,28
"31387",1,1,2,1
"31388",13,66,79,74
"31389",2,2,4,3
"31390",1,2,3,2
"31391",7,3,10,8
"31392",1,10,11,10
"31393",1,19,20,19
"31394",1,1,2,1
"31395",1,3,4,3
"31396",23,1,24,23
"31397",6,5,11,10
"31398",2,20,22,20
"31399",4,1,5,4
"31400",2,6,8,7
"31401",3,44,47,45
"31402",3,4,7,6
"31403",2,11,13,12
"31404",2,30,32,30
"31405",2,16,18,16
"31406",1,17,18,17
"31407",1,25,26,25
"31408",1,1,2,1
"31409",1,12,13,12
"31410",7,9,16,15
"31411",9,7,16,15
"31412",1,3,4,3
"31413",11,10,21,20
"31414",3,51,54,51
"31415",1,1,2,1
"31416",1,10,11,10
"31417",2,14,16,14
"31418",12,14,26,23
"31419",1,2,3,2
"31420",1,1,2,1
"31421",19,41,60,55
"31422",3,10,13,12
"31423",1,6,7,6
"31424",14,34,48,47
"31425",3,2,5,3
"31426",3,2,5,3
"31427",9,20,29,27
"31428",4,4,8,7
"31429",9,4,13,10
"31430",3,6,9,8
"31431",9,18,27,24
"31432",13,17,30,28
"31433",1,13,14,13
"31434",4,10,14,11
"31435",4,10,14,11
"31436",1,8,9,8
"31437",15,4,19,18
"31438",1,1,2,1
"31439",1,2,3,2
"31440",1,2,3,2
"31441",16,16,32,16
"31442",4,6,10,8
"31443",1,8,9,8
"31444",1,14,15,14
"31445",1,4,5,4
"31446",2,18,20,19
"31447",1,10,11,10
"31448",1,47,48,47
"31449",3,24,27,24
"31450",2,1,3,2
"31451",5,25,30,28
"31452",1,1,2,1
"31453",3,1,4,3
"31454",1,7,8,7
"31455",1,4,5,4
"31456",1,2,3,2
"31457",1,16,17,16
"31458",1,24,25,24
"31459",2,26,28,27
"31460",1,2,3,2
"31461",1,16,17,16
"31462",1,8,9,8
"31463",2,2,4,3
"31464",4,30,34,30
"31465",3,9,12,9
"31466",1,13,14,13
"31467",2,1,3,2
"31468",4,14,18,16
"31469",11,6,17,15
"31470",24,8,32,26
"31471",4,1,5,4
"31472",2,8,10,8
"31473",7,11,18,17
"31474",3,3,6,5
"31475",2,1,3,2
"31476",2,2,4,2
"31477",1,2,3,2
"31478",1,1,2,1
"31479",5,32,37,34
"31480",2,32,34,33
"31481",1,2,3,2
"31482",6,8,14,10
"31483",3,14,17,14
"31484",3,23,26,23
"31485",1,6,7,6
"31486",1,4,5,4
"31487",6,28,34,32
"31488",4,1,5,4
"31489",7,6,13,12
"31490",1,3,4,3
"31491",1,1,2,1
"31492",3,8,11,8
"31493",3,30,33,31
"31494",3,1,4,3
"31495",1,1,2,1
"31496",4,36,40,36
"31497",3,3,6,5
"31498",2,10,12,10
"31499",2,5,7,6
"31500",3,12,15,14
"31501",1,2,3,2
"31502",4,3,7,5
"31503",2,32,34,32
"31504",1,29,30,29
"31505",2,3,5,4
"31506",1,1,2,1
"31507",4,1,5,4
"31508",3,22,25,24
"31509",7,20,27,21
"31510",2,5,7,6
"31511",9,1,10,9
"31512",3,1,4,3
"31513",7,26,33,31
"31514",1,46,47,46
"31515",4,1,5,4
"31516",4,7,11,10
"31517",5,18,23,21
"31518",1,1,2,1
"31519",1,12,13,12
"31520",3,14,17,14
"31521",1,2,3,2
"31522",20,7,27,25
"31523",7,2,9,7
"31524",2,1,3,2
"31525",3,1,4,3
"31526",2,5,7,6
"31527",2,5,7,5
"31528",4,1,5,4
"31529",4,2,6,5
"31530",3,5,8,5
"31531",1,17,18,17
"31532",1,8,9,8
"31533",1,2,3,2
"31534",1,2,3,2
"31535",1,42,43,42
"31536",3,12,15,12
"31537",1,2,3,2
"31538",1,1,2,1
"31539",2,4,6,4
"31540",3,20,23,21
"31541",3,1,4,3
"31542",2,4,6,4
"31543",2,15,17,16
"31544",1,5,6,5
"31545",1,23,24,23
"31546",4,9,13,9
"31547",2,2,4,2
"31548",3,2,5,4
"31549",4,2,6,5
"31550",1,2,3,2
"31551",1,6,7,6
"31552",5,14,19,14
"31553",4,1,5,4
"31554",5,26,31,30
"31555",1,4,5,4
"31556",1,2,3,2
"31557",4,16,20,19
"31558",1,2,3,2
"31559",1,2,3,2
"31560",3,1,4,3
"31561",12,5,17,15
"31562",1,1,2,1
"31563",4,1,5,4
"31564",1,1,2,1
"31565",7,2,9,8
"31566",9,176,185,180
"31567",5,1,6,5
"31568",1,19,20,19
"31569",1,7,8,7
"31570",3,9,12,11
"31571",1,10,11,10
"31572",1,1,2,1
"31573",1,8,9,8
"31574",1,4,5,4
"31575",3,23,26,24
"31576",1,24,25,24
"31577",2,1,3,2
"31578",3,1,4,3
"31579",2,8,10,9
"31580",1,6,7,6
"31581",1,1,2,1
"31582",2,29,31,30
"31583",5,4,9,8
"31584",4,7,11,7
"31585",1,3,4,3
"31586",4,17,21,19
"31587",2,1,3,2
"31588",3,32,35,33
"31589",1,1,2,1
"31590",7,24,31,30
"31591",2,5,7,6
"31592",2,9,11,9
"31593",3,6,9,8
"31594",2,32,34,32
"31595",2,6,8,7
"31596",1,1,2,1
"31597",1,17,18,17
"31598",2,2,4,3
"31599",3,10,13,10
"31600",1,21,22,21
"31601",2,25,27,26
"31602",1,13,14,13
"31603",1,4,5,4
"31604",7,8,15,12
"31605",2,23,25,23
"31606",2,1,3,2
"31607",10,11,21,17
"31608",4,19,23,20
"31609",3,3,6,5
"31610",10,11,21,20
"31611",9,2,11,9
"31612",3,26,29,27
"31613",2,8,10,8
"31614",2,2,4,3
"31615",4,4,8,6
"31616",3,3,6,4
"31617",8,1,9,8
"31618",6,3,9,7
"31619",2,1,3,2
"31620",2,8,10,8
"31621",3,5,8,6
"31622",1,1,2,1
"31623",9,32,41,39
"31624",1,6,7,6
"31625",24,3,27,26
"31626",1,7,8,7
"31627",1,81,82,81
"31628",11,25,36,33
"31629",4,11,15,14
"31630",6,25,31,29
"31631",2,8,10,9
"31632",30,53,83,82
"31633",1,8,9,8
"31634",1,2,3,2
"31635",1,1,2,1
"31636",6,15,21,15
"31637",1,4,5,4
"31638",1,9,10,9
"31639",2,3,5,3
"31640",1,2,3,2
"31641",1,1,2,1
"31642",1,1,2,1
"31643",12,23,35,33
"31644",1,7,8,7
"31645",2,11,13,12
"31646",6,13,19,15
"31647",7,1,8,7
"31648",1,6,7,6
"31649",2,2,4,2
"31650",2,3,5,3
"31651",14,18,32,30
"31652",2,14,16,14
"31653",1,1,2,1
"31654",1,176,177,176
"31655",1,1,2,1
"31656",1,17,18,17
"31657",2,10,12,11
"31658",6,4,10,7
"31659",3,1,4,3
"31660",5,3,8,5
"31661",23,15,38,37
"31662",5,8,13,11
"31663",1,3,4,3
"31664",3,35,38,36
"31665",1,22,23,22
"31666",2,20,22,20
"31667",2,17,19,18
"31668",7,5,12,9
"31669",2,3,5,3
"31670",3,2,5,4
"31671",3,2,5,3
"31672",2,6,8,6
"31673",4,29,33,29
"31674",1,3,4,3
"31675",3,4,7,4
"31676",1,2,3,2
"31677",1,1,2,1
"31678",1,1,2,1
"31679",1,3,4,3
"31680",1,1,2,1
"31681",1,17,18,17
"31682",8,7,15,13
"31683",5,5,10,7
"31684",1,4,5,4
"31685",4,8,12,9
"31686",2,4,6,4
"31687",1,6,7,6
"31688",2,19,21,19
"31689",3,8,11,8
"31690",1,1,2,1
"31691",2,7,9,8
"31692",2,5,7,6
"31693",1,4,5,4
"31694",1,2,3,2
"31695",5,2,7,6
"31696",2,3,5,3
"31697",3,1,4,3
"31698",4,2,6,5
"31699",2,25,27,26
"31700",1,9,10,9
"31701",3,13,16,15
"31702",5,26,31,29
"31703",17,21,38,37
"31704",6,2,8,6
"31705",6,9,15,14
"31706",4,7,11,9
"31707",4,7,11,9
"31708",2,4,6,5
"31709",8,3,11,9
"31710",4,1,5,4
"31711",1,10,11,10
"31712",1,6,7,6
"31713",4,15,19,18
"31714",5,11,16,14
"31715",4,10,14,11
"31716",14,9,23,20
"31717",2,1,3,2
"31718",2,3,5,3
"31719",1,4,5,4
"31720",9,9,18,9
"31721",3,3,6,5
"31722",4,17,21,20
"31723",10,5,15,14
"31724",1,1,2,1
"31725",1,3,4,3
"31726",1,10,11,10
"31727",2,19,21,19
"31728",24,17,41,40
"31729",1,4,5,4
"31730",6,15,21,20
"31731",35,1,36,35
"31732",2,13,15,13
"31733",1,3,4,3
"31734",1,3,4,3
"31735",2,10,12,10
"31736",2,27,29,28
"31737",1,10,11,10
"31738",3,2,5,4
"31739",40,40,80,40
"31740",2,2,4,2
"31741",6,22,28,25
"31742",2,3,5,3
"31743",2,8,10,8
"31744",3,1,4,3
"31745",2,1,3,2
"31746",1,10,11,10
"31747",1,1,2,1
"31748",2,5,7,6
"31749",5,4,9,6
"31750",2,17,19,17
"31751",4,11,15,12
"31752",1,5,6,5
"31753",1,3,4,3
"31754",4,1,5,4
"31755",5,10,15,14
"31756",24,8,32,26
"31757",1,2,3,2
"31758",2,2,4,2
"31759",2,14,16,15
"31760",1,2,3,2
"31761",1,10,11,10
"31762",1,12,13,12
"31763",3,16,19,18
"31764",3,1,4,3
"31765",2,1,3,2
"31766",1,2,3,2
"31767",2,11,13,11
"31768",4,19,23,21
"31769",4,1,5,4
"31770",2,11,13,11
"31771",4,52,56,54
"31772",1,3,4,3
"31773",14,14,28,27
"31774",1,2,3,2
"31775",2,4,6,4
"31776",3,4,7,6
"31777",2,2,4,3
"31778",7,3,10,9
"31779",27,21,48,46
"31780",2,1,3,2
"31781",3,5,8,7
"31782",5,5,10,5
"31783",1,1,2,1
"31784",1,6,7,6
"31785",5,5,10,9
"31786",3,3,6,5
"31787",1,6,7,6
"31788",4,21,25,21
"31789",1,3,4,3
"31790",1,5,6,5
"31791",3,6,9,8
"31792",3,6,9,7
"31793",6,19,25,24
"31794",1,3,4,3
"31795",3,5,8,7
"31796",33,5,38,37
"31797",4,3,7,6
"31798",6,4,10,9
"31799",3,11,14,11
"31800",2,81,83,81
"31801",1,1,2,1
"31802",1,10,11,10
"31803",1,6,7,6
"31804",2,2,4,3
"31805",1,4,5,4
"31806",1,10,11,10
"31807",2,6,8,6
"31808",1,4,5,4
"31809",1,6,7,6
"31810",1,14,15,14
"31811",1,14,15,14
"31812",1,4,5,4
"31813",3,2,5,4
"31814",5,6,11,6
"31815",1,24,25,24
"31816",8,35,43,38
"31817",1,6,7,6
"31818",13,3,16,15
"31819",5,7,12,10
"31820",45,32,77,76
"31821",6,27,33,30
"31822",6,27,33,30
"31823",5,3,8,7
"31824",1,1,2,1
"31825",1,22,23,22
"31826",2,23,25,24
"31827",2,32,34,32
"31828",2,8,10,9
"31829",1,34,35,34
"31830",2,2,4,3
"31831",1,7,8,7
"31832",2,7,9,7
"31833",1,4,5,4
"31834",5,5,10,9
"31835",2,24,26,25
"31836",1,11,12,11
"31837",5,11,16,11
"31838",2,6,8,7
"31839",1,2,3,2
"31840",1,1,2,1
"31841",20,32,52,51
"31842",1,8,9,8
"31843",5,8,13,12
"31844",1,1,2,1
"31845",8,10,18,15
"31846",1,10,11,10
"31847",24,29,53,50
"31848",2,19,21,20
"31849",2,2,4,3
"31850",2,4,6,4
"31851",1,1,2,1
"31852",3,1,4,3
"31853",1,19,20,19
"31854",16,14,30,26
"31855",1,3,4,3
"31856",1,4,5,4
"31857",1,13,14,13
"31858",5,19,24,20
"31859",2,17,19,17
"31860",1,3,4,3
"31861",4,4,8,7
"31862",2,3,5,3
"31863",1,1,2,1
"31864",1,1,2,1
"31865",41,19,60,55
"31866",1,8,9,8
"31867",2,29,31,29
"31868",2,3,5,3
"31869",1,4,5,4
"31870",1,5,6,5
"31871",6,3,9,8
"31872",7,2,9,8
"31873",2,53,55,53
"31874",1,10,11,10
"31875",1,2,3,2
"31876",1,1,2,1
"31877",2,3,5,4
"31878",2,2,4,3
"31879",2,13,15,13
"31880",1,1,2,1
"31881",22,22,44,22
"31882",1,15,16,15
"31883",1,5,6,5
"31884",1,15,16,15
"31885",3,14,17,16
"31886",5,12,17,15
"31887",2,1,3,2
"31888",3,3,6,5
"31889",23,14,37,36
"31890",3,2,5,3
"31891",3,26,29,27
"31892",5,32,37,32
"31893",1,14,15,14
"31894",2,15,17,16
"31895",1,4,5,4
"31896",1,2,3,2
"31897",8,10,18,10
"31898",1,3,4,3
"31899",1,2,3,2
"31900",2,5,7,6
"31901",13,2,15,14
"31902",1,2,3,2
"31903",7,2,9,8
"31904",7,4,11,9
"31905",2,17,19,18
"31906",1,5,6,5
"31907",1,6,7,6
"31908",9,26,35,32
"31909",1,2,3,2
"31910",2,7,9,8
"31911",1,16,17,16
"31912",1,7,8,7
"31913",1,1,2,1
"31914",1,6,7,6
"31915",2,1,3,2
"31916",2,4,6,5
"31917",2,25,27,26
"31918",3,2,5,4
"31919",1,21,22,21
"31920",2,31,33,31
"31921",2,14,16,14
"31922",13,40,53,52
"31923",5,1,6,5
"31924",2,11,13,12
"31925",1,2,3,2
"31926",8,24,32,30
"31927",2,6,8,7
"31928",1,3,4,3
"31929",1,19,20,19
"31930",1,6,7,6
"31931",1,9,10,9
"31932",18,8,26,25
"31933",1,1,2,1
"31934",1,1,2,1
"31935",2,12,14,12
"31936",3,5,8,7
"31937",4,4,8,4
"31938",2,4,6,5
"31939",1,16,17,16
"31940",1,2,3,2
"31941",1,1,2,1
"31942",1,6,7,6
"31943",1,13,14,13
"31944",3,21,24,23
"31945",1,2,3,2
"31946",6,24,30,28
"31947",1,3,4,3
"31948",4,25,29,25
"31949",8,19,27,26
"31950",1,10,11,10
"31951",24,23,47,46
"31952",5,5,10,5
"31953",2,6,8,6
"31954",2,4,6,5
"31955",1,6,7,6
"31956",3,1,4,3
"31957",1,7,8,7
"31958",13,13,26,13
"31959",9,29,38,35
"31960",1,6,7,6
"31961",2,30,32,30
"31962",4,7,11,7
"31963",2,38,40,38
"31964",1,2,3,2
"31965",2,2,4,3
"31966",1,2,3,2
"31967",1,1,2,1
"31968",1,1,2,1
"31969",5,3,8,7
"31970",1,1,2,1
"31971",1,9,10,9
"31972",1,3,4,3
"31973",4,10,14,12
"31974",3,11,14,13
"31975",3,5,8,7
"31976",2,5,7,5
"31977",1,1,2,1
"31978",6,1,7,6
"31979",1,2,3,2
"31980",1,20,21,20
"31981",1,34,35,34
"31982",2,9,11,9
"31983",1,2,3,2
"31984",1,11,12,11
"31985",2,6,8,6
"31986",2,30,32,30
"31987",15,1,16,15
"31988",3,2,5,3
"31989",14,32,46,42
"31990",5,8,13,12
"31991",3,6,9,7
"31992",1,1,2,1
"31993",57,3,60,59
"31994",2,3,5,4
"31995",2,26,28,27
"31996",4,6,10,8
"31997",10,23,33,30
"31998",1,3,4,3
"31999",8,24,32,31
"32000",1,7,8,7
"32001",24,7,31,29
"32002",2,22,24,22
"32003",3,28,31,29
"32004",3,7,10,7
"32005",2,12,14,12
"32006",2,8,10,8
"32007",2,12,14,12
"32008",3,8,11,9
"32009",7,12,19,18
"32010",1,3,4,3
"32011",1,1,2,1
"32012",5,5,10,5
"32013",1,5,6,5
"32014",1,1,2,1
"32015",6,9,15,14
"32016",1,4,5,4
"32017",1,4,5,4
"32018",3,25,28,26
"32019",1,1,2,1
"32020",1,3,4,3
"32021",1,4,5,4
"32022",1,25,26,25
"32023",5,1,6,5
"32024",1,2,3,2
"32025",1,2,3,2
"32026",1,2,3,2
"32027",3,3,6,4
"32028",1,3,4,3
"32029",4,23,27,25
"32030",1,13,14,13
"32031",3,5,8,7
"32032",2,2,4,3
"32033",1,5,6,5
"32034",1,12,13,12
"32035",1,43,44,43
"32036",2,1,3,2
"32037",2,1,3,2
"32038",2,11,13,11
"32039",7,2,9,7
"32040",9,3,12,9
"32041",6,3,9,8
"32042",2,2,4,3
"32043",1,23,24,23
"32044",3,34,37,36
"32045",2,8,10,9
"32046",3,1,4,3
"32047",8,1,9,8
"32048",1,10,11,10
"32049",1,1,2,1
"32050",40,2,42,40
"32051",1,14,15,14
"32052",1,8,9,8
"32053",4,1,5,4
"32054",4,1,5,4
"32055",22,32,54,52
"32056",1,81,82,81
"32057",3,2,5,4
"32058",5,11,16,15
"32059",2,2,4,2
"32060",40,13,53,49
"32061",1,17,18,17
"32062",2,10,12,10
"32063",7,11,18,16
"32064",3,27,30,28
"32065",10,38,48,42
"32066",1,22,23,22
"32067",3,21,24,23
"32068",2,10,12,10
"32069",1,1,2,1
"32070",2,1,3,2
"32071",1,2,3,2
"32072",3,5,8,5
"32073",24,2,26,24
"32074",3,4,7,5
"32075",30,16,46,39
"32076",1,2,3,2
"32077",5,5,10,8
"32078",1,8,9,8
"32079",3,2,5,4
"32080",1,1,2,1
"32081",1,5,6,5
"32082",1,3,4,3
"32083",1,1,2,1
"32084",3,11,14,12
"32085",6,1,7,6
"32086",3,1,4,3
"32087",1,4,5,4
"32088",2,15,17,15
"32089",2,32,34,32
"32090",7,8,15,13
"32091",1,11,12,11
"32092",2,8,10,9
"32093",1,8,9,8
"32094",3,2,5,3
"32095",6,9,15,14
"32096",14,3,17,15
"32097",1,81,82,81
"32098",2,9,11,9
"32099",6,2,8,7
"32100",1,5,6,5
"32101",3,16,19,17
"32102",1,12,13,12
"32103",3,20,23,22
"32104",3,4,7,5
"32105",3,14,17,16
"32106",10,1,11,10
"32107",8,4,12,10
"32108",3,10,13,12
"32109",2,2,4,3
"32110",3,10,13,11
"32111",1,1,2,1
"32112",16,1,17,16
"32113",1,1,2,1
"32114",1,3,4,3
"32115",1,3,4,3
"32116",4,10,14,10
"32117",4,5,9,7
"32118",5,1,6,5
"32119",1,3,4,3
"32120",1,11,12,11
"32121",8,27,35,33
"32122",10,4,14,13
"32123",2,1,3,2
"32124",6,25,31,28
"32125",6,4,10,9
"32126",4,10,14,13
"32127",2,6,8,7
"32128",1,17,18,17
"32129",2,1,3,2
"32130",3,47,50,48
"32131",8,1,9,8
"32132",2,3,5,4
"32133",6,9,15,13
"32134",1,13,14,13
"32135",1,7,8,7
"32136",3,14,17,15
"32137",3,20,23,21
"32138",3,13,16,15
"32139",3,1,4,3
"32140",2,13,15,13
"32141",2,3,5,4
"32142",11,8,19,18
"32143",4,5,9,8
"32144",29,16,45,44
"32145",2,17,19,18
"32146",15,11,26,23
"32147",3,3,6,3
"32148",1,2,3,2
"32149",1,4,5,4
"32150",2,32,34,32
"32151",2,39,41,40
"32152",8,6,14,10
"32153",9,32,41,39
"32154",6,3,9,7
"32155",4,9,13,11
"32156",1,3,4,3
"32157",1,8,9,8
"32158",1,8,9,8
"32159",1,2,3,2
"32160",1,6,7,6
"32161",1,16,17,16
"32162",6,29,35,32
"32163",4,3,7,4
"32164",1,1,2,1
"32165",1,5,6,5
"32166",1,13,14,13
"32167",1,23,24,23
"32168",2,7,9,7
"32169",5,1,6,5
"32170",4,2,6,5
"32171",1,1,2,1
"32172",1,11,12,11
"32173",3,3,6,4
"32174",7,4,11,10
"32175",4,10,14,13
"32176",1,5,6,5
"32177",2,4,6,4
"32178",2,27,29,27
"32179",1,31,32,31
"32180",8,4,12,11
"32181",3,30,33,30
"32182",3,24,27,25
"32183",3,8,11,9
"32184",3,16,19,18
"32185",7,25,32,28
"32186",1,7,8,7
"32187",4,5,9,8
"32188",3,3,6,4
"32189",2,3,5,3
"32190",4,11,15,13
"32191",1,1,2,1
"32192",1,1,2,1
"32193",1,1,2,1
"32194",1,13,14,13
"32195",3,2,5,4
"32196",1,8,9,8
"32197",6,5,11,10
"32198",3,40,43,41
"32199",17,17,34,33
"32200",1,4,5,4
"32201",2,5,7,6
"32202",5,18,23,21
"32203",10,1,11,10
"32204",6,6,12,6
"32205",2,1,3,2
"32206",3,1,4,3
"32207",2,2,4,3
"32208",10,10,20,10
"32209",11,45,56,54
"32210",2,6,8,6
"32211",6,1,7,6
"32212",7,22,29,28
"32213",2,1,3,2
"32214",2,13,15,13
"32215",2,8,10,9
"32216",2,29,31,29
"32217",1,2,3,2
"32218",9,15,24,22
"32219",2,11,13,11
"32220",2,6,8,7
"32221",3,66,69,67
"32222",2,6,8,6
"32223",1,3,4,3
"32224",1,4,5,4
"32225",14,13,27,22
"32226",3,2,5,4
"32227",19,1,20,19
"32228",22,11,33,32
"32229",2,1,3,2
"32230",3,1,4,3
"32231",5,5,10,8
"32232",2,2,4,3
"32233",2,5,7,6
"32234",1,29,30,29
"32235",2,4,6,5
"32236",4,8,12,11
"32237",1,5,6,5
"32238",2,7,9,7
"32239",5,12,17,15
"32240",2,17,19,18
"32241",4,7,11,9
"32242",3,22,25,24
"32243",1,6,7,6
"32244",5,1,6,5
"32245",2,4,6,4
"32246",9,4,13,11
"32247",1,4,5,4
"32248",3,1,4,3
"32249",8,8,16,8
"32250",3,14,17,14
"32251",17,17,34,17
"32252",1,2,3,2
"32253",1,4,5,4
"32254",8,5,13,10
"32255",4,15,19,18
"32256",2,7,9,8
"32257",1,2,3,2
"32258",1,5,6,5
"32259",23,30,53,50
"32260",6,8,14,13
"32261",3,10,13,10
"32262",2,25,27,25
"32263",1,1,2,1
"32264",5,1,6,5
"32265",3,3,6,5
"32266",2,15,17,16
"32267",1,7,8,7
"32268",3,3,6,5
"32269",1,20,21,20
"32270",1,25,26,25
"32271",1,6,7,6
"32272",1,2,3,2
"32273",2,5,7,6
"32274",5,12,17,13
"32275",2,12,14,12
"32276",1,6,7,6
"32277",3,10,13,12
"32278",3,10,13,11
"32279",3,1,4,3
"32280",1,7,8,7
"32281",40,5,45,44
"32282",10,28,38,31
"32283",1,1,2,1
"32284",14,1,15,14
"32285",1,2,3,2
"32286",4,7,11,7
"32287",1,1,2,1
"32288",3,19,22,21
"32289",3,5,8,6
"32290",2,1,3,2
"32291",1,1,2,1
"32292",1,38,39,38
"32293",8,6,14,10
"32294",8,10,18,15
"32295",1,4,5,4
"32296",2,2,4,2
"32297",1,17,18,17
"32298",4,10,14,12
"32299",11,30,41,40
"32300",4,2,6,4
"32301",8,2,10,9
"32302",1,5,6,5
"32303",2,11,13,12
"32304",1,7,8,7
"32305",1,3,4,3
"32306",1,8,9,8
"32307",4,25,29,28
"32308",2,16,18,16
"32309",4,6,10,8
"32310",2,5,7,6
"32311",3,3,6,3
"32312",3,2,5,4
"32313",4,22,26,25
"32314",3,11,14,11
"32315",1,3,4,3
"32316",1,1,2,1
"32317",1,5,6,5
"32318",2,9,11,9
"32319",2,21,23,22
"32320",1,15,16,15
"32321",3,2,5,4
"32322",1,31,32,31
"32323",13,1,14,13
"32324",1,1,2,1
"32325",1,2,3,2
"32326",2,1,3,2
"32327",9,14,23,22
"32328",7,30,37,36
"32329",1,7,8,7
"32330",12,5,17,15
"32331",7,1,8,7
"32332",1,1,2,1
"32333",2,5,7,6
"32334",1,1,2,1
"32335",1,14,15,14
"32336",13,13,26,24
"32337",9,22,31,28
"32338",7,2,9,7
"32339",3,34,37,36
"32340",1,9,10,9
"32341",2,2,4,2
"32342",5,6,11,9
"32343",5,3,8,6
"32344",1,5,6,5
"32345",1,6,7,6
"32346",5,2,7,6
"32347",8,44,52,49
"32348",2,8,10,9
"32349",2,3,5,4
"32350",1,1,2,1
"32351",30,8,38,37
"32352",1,13,14,13
"32353",1,1,2,1
"32354",2,13,15,13
"32355",1,4,5,4
"32356",1,1,2,1
"32357",1,4,5,4
"32358",1,1,2,1
"32359",4,5,9,8
"32360",10,29,39,35
"32361",4,28,32,30
"32362",4,28,32,30
"32363",9,16,25,23
"32364",1,16,17,16
"32365",2,2,4,3
"32366",1,1,2,1
"32367",1,5,6,5
"32368",1,1,2,1
"32369",7,2,9,8
"32370",1,1,2,1
"32371",3,2,5,4
"32372",2,1,3,2
"32373",19,30,49,48
"32374",1,81,82,81
"32375",17,2,19,18
"32376",1,1,2,1
"32377",1,1,2,1
"32378",18,27,45,41
"32379",8,35,43,38
"32380",7,21,28,25
"32381",1,1,2,1
"32382",2,34,36,35
"32383",9,3,12,10
"32384",2,5,7,5
"32385",1,4,5,4
"32386",1,2,3,2
"32387",1,5,6,5
"32388",2,8,10,8
"32389",3,1,4,3
"32390",4,15,19,18
"32391",2,19,21,20
"32392",7,66,73,69
"32393",19,1,20,19
"32394",1,11,12,11
"32395",2,2,4,3
"32396",1,1,2,1
"32397",3,3,6,3
"32398",3,2,5,4
"32399",5,5,10,6
"32400",5,1,6,5
"32401",1,1,2,1
"32402",2,5,7,5
"32403",1,10,11,10
"32404",2,10,12,11
"32405",3,10,13,12
"32406",3,36,39,36
"32407",1,8,9,8
"32408",1,3,4,3
"32409",3,6,9,7
"32410",1,1,2,1
"32411",2,22,24,22
"32412",3,10,13,10
"32413",9,1,10,9
"32414",7,10,17,16
"32415",5,32,37,36
"32416",11,1,12,11
"32417",17,27,44,41
"32418",1,1,2,1
"32419",1,35,36,35
"32420",4,20,24,21
"32421",13,7,20,17
"32422",5,4,9,8
"32423",3,2,5,4
"32424",2,11,13,12
"32425",5,3,8,7
"32426",4,10,14,11
"32427",21,6,27,26
"32428",2,17,19,18
"32429",1,1,2,1
"32430",9,3,12,11
"32431",10,1,11,10
"32432",1,9,10,9
"32433",4,26,30,27
"32434",2,3,5,4
"32435",1,2,3,2
"32436",5,1,6,5
"32437",6,2,8,7
"32438",6,8,14,10
"32439",8,10,18,16
"32440",1,11,12,11
"32441",3,5,8,7
"32442",1,1,2,1
"32443",3,4,7,6
"32444",2,7,9,7
"32445",1,2,3,2
"32446",6,3,9,8
"32447",6,8,14,12
"32448",6,8,14,12
"32449",3,8,11,10
"32450",2,6,8,7
"32451",4,29,33,32
"32452",5,2,7,6
"32453",3,4,7,5
"32454",2,6,8,7
"32455",2,1,3,2
"32456",2,2,4,2
"32457",1,1,2,1
"32458",1,4,5,4
"32459",1,2,3,2
"32460",3,38,41,40
"32461",12,2,14,13
"32462",3,15,18,17
"32463",3,3,6,5
"32464",1,7,8,7
"32465",11,14,25,24
"32466",3,5,8,7
"32467",8,2,10,8
"32468",3,27,30,29
"32469",2,7,9,7
"32470",3,6,9,7
"32471",11,6,17,14
"32472",1,3,4,3
"32473",1,25,26,25
"32474",1,1,2,1
"32475",3,9,12,11
"32476",1,1,2,1
"32477",2,2,4,2
"32478",1,2,3,2
"32479",2,2,4,2
"32480",4,12,16,13
"32481",5,17,22,20
"32482",2,5,7,6
"32483",12,3,15,14
"32484",1,16,17,16
"32485",1,1,2,1
"32486",2,4,6,4
"32487",2,3,5,3
"32488",2,6,8,6
"32489",2,2,4,2
"32490",3,1,4,3
"32491",1,5,6,5
"32492",1,23,24,23
"32493",11,6,17,16
"32494",9,5,14,11
"32495",2,34,36,34
"32496",1,2,3,2
"32497",7,9,16,14
"32498",6,45,51,50
"32499",1,14,15,14
"32500",2,18,20,18
"32501",1,5,6,5
"32502",6,13,19,15
"32503",1,3,4,3
"32504",1,1,2,1
"32505",21,5,26,21
"32506",1,38,39,38
"32507",1,2,3,2
"32508",1,1,2,1
"32509",2,12,14,12
"32510",2,1,3,2
"32511",1,1,2,1
"32512",1,3,4,3
"32513",2,9,11,9
"32514",6,16,22,21
"32515",1,13,14,13
"32516",3,16,19,16
"32517",2,2,4,3
"32518",1,1,2,1
"32519",4,16,20,19
"32520",1,11,12,11
"32521",2,17,19,17
"32522",4,15,19,17
"32523",3,7,10,8
"32524",1,2,3,2
"32525",1,26,27,26
"32526",9,3,12,11
"32527",2,3,5,4
"32528",1,1,2,1
"32529",4,3,7,5
"32530",1,21,22,21
"32531",3,1,4,3
"32532",2,14,16,15
"32533",2,43,45,43
"32534",2,23,25,23
"32535",2,1,3,2
"32536",1,11,12,11
"32537",10,1,11,10
"32538",2,20,22,21
"32539",1,5,6,5
"32540",12,31,43,42
"32541",1,34,35,34
"32542",1,4,5,4
"32543",2,1,3,2
"32544",1,3,4,3
"32545",2,6,8,6
"32546",3,26,29,27
"32547",2,26,28,26
"32548",4,12,16,14
"32549",1,1,2,1
"32550",1,4,5,4
"32551",30,16,46,39
"32552",6,9,15,13
"32553",1,2,3,2
"32554",3,1,4,3
"32555",3,19,22,20
"32556",1,1,2,1
"32557",5,2,7,6
"32558",3,22,25,22
"32559",26,6,32,31
"32560",1,1,2,1
"32561",3,15,18,17
"32562",1,31,32,31
"32563",6,1,7,6
"32564",4,20,24,20
"32565",2,11,13,11
"32566",6,5,11,10
"32567",13,9,22,19
"32568",1,6,7,6
"32569",9,176,185,180
"32570",1,25,26,25
"32571",1,14,15,14
"32572",1,1,2,1
"32573",1,26,27,26
"32574",3,5,8,5
"32575",1,6,7,6
"32576",2,3,5,3
"32577",4,17,21,20
"32578",8,10,18,15
"32579",3,23,26,23
"32580",3,5,8,5
"32581",1,7,8,7
"32582",11,2,13,12
"32583",1,5,6,5
"32584",1,25,26,25
"32585",2,8,10,8
"32586",1,1,2,1
"32587",1,5,6,5
"32588",1,12,13,12
"32589",1,5,6,5
"32590",4,26,30,27
"32591",1,2,3,2
"32592",14,3,17,15
"32593",2,32,34,32
"32594",10,10,20,10
"32595",15,32,47,44
"32596",10,10,20,19
"32597",1,5,6,5
"32598",1,10,11,10
"32599",2,15,17,15
"32600",6,7,13,10
"32601",13,4,17,14
"32602",8,2,10,9
"32603",2,1,3,2
"32604",2,17,19,18
"32605",1,1,2,1
"32606",1,5,6,5
"32607",1,2,3,2
"32608",6,2,8,6
"32609",2,2,4,2
"32610",2,5,7,5
"32611",2,10,12,10
"32612",1,1,2,1
"32613",1,2,3,2
"32614",1,5,6,5
"32615",1,26,27,26
"32616",2,14,16,15
"32617",3,3,6,5
"32618",1,22,23,22
"32619",24,22,46,44
"32620",1,1,2,1
"32621",8,28,36,35
"32622",2,1,3,2
"32623",2,1,3,2
"32624",1,2,3,2
"32625",5,6,11,9
"32626",2,20,22,21
"32627",10,32,42,40
"32628",1,8,9,8
"32629",1,5,6,5
"32630",1,4,5,4
"32631",1,10,11,10
"32632",5,47,52,51
"32633",3,1,4,3
"32634",4,31,35,33
"32635",1,7,8,7
"32636",4,6,10,8
"32637",2,22,24,22
"32638",1,1,2,1
"32639",3,3,6,4
"32640",5,7,12,10
"32641",1,20,21,20
"32642",2,20,22,21
"32643",9,5,14,11
"32644",2,6,8,7
"32645",1,25,26,25
"32646",1,3,4,3
"32647",9,19,28,26
"32648",2,4,6,5
"32649",6,1,7,6
"32650",2,9,11,10
"32651",2,6,8,6
"32652",1,5,6,5
"32653",2,15,17,16
"32654",28,14,42,41
"32655",1,14,15,14
"32656",1,3,4,3
"32657",1,32,33,32
"32658",12,32,44,43
"32659",1,29,30,29
"32660",16,16,32,16
"32661",1,9,10,9
"32662",3,24,27,25
"32663",2,1,3,2
"32664",3,44,47,46
"32665",21,1,22,21
"32666",2,4,6,4
"32667",11,21,32,31
"32668",7,9,16,14
"32669",1,1,2,1
"32670",1,34,35,34
"32671",1,9,10,9
"32672",4,45,49,48
"32673",3,7,10,9
"32674",1,3,4,3
"32675",2,3,5,3
"32676",2,2,4,3
"32677",3,1,4,3
"32678",1,30,31,30
"32679",7,15,22,21
"32680",2,1,3,2
"32681",2,19,21,19
"32682",1,14,15,14
"32683",1,5,6,5
"32684",4,7,11,8
"32685",1,14,15,14
"32686",2,1,3,2
"32687",1,5,6,5
"32688",6,17,23,20
"32689",12,32,44,43
"32690",1,3,4,3
"32691",2,5,7,5
"32692",1,11,12,11
"32693",3,9,12,9
"32694",7,27,34,33
"32695",17,6,23,20
"32696",9,19,28,26
"32697",2,6,8,6
"32698",7,3,10,9
"32699",1,22,23,22
"32700",3,29,32,31
"32701",8,1,9,8
"32702",1,4,5,4
"32703",1,9,10,9
"32704",5,3,8,7
"32705",4,4,8,4
"32706",1,19,20,19
"32707",2,27,29,27
"32708",2,9,11,10
"32709",7,1,8,7
"32710",1,1,2,1
"32711",1,18,19,18
"32712",1,2,3,2
"32713",3,23,26,25
"32714",6,9,15,14
"32715",1,5,6,5
"32716",1,4,5,4
"32717",2,3,5,3
"32718",2,8,10,9
"32719",1,8,9,8
"32720",2,1,3,2
"32721",2,1,3,2
"32722",1,2,3,2
"32723",3,35,38,36
"32724",8,1,9,8
"32725",14,3,17,16
"32726",21,32,53,50
"32727",14,14,28,14
"32728",1,1,2,1
"32729",6,17,23,22
"32730",3,36,39,36
"32731",3,4,7,6
"32732",1,9,10,9
"32733",4,1,5,4
"32734",1,10,11,10
"32735",2,8,10,9
"32736",4,5,9,7
"32737",1,9,10,9
"32738",3,1,4,3
"32739",1,5,6,5
"32740",2,27,29,27
"32741",4,29,33,32
"32742",1,4,5,4
"32743",2,3,5,4
"32744",2,9,11,10
"32745",1,8,9,8
"32746",1,3,4,3
"32747",2,5,7,5
"32748",2,7,9,8
"32749",3,30,33,30
"32750",2,5,7,5
"32751",3,22,25,23
"32752",1,10,11,10
"32753",1,9,10,9
"32754",11,1,12,11
"32755",4,32,36,35
"32756",8,14,22,21
"32757",2,15,17,16
"32758",24,10,34,33
"32759",1,2,3,2
"32760",2,13,15,13
"32761",2,5,7,5
"32762",1,1,2,1
"32763",1,6,7,6
"32764",4,8,12,11
"32765",4,7,11,10
"32766",3,13,16,15
"32767",1,4,5,4
"32768",8,10,18,10
"32769",8,10,18,10
"32770",1,1,2,1
"32771",4,18,22,21
"32772",2,7,9,8
"32773",3,4,7,6
"32774",2,1,3,2
"32775",3,12,15,12
"32776",1,2,3,2
"32777",1,18,19,18
"32778",7,17,24,22
"32779",3,1,4,3
"32780",2,1,3,2
"32781",1,26,27,26
"32782",2,5,7,6
"32783",3,51,54,51
"32784",2,15,17,16
"32785",1,14,15,14
"32786",4,3,7,5
"32787",1,1,2,1
"32788",1,2,3,2
"32789",11,3,14,12
"32790",1,2,3,2
"32791",13,32,45,44
"32792",3,13,16,15
"32793",3,15,18,17
"32794",6,7,13,10
"32795",1,10,11,10
"32796",1,1,2,1
"32797",10,20,30,28
"32798",11,22,33,31
"32799",6,7,13,12
"32800",2,2,4,3
"32801",1,10,11,10
"32802",1,13,14,13
"32803",1,6,7,6
"32804",2,16,18,16
"32805",4,15,19,17
"32806",4,12,16,15
"32807",5,8,13,12
"32808",3,3,6,3
"32809",1,1,2,1
"32810",2,18,20,19
"32811",1,5,6,5
"32812",4,5,9,7
"32813",1,10,11,10
"32814",2,5,7,5
"32815",14,19,33,29
"32816",1,1,2,1
"32817",1,5,6,5
"32818",1,6,7,6
"32819",1,12,13,12
"32820",3,2,5,3
"32821",1,6,7,6
"32822",4,3,7,5
"32823",1,1,2,1
"32824",1,9,10,9
"32825",1,2,3,2
"32826",1,1,2,1
"32827",2,7,9,8
"32828",12,1,13,12
"32829",40,7,47,46
"32830",10,81,91,90
"32831",2,7,9,7
"32832",3,2,5,3
"32833",1,2,3,2
"32834",1,5,6,5
"32835",1,6,7,6
"32836",1,10,11,10
"32837",7,40,47,44
"32838",5,19,24,20
"32839",2,6,8,6
"32840",5,16,21,20
"32841",8,24,32,30
"32842",3,27,30,27
"32843",3,6,9,7
"32844",1,2,3,2
"32845",2,4,6,4
"32846",3,14,17,14
"32847",5,32,37,32
"32848",1,1,2,1
"32849",1,6,7,6
"32850",7,6,13,10
"32851",1,11,12,11
"32852",1,4,5,4
"32853",2,4,6,4
"32854",5,2,7,6
"32855",2,10,12,10
"32856",2,9,11,9
"32857",3,51,54,51
"32858",3,2,5,3
"32859",3,19,22,20
"32860",11,22,33,32
"32861",2,21,23,21
"32862",1,2,3,2
"32863",1,1,2,1
"32864",1,32,33,32
"32865",6,26,32,28
"32866",10,2,12,11
"32867",32,32,64,32
"32868",2,2,4,3
"32869",13,13,26,13
"32870",21,14,35,34
"32871",4,9,13,12
"32872",1,11,12,11
"32873",3,5,8,7
"32874",1,4,5,4
"32875",13,12,25,24
"32876",7,1,8,7
"32877",2,5,7,5
"32878",4,1,5,4
"32879",18,25,43,40
"32880",5,5,10,7
"32881",5,16,21,19
"32882",2,1,3,2
"32883",3,7,10,8
"32884",1,2,3,2
"32885",6,17,23,22
"32886",2,19,21,20
"32887",1,3,4,3
"32888",3,3,6,4
"32889",1,1,2,1
"32890",2,4,6,4
"32891",1,9,10,9
"32892",3,8,11,10
"32893",3,4,7,5
"32894",1,1,2,1
"32895",1,7,8,7
"32896",1,21,22,21
"32897",24,1,25,24
"32898",3,11,14,11
"32899",2,14,16,14
"32900",5,9,14,12
"32901",3,11,14,13
"32902",4,25,29,27
"32903",3,1,4,3
"32904",3,2,5,4
"32905",18,27,45,41
"32906",4,1,5,4
"32907",3,6,9,6
"32908",3,3,6,5
"32909",1,3,4,3
"32910",22,3,25,24
"32911",1,1,2,1
"32912",1,3,4,3
"32913",1,1,2,1
"32914",4,4,8,4
"32915",13,12,25,23
"32916",3,2,5,4
"32917",3,47,50,48
"32918",1,8,9,8
"32919",3,4,7,5
"32920",1,11,12,11
"32921",1,8,9,8
"32922",1,2,3,2
"32923",3,26,29,27
"32924",1,12,13,12
"32925",1,1,2,1
"32926",23,42,65,64
"32927",2,4,6,4
"32928",1,6,7,6
"32929",1,5,6,5
"32930",2,3,5,3
"32931",2,3,5,3
"32932",20,5,25,24
"32933",1,1,2,1
"32934",15,32,47,46
"32935",14,33,47,45
"32936",1,3,4,3
"32937",1,19,20,19
"32938",19,6,25,23
"32939",3,1,4,3
"32940",1,3,4,3
"32941",7,1,8,7
"32942",9,2,11,10
"32943",1,13,14,13
"32944",1,1,2,1
"32945",2,3,5,3
"32946",3,29,32,31
"32947",1,5,6,5
"32948",8,15,23,21
"32949",1,19,20,19
"32950",3,8,11,10
"32951",1,5,6,5
"32952",2,8,10,8
"32953",3,6,9,7
"32954",2,1,3,2
"32955",1,19,20,19
"32956",3,8,11,9
"32957",1,10,11,10
"32958",1,4,5,4
"32959",21,13,34,33
"32960",14,3,17,15
"32961",5,14,19,17
"32962",1,4,5,4
"32963",1,1,2,1
"32964",1,2,3,2
"32965",1,1,2,1
"32966",1,1,2,1
"32967",1,17,18,17
"32968",1,18,19,18
"32969",3,1,4,3
"32970",1,1,2,1
"32971",5,1,6,5
"32972",6,7,13,12
"32973",9,3,12,11
"32974",3,1,4,3
"32975",1,6,7,6
"32976",1,13,14,13
"32977",2,3,5,4
"32978",3,1,4,3
"32979",1,10,11,10
"32980",10,17,27,24
"32981",4,8,12,11
"32982",1,1,2,1
"32983",1,27,28,27
"32984",2,6,8,6
"32985",1,1,2,1
"32986",1,13,14,13
"32987",2,6,8,7
"32988",3,3,6,5
"32989",1,1,2,1
"32990",2,14,16,14
"32991",4,16,20,16
"32992",2,8,10,8
"32993",5,1,6,5
"32994",3,4,7,6
"32995",2,10,12,10
"32996",2,7,9,8
"32997",15,2,17,16
"32998",1,2,3,2
"32999",1,10,11,10
"33000",3,8,11,8
"33001",2,10,12,11
"33002",2,7,9,7
"33003",1,4,5,4
"33004",1,8,9,8
"33005",15,2,17,16
"33006",7,5,12,11
"33007",1,21,22,21
"33008",6,1,7,6
"33009",2,5,7,6
"33010",3,9,12,10
"33011",1,19,20,19
"33012",25,1,26,25
"33013",7,18,25,23
"33014",1,16,17,16
"33015",3,3,6,5
"33016",6,1,7,6
"33017",1,5,6,5
"33018",5,9,14,13
"33019",10,28,38,37
"33020",9,2,11,10
"33021",1,10,11,10
"33022",2,11,13,11
"33023",5,15,20,18
"33024",18,25,43,40
"33025",2,2,4,3
"33026",2,29,31,29
"33027",4,8,12,9
"33028",1,8,9,8
"33029",1,3,4,3
"33030",7,66,73,69
"33031",2,4,6,4
"33032",3,20,23,21
"33033",1,2,3,2
"33034",2,5,7,6
"33035",3,15,18,17
"33036",2,12,14,13
"33037",3,13,16,15
"33038",1,2,3,2
"33039",1,10,11,10
"33040",2,8,10,9
"33041",23,5,28,27
"33042",1,2,3,2
"33043",2,3,5,4
"33044",4,41,45,42
"33045",1,27,28,27
"33046",1,28,29,28
"33047",1,2,3,2
"33048",7,7,14,7
"33049",1,1,2,1
"33050",1,8,9,8
"33051",1,5,6,5
"33052",5,14,19,18
"33053",2,3,5,4
"33054",4,10,14,12
"33055",1,5,6,5
"33056",1,18,19,18
"33057",1,6,7,6
"33058",1,1,2,1
"33059",1,22,23,22
"33060",2,6,8,6
"33061",1,1,2,1
"33062",2,22,24,22
"33063",1,11,12,11
"33064",1,2,3,2
"33065",3,10,13,10
"33066",2,26,28,27
"33067",13,66,79,74
"33068",1,22,23,22
"33069",1,1,2,1
"33070",1,1,2,1
"33071",3,5,8,5
"33072",4,5,9,8
"33073",10,5,15,14
"33074",6,2,8,7
"33075",1,2,3,2
"33076",15,9,24,23
"33077",3,4,7,6
"33078",4,13,17,16
"33079",5,1,6,5
"33080",2,3,5,4
"33081",1,2,3,2
"33082",1,9,10,9
"33083",2,5,7,5
"33084",2,3,5,4
"33085",9,39,48,42
"33086",9,39,48,42
"33087",1,1,2,1
"33088",2,38,40,39
"33089",7,1,8,7
"33090",11,25,36,33
"33091",11,25,36,33
"33092",6,27,33,30
"33093",2,21,23,22
"33094",1,2,3,2
"33095",4,11,15,14
"33096",34,24,58,57
"33097",2,25,27,26
"33098",3,1,4,3
"33099",5,4,9,8
"33100",1,26,27,26
"33101",1,1,2,1
"33102",1,2,3,2
"33103",1,1,2,1
"33104",1,13,14,13
"33105",3,3,6,4
"33106",3,3,6,5
"33107",7,19,26,21
"33108",2,26,28,26
"33109",5,6,11,6
"33110",1,1,2,1
"33111",1,1,2,1
"33112",2,13,15,13
"33113",1,1,2,1
"33114",4,22,26,24
"33115",1,16,17,16
"33116",4,22,26,24
"33117",1,7,8,7
"33118",1,16,17,16
"33119",1,1,2,1
"33120",1,4,5,4
"33121",4,11,15,12
"33122",8,24,32,31
"33123",4,16,20,19
"33124",2,2,4,2
"33125",5,1,6,5
"33126",2,3,5,3
"33127",2,3,5,3
"33128",8,2,10,9
"33129",2,1,3,2
"33130",2,5,7,5
"33131",1,17,18,17
"33132",1,10,11,10
"33133",1,21,22,21
"33134",1,2,3,2
"33135",7,21,28,25
"33136",10,2,12,11
"33137",2,26,28,27
"33138",1,3,4,3
"33139",5,18,23,22
"33140",27,32,59,58
"33141",6,8,14,10
"33142",2,2,4,2
"33143",1,6,7,6
"33144",15,1,16,15
"33145",6,29,35,32
"33146",4,6,10,9
"33147",3,30,33,32
"33148",1,23,24,23
"33149",13,2,15,14
"33150",6,1,7,6
"33151",2,1,3,2
"33152",1,1,2,1
"33153",9,6,15,13
"33154",1,3,4,3
"33155",1,4,5,4
"33156",4,2,6,5
"33157",1,2,3,2
"33158",1,4,5,4
"33159",7,8,15,13
"33160",1,5,6,5
"33161",1,3,4,3
"33162",1,10,11,10
"33163",2,6,8,6
"33164",4,7,11,10
"33165",2,7,9,8
"33166",4,21,25,23
"33167",12,14,26,25
"33168",2,12,14,12
"33169",1,22,23,22
"33170",1,81,82,81
"33171",1,2,3,2
"33172",4,17,21,19
"33173",6,1,7,6
"33174",1,1,2,1
"33175",1,9,10,9
"33176",2,2,4,3
"33177",3,2,5,3
"33178",9,2,11,10
"33179",3,3,6,4
"33180",1,1,2,1
"33181",8,35,43,38
"33182",2,81,83,82
"33183",2,5,7,6
"33184",1,26,27,26
"33185",1,1,2,1
"33186",12,10,22,21
"33187",2,3,5,3
"33188",7,7,14,12
"33189",4,12,16,13
"33190",1,3,4,3
"33191",6,27,33,32
"33192",4,2,6,4
"33193",9,1,10,9
"33194",3,11,14,11
"33195",1,3,4,3
"33196",1,3,4,3
"33197",4,1,5,4
"33198",12,2,14,12
"33199",2,16,18,16
"33200",4,36,40,36
"33201",1,42,43,42
"33202",1,3,4,3
"33203",1,30,31,30
"33204",1,5,6,5
"33205",2,7,9,8
"33206",2,6,8,6
"33207",7,12,19,16
"33208",2,8,10,8
"33209",4,2,6,5
"33210",1,2,3,2
"33211",2,1,3,2
"33212",3,23,26,23
"33213",2,26,28,27
"33214",2,5,7,6
"33215",2,7,9,8
"33216",45,11,56,54
"33217",10,2,12,11
"33218",1,18,19,18
"33219",6,23,29,28
"33220",8,1,9,8
"33221",1,7,8,7
"33222",5,5,10,9
"33223",7,4,11,9
"33224",1,6,7,6
"33225",1,2,3,2
"33226",9,1,10,9
"33227",2,8,10,9
"33228",1,1,2,1
"33229",4,19,23,19
"33230",7,7,14,13
"33231",2,2,4,2
"33232",2,36,38,36
"33233",1,1,2,1
"33234",1,1,2,1
"33235",1,2,3,2
"33236",1,24,25,24
"33237",1,3,4,3
"33238",2,10,12,11
"33239",12,5,17,15
"33240",1,16,17,16
"33241",2,8,10,9
"33242",1,2,3,2
"33243",1,7,8,7
"33244",4,16,20,19
"33245",1,30,31,30
"33246",19,28,47,45
"33247",25,1,26,25
"33248",31,40,71,67
"33249",1,4,5,4
"33250",11,3,14,13
"33251",1,12,13,12
"33252",7,52,59,58
"33253",1,3,4,3
"33254",3,4,7,6
"33255",2,18,20,19
"33256",2,3,5,4
"33257",1,2,3,2
"33258",4,28,32,30
"33259",1,1,2,1
"33260",1,1,2,1
"33261",2,4,6,5
"33262",1,2,3,2
"33263",1,1,2,1
"33264",1,1,2,1
"33265",2,9,11,10
"33266",1,20,21,20
"33267",7,13,20,18
"33268",1,1,2,1
"33269",4,3,7,4
"33270",3,8,11,10
"33271",1,22,23,22
"33272",6,24,30,29
"33273",1,4,5,4
"33274",1,6,7,6
"33275",1,1,2,1
"33276",2,3,5,4
"33277",2,13,15,14
"33278",2,1,3,2
"33279",1,1,2,1
"33280",10,3,13,12
"33281",1,6,7,6
"33282",2,6,8,6
"33283",1,1,2,1
"33284",1,32,33,32
"33285",1,9,10,9
"33286",1,4,5,4
"33287",21,32,53,50
"33288",1,28,29,28
"33289",1,4,5,4
"33290",7,2,9,8
"33291",1,20,21,20
"33292",1,1,2,1
"33293",2,2,4,3
"33294",5,7,12,10
"33295",2,5,7,5
"33296",1,25,26,25
"33297",2,8,10,8
"33298",1,3,4,3
"33299",2,22,24,22
"33300",1,15,16,15
"33301",4,19,23,19
"33302",1,2,3,2
"33303",1,2,3,2
"33304",4,26,30,29
"33305",1,12,13,12
"33306",1,1,2,1
"33307",5,25,30,29
"33308",1,9,10,9
"33309",3,1,4,3
"33310",9,13,22,21
"33311",1,41,42,41
"33312",3,20,23,20
"33313",2,8,10,9
"33314",6,15,21,15
"33315",1,5,6,5
"33316",2,6,8,7
"33317",7,3,10,9
"33318",1,15,16,15
"33319",8,19,27,24
"33320",2,19,21,20
"33321",10,23,33,30
"33322",3,17,20,17
"33323",3,8,11,8
"33324",6,3,9,7
"33325",3,22,25,22
"33326",3,22,25,22
"33327",4,19,23,20
"33328",1,2,3,2
"33329",1,8,9,8
"33330",1,5,6,5
"33331",1,1,2,1
"33332",2,7,9,7
"33333",1,1,2,1
"33334",2,4,6,4
"33335",3,51,54,51
"33336",9,53,62,60
"33337",9,3,12,10
"33338",1,36,37,36
"33339",10,4,14,11
"33340",2,4,6,4
"33341",3,7,10,8
"33342",1,13,14,13
"33343",2,8,10,9
"33344",1,11,12,11
"33345",1,25,26,25
"33346",1,7,8,7
"33347",4,45,49,46
"33348",12,10,22,20
"33349",1,1,2,1
"33350",2,23,25,23
"33351",10,2,12,11
"33352",1,8,9,8
"33353",1,3,4,3
"33354",1,22,23,22
"33355",1,10,11,10
"33356",3,32,35,33
"33357",13,5,18,15
"33358",1,6,7,6
"33359",3,9,12,9
"33360",2,2,4,2
"33361",4,5,9,8
"33362",1,1,2,1
"33363",1,1,2,1
"33364",7,21,28,27
"33365",1,6,7,6
"33366",4,3,7,6
"33367",5,13,18,16
"33368",1,2,3,2
"33369",4,10,14,11
"33370",2,5,7,6
"33371",1,2,3,2
"33372",1,1,2,1
"33373",24,5,29,27
"33374",2,3,5,4
"33375",3,32,35,33
"33376",1,5,6,5
"33377",1,5,6,5
"33378",5,10,15,14
"33379",1,5,6,5
"33380",2,11,13,11
"33381",1,16,17,16
"33382",6,13,19,15
"33383",3,4,7,5
"33384",4,2,6,4
"33385",5,3,8,7
"33386",1,1,2,1
"33387",16,7,23,22
"33388",3,1,4,3
"33389",10,15,25,24
"33390",1,11,12,11
"33391",1,12,13,12
"33392",1,26,27,26
"33393",1,11,12,11
"33394",1,1,2,1
"33395",6,22,28,25
"33396",1,1,2,1
"33397",3,31,34,33
"33398",1,1,2,1
"33399",2,11,13,12
"33400",1,8,9,8
"33401",1,6,7,6
"33402",1,6,7,6
"33403",3,81,84,82
"33404",1,4,5,4
"33405",2,2,4,3
"33406",7,20,27,21
"33407",1,23,24,23
"33408",1,2,3,2
"33409",1,10,11,10
"33410",1,1,2,1
"33411",1,3,4,3
"33412",2,2,4,3
"33413",3,5,8,7
"33414",8,24,32,30
"33415",5,13,18,16
"33416",3,1,4,3
"33417",1,6,7,6
"33418",4,26,30,26
"33419",9,6,15,12
"33420",1,2,3,2
"33421",1,21,22,21
"33422",15,16,31,30
"33423",13,46,59,58
"33424",1,7,8,7
"33425",6,42,48,45
"33426",6,42,48,45
"33427",2,1,3,2
"33428",2,42,44,43
"33429",1,7,8,7
"33430",1,1,2,1
"33431",1,5,6,5
"33432",12,19,31,30
"33433",6,8,14,10
"33434",1,1,2,1
"33435",24,8,32,26
"33436",24,29,53,50
"33437",2,30,32,30
"33438",24,11,35,34
"33439",1,13,14,13
"33440",2,10,12,10
"33441",1,6,7,6
"33442",3,6,9,7
"33443",5,1,6,5
"33444",1,2,3,2
"33445",2,5,7,5
"33446",1,1,2,1
"33447",10,5,15,14
"33448",1,14,15,14
"33449",2,1,3,2
"33450",1,8,9,8
"33451",1,14,15,14
"33452",22,30,52,49
"33453",8,5,13,12
"33454",1,8,9,8
"33455",2,4,6,5
"33456",3,6,9,6
"33457",1,2,3,2
"33458",2,3,5,4
"33459",1,25,26,25
"33460",2,5,7,6
"33461",13,40,53,49
"33462",1,13,14,13
"33463",10,28,38,31
"33464",9,2,11,9
"33465",39,27,66,64
"33466",1,19,20,19
"33467",2,12,14,12
"33468",1,2,3,2
"33469",1,5,6,5
"33470",1,1,2,1
"33471",1,2,3,2
"33472",6,7,13,11
"33473",1,3,4,3
"33474",6,2,8,7
"33475",1,19,20,19
"33476",5,11,16,14
"33477",2,7,9,8
"33478",4,19,23,19
"33479",1,3,4,3
"33480",3,9,12,10
"33481",5,9,14,13
"33482",1,3,4,3
"33483",1,2,3,2
"33484",2,3,5,3
"33485",1,4,5,4
"33486",2,14,16,14
"33487",1,1,2,1
"33488",1,4,5,4
"33489",6,8,14,10
"33490",2,10,12,11
"33491",2,10,12,11
"33492",6,1,7,6
"33493",1,19,20,19
"33494",6,1,7,6
"33495",6,5,11,8
"33496",2,26,28,27
"33497",2,1,3,2
"33498",6,5,11,10
"33499",8,3,11,10
"33500",1,1,2,1
"33501",1,7,8,7
"33502",1,28,29,28
"33503",2,2,4,2
"33504",13,8,21,18
"33505",28,23,51,50
"33506",7,14,21,20
"33507",5,2,7,5
"33508",12,3,15,14
"33509",5,18,23,21
"33510",4,8,12,9
"33511",1,1,2,1
"33512",6,22,28,27
"33513",2,9,11,10
"33514",9,3,12,10
"33515",1,9,10,9
"33516",1,6,7,6
"33517",1,1,2,1
"33518",2,10,12,10
"33519",4,3,7,4
"33520",1,3,4,3
"33521",12,9,21,20
"33522",4,21,25,21
"33523",2,11,13,12
"33524",3,1,4,3
"33525",9,3,12,11
"33526",1,5,6,5
"33527",7,3,10,8
"33528",1,7,8,7
"33529",30,66,96,95
"33530",5,5,10,5
"33531",2,4,6,5
"33532",6,12,18,17
"33533",6,24,30,28
"33534",1,37,38,37
"33535",1,4,5,4
"33536",10,38,48,42
"33537",1,3,4,3
"33538",1,4,5,4
"33539",1,9,10,9
"33540",1,11,12,11
"33541",7,4,11,10
"33542",1,5,6,5
"33543",5,5,10,9
"33544",3,3,6,4
"33545",1,2,3,2
"33546",2,2,4,3
"33547",6,6,12,6
"33548",16,31,47,45
"33549",7,1,8,7
"33550",1,2,3,2
"33551",6,22,28,26
"33552",21,5,26,21
"33553",4,6,10,9
"33554",7,8,15,12
"33555",22,39,61,58
"33556",6,26,32,31
"33557",1,10,11,10
"33558",11,9,20,18
"33559",3,3,6,4
"33560",1,2,3,2
"33561",4,7,11,8
"33562",2,1,3,2
"33563",3,9,12,10
"33564",2,1,3,2
"33565",1,1,2,1
"33566",3,23,26,24
"33567",1,8,9,8
"33568",5,3,8,7
"33569",8,1,9,8
"33570",2,19,21,20
"33571",1,4,5,4
"33572",1,2,3,2
"33573",5,3,8,7
"33574",5,14,19,18
"33575",4,30,34,33
"33576",1,3,4,3
"33577",8,4,12,11
"33578",1,16,17,16
"33579",1,5,6,5
"33580",8,25,33,32
"33581",1,22,23,22
"33582",2,3,5,3
"33583",1,29,30,29
"33584",1,16,17,16
"33585",1,11,12,11
"33586",2,2,4,3
"33587",7,7,14,12
"33588",2,2,4,3
"33589",1,16,17,16
"33590",1,13,14,13
"33591",5,12,17,13
"33592",2,5,7,6
"33593",2,1,3,2
"33594",1,7,8,7
"33595",1,3,4,3
"33596",4,12,16,14
"33597",12,3,15,14
"33598",4,7,11,8
"33599",3,46,49,47
"33600",2,3,5,4
"33601",9,25,34,33
"33602",1,19,20,19
"33603",3,35,38,36
"33604",7,1,8,7
"33605",12,38,50,48
"33606",1,5,6,5
"33607",1,3,4,3
"33608",2,7,9,7
"33609",2,4,6,4
"33610",7,7,14,7
"33611",2,2,4,2
"33612",3,1,4,3
"33613",3,2,5,4
"33614",1,1,2,1
"33615",1,1,2,1
"33616",1,1,2,1
"33617",3,1,4,3
"33618",3,3,6,3
"33619",1,37,38,37
"33620",2,1,3,2
"33621",1,17,18,17
"33622",8,6,14,10
"33623",4,5,9,6
"33624",1,2,3,2
"33625",2,4,6,5
"33626",5,8,13,12
"33627",1,23,24,23
"33628",1,14,15,14
"33629",5,6,11,10
"33630",3,1,4,3
"33631",3,16,19,18
"33632",9,1,10,9
"33633",20,6,26,24
"33634",6,2,8,7
"33635",7,2,9,8
"33636",8,13,21,19
"33637",1,5,6,5
"33638",17,6,23,22
"33639",1,11,12,11
"33640",1,23,24,23
"33641",1,13,14,13
"33642",1,13,14,13
"33643",1,1,2,1
"33644",13,1,14,13
"33645",9,20,29,27
"33646",2,25,27,25
"33647",4,8,12,11
"33648",2,13,15,14
"33649",2,26,28,26
"33650",6,1,7,6
"33651",22,24,46,45
"33652",2,1,3,2
"33653",8,27,35,33
"33654",6,32,38,36
"33655",3,1,4,3
"33656",1,22,23,22
"33657",1,3,4,3
"33658",4,2,6,4
"33659",1,2,3,2
"33660",1,13,14,13
"33661",1,8,9,8
"33662",1,1,2,1
"33663",9,13,22,18
"33664",11,4,15,14
"33665",1,3,4,3
"33666",2,29,31,30
"33667",1,25,26,25
"33668",14,2,16,15
"33669",3,45,48,47
"33670",15,2,17,15
"33671",10,1,11,10
"33672",2,7,9,8
"33673",9,6,15,14
"33674",3,4,7,4
"33675",3,32,35,34
"33676",5,2,7,6
"33677",5,19,24,20
"33678",2,5,7,5
"33679",26,9,35,34
"33680",6,1,7,6
"33681",1,5,6,5
"33682",3,2,5,4
"33683",1,3,4,3
"33684",7,11,18,16
"33685",5,8,13,11
"33686",6,8,14,10
"33687",34,14,48,46
"33688",2,8,10,8
"33689",24,8,32,26
"33690",1,1,2,1
"33691",1,6,7,6
"33692",4,8,12,11
"33693",4,7,11,10
"33694",5,6,11,10
"33695",19,16,35,33
"33696",1,12,13,12
"33697",3,8,11,10
"33698",10,30,40,39
"33699",1,2,3,2
"33700",1,1,2,1
"33701",2,2,4,2
"33702",2,2,4,2
"33703",5,9,14,13
"33704",5,22,27,24
"33705",1,5,6,5
"33706",1,4,5,4
"33707",2,15,17,16
"33708",1,1,2,1
"33709",2,16,18,17
"33710",3,4,7,6
"33711",5,1,6,5
"33712",3,1,4,3
"33713",1,1,2,1
"33714",4,7,11,10
"33715",1,1,2,1
"33716",2,8,10,8
"33717",2,4,6,5
"33718",7,27,34,33
"33719",2,1,3,2
"33720",1,25,26,25
"33721",2,23,25,24
"33722",12,2,14,12
"33723",3,5,8,5
"33724",3,1,4,3
"33725",5,4,9,6
"33726",4,22,26,22
"33727",1,1,2,1
"33728",3,20,23,22
"33729",1,2,3,2
"33730",2,2,4,2
"33731",1,5,6,5
"33732",10,1,11,10
"33733",3,31,34,33
"33734",3,5,8,6
"33735",6,5,11,10
"33736",24,2,26,24
"33737",14,1,15,14
"33738",1,9,10,9
"33739",17,6,23,22
"33740",1,10,11,10
"33741",2,40,42,41
"33742",18,2,20,19
"33743",14,5,19,18
"33744",9,9,18,9
"33745",2,1,3,2
"33746",22,12,34,29
"33747",1,2,3,2
"33748",1,2,3,2
"33749",1,3,4,3
"33750",2,11,13,11
"33751",1,36,37,36
"33752",18,4,22,21
"33753",1,28,29,28
"33754",1,2,3,2
"33755",1,32,33,32
"33756",1,1,2,1
"33757",2,19,21,20
"33758",3,16,19,16
"33759",1,3,4,3
"33760",1,7,8,7
"33761",1,11,12,11
"33762",2,9,11,9
"33763",2,22,24,23
"33764",1,11,12,11
"33765",6,5,11,10
"33766",3,20,23,22
"33767",1,10,11,10
"33768",1,3,4,3
"33769",4,1,5,4
"33770",4,8,12,11
"33771",11,10,21,19
"33772",1,5,6,5
"33773",1,2,3,2
"33774",2,2,4,3
"33775",13,1,14,13
"33776",1,7,8,7
"33777",1,4,5,4
"33778",3,11,14,11
"33779",1,3,4,3
"33780",4,1,5,4
"33781",1,5,6,5
"33782",13,1,14,13
"33783",4,15,19,17
"33784",1,6,7,6
"33785",1,12,13,12
"33786",2,1,3,2
"33787",8,2,10,9
"33788",3,9,12,11
"33789",1,22,23,22
"33790",2,12,14,12
"33791",3,5,8,5
"33792",1,7,8,7
"33793",2,26,28,26
"33794",2,10,12,10
"33795",1,14,15,14
"33796",1,12,13,12
"33797",20,3,23,20
"33798",1,8,9,8
"33799",1,6,7,6
"33800",1,8,9,8
"33801",1,1,2,1
"33802",19,19,38,19
"33803",4,3,7,5
"33804",21,11,32,28
"33805",1,3,4,3
"33806",3,1,4,3
"33807",2,36,38,37
"33808",12,7,19,18
"33809",1,1,2,1
"33810",1,1,2,1
"33811",4,12,16,15
"33812",1,3,4,3
"33813",23,3,26,23
"33814",6,1,7,6
"33815",2,11,13,12
"33816",1,5,6,5
"33817",1,4,5,4
"33818",3,2,5,4
"33819",5,6,11,10
"33820",1,6,7,6
"33821",3,6,9,8
"33822",2,5,7,6
"33823",3,1,4,3
"33824",5,5,10,8
"33825",13,4,17,14
"33826",8,35,43,38
"33827",1,3,4,3
"33828",1,7,8,7
"33829",3,7,10,9
"33830",1,3,4,3
"33831",1,1,2,1
"33832",30,34,64,62
"33833",15,6,21,20
"33834",4,11,15,14
"33835",1,7,8,7
"33836",7,1,8,7
"33837",2,5,7,5
"33838",1,1,2,1
"33839",1,1,2,1
"33840",4,6,10,8
"33841",1,9,10,9
"33842",4,11,15,13
"33843",1,17,18,17
"33844",9,18,27,26
"33845",9,6,15,14
"33846",1,1,2,1
"33847",11,6,17,15
"33848",4,18,22,20
"33849",1,26,27,26
"33850",2,4,6,5
"33851",1,6,7,6
"33852",2,17,19,18
"33853",3,1,4,3
"33854",2,1,3,2
"33855",6,1,7,6
"33856",2,11,13,11
"33857",1,22,23,22
"33858",5,6,11,6
"33859",3,32,35,32
"33860",3,4,7,6
"33861",1,13,14,13
"33862",8,13,21,20
"33863",1,15,16,15
"33864",7,1,8,7
"33865",15,11,26,23
"33866",1,4,5,4
"33867",6,3,9,8
"33868",15,1,16,15
"33869",1,1,2,1
"33870",1,3,4,3
"33871",10,21,31,30
"33872",19,3,22,21
"33873",1,8,9,8
"33874",35,1,36,35
"33875",2,3,5,4
"33876",1,5,6,5
"33877",13,3,16,15
"33878",1,10,11,10
"33879",2,15,17,16
"33880",1,14,15,14
"33881",1,1,2,1
"33882",1,2,3,2
"33883",1,13,14,13
"33884",1,8,9,8
"33885",2,2,4,2
"33886",2,2,4,3
"33887",2,2,4,3
"33888",1,16,17,16
"33889",1,6,7,6
"33890",2,4,6,4
"33891",2,6,8,7
"33892",6,6,12,6
"33893",1,1,2,1
"33894",1,19,20,19
"33895",1,2,3,2
"33896",1,1,2,1
"33897",1,12,13,12
"33898",2,16,18,16
"33899",2,6,8,7
"33900",2,30,32,31
"33901",1,3,4,3
"33902",2,81,83,81
"33903",5,22,27,24
"33904",1,1,2,1
"33905",2,2,4,2
"33906",5,24,29,27
"33907",5,24,29,27
"33908",9,24,33,29
"33909",9,24,33,29
"33910",10,2,12,10
"33911",5,2,7,6
"33912",3,3,6,3
"33913",1,1,2,1
"33914",2,5,7,6
"33915",2,6,8,6
"33916",2,6,8,6
"33917",3,18,21,20
"33918",10,21,31,28
"33919",5,1,6,5
"33920",3,24,27,25
"33921",1,5,6,5
"33922",5,11,16,13
"33923",4,6,10,8
"33924",1,2,3,2
"33925",2,3,5,4
"33926",6,10,16,14
"33927",5,32,37,32
"33928",6,1,7,6
"33929",11,36,47,45
"33930",1,4,5,4
"33931",7,21,28,27
"33932",1,20,21,20
"33933",1,7,8,7
"33934",3,23,26,23
"33935",1,2,3,2
"33936",2,8,10,9
"33937",3,3,6,4
"33938",3,7,10,9
"33939",3,26,29,28
"33940",13,2,15,14
"33941",1,1,2,1
"33942",2,1,3,2
"33943",8,6,14,12
"33944",1,7,8,7
"33945",3,4,7,6
"33946",1,25,26,25
"33947",4,3,7,6
"33948",23,14,37,33
"33949",8,1,9,8
"33950",5,5,10,9
"33951",7,40,47,44
"33952",5,2,7,6
"33953",32,14,46,45
"33954",20,18,38,35
"33955",3,5,8,7
"33956",1,5,6,5
"33957",1,7,8,7
"33958",2,5,7,5
"33959",11,45,56,54
"33960",1,26,27,26
"33961",8,2,10,9
"33962",1,1,2,1
"33963",2,9,11,10
"33964",1,26,27,26
"33965",1,10,11,10
"33966",2,3,5,3
"33967",6,1,7,6
"33968",2,6,8,7
"33969",8,15,23,21
"33970",1,16,17,16
"33971",2,1,3,2
"33972",21,5,26,21
"33973",2,6,8,7
"33974",8,32,40,39
"33975",2,45,47,45
"33976",1,1,2,1
"33977",8,2,10,8
"33978",13,8,21,19
"33979",13,8,21,19
"33980",1,2,3,2
"33981",1,3,4,3
"33982",1,1,2,1
"33983",1,12,13,12
"33984",3,2,5,3
"33985",1,3,4,3
"33986",1,2,3,2
"33987",3,26,29,28
"33988",2,6,8,6
"33989",5,15,20,18
"33990",5,11,16,14
"33991",1,4,5,4
"33992",1,2,3,2
"33993",4,28,32,30
"33994",4,2,6,5
"33995",1,1,2,1
"33996",1,1,2,1
"33997",2,10,12,11
"33998",3,22,25,24
"33999",1,5,6,5
"34000",1,2,3,2
"34001",2,10,12,10
"34002",1,3,4,3
"34003",1,2,3,2
"34004",1,8,9,8
"34005",5,1,6,5
"34006",1,1,2,1
"34007",19,16,35,33
"34008",1,11,12,11
"34009",1,19,20,19
"34010",9,19,28,25
"34011",2,8,10,9
"34012",2,12,14,13
"34013",1,15,16,15
"34014",1,5,6,5
"34015",1,7,8,7
"34016",1,5,6,5
"34017",10,10,20,18
"34018",1,12,13,12
"34019",1,3,4,3
"34020",3,1,4,3
"34021",3,2,5,3
"34022",3,2,5,3
"34023",1,1,2,1
"34024",3,24,27,25
"34025",15,10,25,22
"34026",25,176,201,195
"34027",6,3,9,8
"34028",1,3,4,3
"34029",2,3,5,4
"34030",1,1,2,1
"34031",4,4,8,4
"34032",4,8,12,8
"34033",1,3,4,3
"34034",2,29,31,29
"34035",1,1,2,1
"34036",2,1,3,2
"34037",30,32,62,61
"34038",2,18,20,18
"34039",7,1,8,7
"34040",1,14,15,14
"34041",6,14,20,19
"34042",5,3,8,6
"34043",3,5,8,6
"34044",1,2,3,2
"34045",1,3,4,3
"34046",3,8,11,10
"34047",3,14,17,14
"34048",2,2,4,3
"34049",5,45,50,49
"34050",3,4,7,6
"34051",3,5,8,5
"34052",44,21,65,63
"34053",2,1,3,2
"34054",2,1,3,2
"34055",2,6,8,6
"34056",1,1,2,1
"34057",2,13,15,13
"34058",1,1,2,1
"34059",9,39,48,42
"34060",16,51,67,66
"34061",1,5,6,5
"34062",1,1,2,1
"34063",1,19,20,19
"34064",2,29,31,30
"34065",4,2,6,5
"34066",1,5,6,5
"34067",6,11,17,16
"34068",3,8,11,10
"34069",3,1,4,3
"34070",1,1,2,1
"34071",1,14,15,14
"34072",1,10,11,10
"34073",12,7,19,18
"34074",1,7,8,7
"34075",1,20,21,20
"34076",3,3,6,4
"34077",1,12,13,12
"34078",3,4,7,6
"34079",7,1,8,7
"34080",1,8,9,8
"34081",3,1,4,3
"34082",3,23,26,25
"34083",11,1,12,11
"34084",3,9,12,11
"34085",1,41,42,41
"34086",3,2,5,4
"34087",43,31,74,72
"34088",1,4,5,4
"34089",13,25,38,34
"34090",2,1,3,2
"34091",9,8,17,16
"34092",1,11,12,11
"34093",2,1,3,2
"34094",4,17,21,20
"34095",1,14,15,14
"34096",1,28,29,28
"34097",1,4,5,4
"34098",1,16,17,16
"34099",1,6,7,6
"34100",3,1,4,3
"34101",4,9,13,10
"34102",1,10,11,10
"34103",1,1,2,1
"34104",1,1,2,1
"34105",3,66,69,67
"34106",5,4,9,8
"34107",2,9,11,9
"34108",4,5,9,8
"34109",1,5,6,5
"34110",1,8,9,8
"34111",3,11,14,13
"34112",2,5,7,6
"34113",1,3,4,3
"34114",3,1,4,3
"34115",2,14,16,14
"34116",19,4,23,21
"34117",1,4,5,4
"34118",1,2,3,2
"34119",1,2,3,2
"34120",3,3,6,3
"34121",15,3,18,16
"34122",7,1,8,7
"34123",40,1,41,40
"34124",2,1,3,2
"34125",12,5,17,16
"34126",1,1,2,1
"34127",1,1,2,1
"34128",3,7,10,8
"34129",8,37,45,43
"34130",1,2,3,2
"34131",1,14,15,14
"34132",2,14,16,14
"34133",1,12,13,12
"34134",7,9,16,14
"34135",5,6,11,9
"34136",2,25,27,25
"34137",3,4,7,4
"34138",11,33,44,43
"34139",1,4,5,4
"34140",1,10,11,10
"34141",3,10,13,12
"34142",6,10,16,15
"34143",1,1,2,1
"34144",2,4,6,5
"34145",1,4,5,4
"34146",21,5,26,21
"34147",8,7,15,14
"34148",1,17,18,17
"34149",2,3,5,4
"34150",2,2,4,2
"34151",1,1,2,1
"34152",6,5,11,10
"34153",7,19,26,21
"34154",5,5,10,7
"34155",3,24,27,25
"34156",1,4,5,4
"34157",5,1,6,5
"34158",2,4,6,4
"34159",2,6,8,6
"34160",12,26,38,36
"34161",12,26,38,36
"34162",1,2,3,2
"34163",1,9,10,9
"34164",3,23,26,23
"34165",2,3,5,3
"34166",2,1,3,2
"34167",2,5,7,6
"34168",1,2,3,2
"34169",3,6,9,8
"34170",3,19,22,21
"34171",2,4,6,5
"34172",1,1,2,1
"34173",7,10,17,16
"34174",2,10,12,11
"34175",3,19,22,21
"34176",11,2,13,12
"34177",3,3,6,3
"34178",1,1,2,1
"34179",5,17,22,20
"34180",26,14,40,39
"34181",1,6,7,6
"34182",1,1,2,1
"34183",1,38,39,38
"34184",1,34,35,34
"34185",10,20,30,28
"34186",3,9,12,10
"34187",2,7,9,8
"34188",1,11,12,11
"34189",1,2,3,2
"34190",2,2,4,2
"34191",24,8,32,31
"34192",1,2,3,2
"34193",2,4,6,4
"34194",1,4,5,4
"34195",1,1,2,1
"34196",7,8,15,14
"34197",5,2,7,6
"34198",1,16,17,16
"34199",1,22,23,22
"34200",5,13,18,17
"34201",2,2,4,3
"34202",17,7,24,23
"34203",2,21,23,21
"34204",2,3,5,4
"34205",10,3,13,12
"34206",4,9,13,12
"34207",2,81,83,81
"34208",1,34,35,34
"34209",5,7,12,7
"34210",1,1,2,1
"34211",4,10,14,12
"34212",3,2,5,4
"34213",1,2,3,2
"34214",1,5,6,5
"34215",13,7,20,17
"34216",2,2,4,3
"34217",7,25,32,30
"34218",1,2,3,2
"34219",1,12,13,12
"34220",2,11,13,12
"34221",3,8,11,10
"34222",2,47,49,48
"34223",22,20,42,41
"34224",21,13,34,33
"34225",1,11,12,11
"34226",2,2,4,2
"34227",8,1,9,8
"34228",2,15,17,15
"34229",3,1,4,3
"34230",1,4,5,4
"34231",1,5,6,5
"34232",1,7,8,7
"34233",5,9,14,12
"34234",2,1,3,2
"34235",3,30,33,31
"34236",1,2,3,2
"34237",2,2,4,2
"34238",5,5,10,8
"34239",5,4,9,6
"34240",3,22,25,23
"34241",3,10,13,10
"34242",4,22,26,24
"34243",7,2,9,8
"34244",1,4,5,4
"34245",2,16,18,16
"34246",3,30,33,31
"34247",4,19,23,19
"34248",1,1,2,1
"34249",1,1,2,1
"34250",5,19,24,20
"34251",1,3,4,3
"34252",1,2,3,2
"34253",1,5,6,5
"34254",11,30,41,39
"34255",1,1,2,1
"34256",5,12,17,16
"34257",13,4,17,14
"34258",5,5,10,9
"34259",60,55,115,111
"34260",56,10,66,65
"34261",40,7,47,44
"34262",15,4,19,18
"34263",2,5,7,5
"34264",1,4,5,4
"34265",2,3,5,4
"34266",1,6,7,6
"34267",5,12,17,15
"34268",1,26,27,26
"34269",24,1,25,24
"34270",3,8,11,10
"34271",7,13,20,19
"34272",1,9,10,9
"34273",1,2,3,2
"34274",1,1,2,1
"34275",1,2,3,2
"34276",5,3,8,7
"34277",15,4,19,18
"34278",2,11,13,11
"34279",2,5,7,5
"34280",1,5,6,5
"34281",2,12,14,12
"34282",2,3,5,4
"34283",1,3,4,3
"34284",2,15,17,15
"34285",1,5,6,5
"34286",3,6,9,6
"34287",2,17,19,18
"34288",1,15,16,15
"34289",9,3,12,11
"34290",1,5,6,5
"34291",3,15,18,17
"34292",1,2,3,2
"34293",7,6,13,12
"34294",1,2,3,2
"34295",1,11,12,11
"34296",1,7,8,7
"34297",1,28,29,28
"34298",2,27,29,28
"34299",1,6,7,6
"34300",2,17,19,18
"34301",3,25,28,27
"34302",2,1,3,2
"34303",1,1,2,1
"34304",1,46,47,46
"34305",1,1,2,1
"34306",19,4,23,22
"34307",4,3,7,6
"34308",3,22,25,22
"34309",2,25,27,26
"34310",1,24,25,24
"34311",3,1,4,3
"34312",1,3,4,3
"34313",27,1,28,27
"34314",3,2,5,4
"34315",6,38,44,43
"34316",2,11,13,11
"34317",5,23,28,27
"34318",5,1,6,5
"34319",2,4,6,5
"34320",7,4,11,9
"34321",4,43,47,46
"34322",1,7,8,7
"34323",11,32,43,41
"34324",1,14,15,14
"34325",17,6,23,22
"34326",5,1,6,5
"34327",6,9,15,14
"34328",30,2,32,30
"34329",26,18,44,42
"34330",1,2,3,2
"34331",2,1,3,2
"34332",1,1,2,1
"34333",6,11,17,15
"34334",17,2,19,18
"34335",1,2,3,2
"34336",1,18,19,18
"34337",5,6,11,9
"34338",8,14,22,21
"34339",2,16,18,16
"34340",15,1,16,15
"34341",1,8,9,8
"34342",2,2,4,2
"34343",13,40,53,49
"34344",1,2,3,2
"34345",6,5,11,10
"34346",1,1,2,1
"34347",4,4,8,4
"34348",7,2,9,8
"34349",4,3,7,6
"34350",1,10,11,10
"34351",13,13,26,13
"34352",7,10,17,16
"34353",1,2,3,2
"34354",1,1,2,1
"34355",3,4,7,6
"34356",2,21,23,22
"34357",9,5,14,12
"34358",3,1,4,3
"34359",3,3,6,5
"34360",2,4,6,4
"34361",2,8,10,8
"34362",1,1,2,1
"34363",3,32,35,34
"34364",1,14,15,14
"34365",1,3,4,3
"34366",1,1,2,1
"34367",5,1,6,5
"34368",5,6,11,10
"34369",1,20,21,20
"34370",2,15,17,15
"34371",13,1,14,13
"34372",8,7,15,14
"34373",2,9,11,9
"34374",4,25,29,28
"34375",9,14,23,20
"34376",1,47,48,47
"34377",1,1,2,1
"34378",2,5,7,6
"34379",2,5,7,5
"34380",1,1,2,1
"34381",2,4,6,4
"34382",2,3,5,4
"34383",1,7,8,7
"34384",1,5,6,5
"34385",1,44,45,44
"34386",1,1,2,1
"34387",3,29,32,30
"34388",4,1,5,4
"34389",2,1,3,2
"34390",2,20,22,21
"34391",1,21,22,21
"34392",32,2,34,32
"34393",6,1,7,6
"34394",2,2,4,2
"34395",25,9,34,32
"34396",3,2,5,4
"34397",38,1,39,38
"34398",1,32,33,32
"34399",6,9,15,13
"34400",1,11,12,11
"34401",1,9,10,9
"34402",20,18,38,35
"34403",2,2,4,2
"34404",11,1,12,11
"34405",2,2,4,2
"34406",3,12,15,14
"34407",3,5,8,7
"34408",1,9,10,9
"34409",1,11,12,11
"34410",1,51,52,51
"34411",1,1,2,1
"34412",1,1,2,1
"34413",1,8,9,8
"34414",2,2,4,3
"34415",14,9,23,20
"34416",1,12,13,12
"34417",1,29,30,29
"34418",1,1,2,1
"34419",2,1,3,2
"34420",1,20,21,20
"34421",10,1,11,10
"34422",10,26,36,34
"34423",1,27,28,27
"34424",1,5,6,5
"34425",4,1,5,4
"34426",3,25,28,26
"34427",3,6,9,6
"34428",1,9,10,9
"34429",1,12,13,12
"34430",2,16,18,16
"34431",1,1,2,1
"34432",3,1,4,3
"34433",14,3,17,16
"34434",5,5,10,5
"34435",1,5,6,5
"34436",2,15,17,15
"34437",18,2,20,18
"34438",1,1,2,1
"34439",1,32,33,32
"34440",1,1,2,1
"34441",3,2,5,3
"34442",4,45,49,46
"34443",1,10,11,10
"34444",3,2,5,4
"34445",3,3,6,5
"34446",2,8,10,8
"34447",3,4,7,5
"34448",20,20,40,20
"34449",1,4,5,4
"34450",1,1,2,1
"34451",3,10,13,11
"34452",7,1,8,7
"34453",1,8,9,8
"34454",5,15,20,18
"34455",9,53,62,60
"34456",1,5,6,5
"34457",2,2,4,2
"34458",7,66,73,69
"34459",11,36,47,45
"34460",6,1,7,6
"34461",1,1,2,1
"34462",1,1,2,1
"34463",2,8,10,9
"34464",7,1,8,7
"34465",1,1,2,1
"34466",1,11,12,11
"34467",2,7,9,7
"34468",1,5,6,5
"34469",1,2,3,2
"34470",5,1,6,5
"34471",8,1,9,8
"34472",1,2,3,2
"34473",8,3,11,10
"34474",21,5,26,21
"34475",3,10,13,10
"34476",2,2,4,3
"34477",2,3,5,4
"34478",4,20,24,20
"34479",1,1,2,1
"34480",1,2,3,2
"34481",1,3,4,3
"34482",3,16,19,18
"34483",5,1,6,5
"34484",4,9,13,11
"34485",5,1,6,5
"34486",5,13,18,15
"34487",16,27,43,42
"34488",1,3,4,3
"34489",26,2,28,27
"34490",20,2,22,21
"34491",8,9,17,16
"34492",1,4,5,4
"34493",1,2,3,2
"34494",3,22,25,22
"34495",10,5,15,14
"34496",1,10,11,10
"34497",4,8,12,9
"34498",7,8,15,12
"34499",1,11,12,11
"34500",1,5,6,5
"34501",2,2,4,3
"34502",1,10,11,10
"34503",4,7,11,10
"34504",1,20,21,20
"34505",4,1,5,4
"34506",1,2,3,2
"34507",2,20,22,20
"34508",1,4,5,4
"34509",5,34,39,37
"34510",28,32,60,58
"34511",1,1,2,1
"34512",3,2,5,4
"34513",11,8,19,18
"34514",12,38,50,48
"34515",1,1,2,1
"34516",13,4,17,16
"34517",4,6,10,9
"34518",1,45,46,45
"34519",1,3,4,3
"34520",1,5,6,5
"34521",1,6,7,6
"34522",1,5,6,5
"34523",1,2,3,2
"34524",1,12,13,12
"34525",2,1,3,2
"34526",1,6,7,6
"34527",11,4,15,14
"34528",8,8,16,14
"34529",12,8,20,19
"34530",1,12,13,12
"34531",4,15,19,18
"34532",1,12,13,12
"34533",2,9,11,10
"34534",3,1,4,3
"34535",1,1,2,1
"34536",1,5,6,5
"34537",1,1,2,1
"34538",24,5,29,27
"34539",1,5,6,5
"34540",3,4,7,4
"34541",1,2,3,2
"34542",1,11,12,11
"34543",10,10,20,10
"34544",7,5,12,11
"34545",1,4,5,4
"34546",3,25,28,26
"34547",4,6,10,9
"34548",1,2,3,2
"34549",1,5,6,5
"34550",2,2,4,3
"34551",14,22,36,35
"34552",1,4,5,4
"34553",1,6,7,6
"34554",1,1,2,1
"34555",22,22,44,22
"34556",5,1,6,5
"34557",2,1,3,2
"34558",27,38,65,64
"34559",4,19,23,19
"34560",7,2,9,8
"34561",1,17,18,17
"34562",1,26,27,26
"34563",1,22,23,22
"34564",1,11,12,11
"34565",2,3,5,4
"34566",1,37,38,37
"34567",4,22,26,24
"34568",3,7,10,9
"34569",2,10,12,10
"34570",7,8,15,12
"34571",3,7,10,7
"34572",23,1,24,23
"34573",1,6,7,6
"34574",8,44,52,49
"34575",1,1,2,1
"34576",2,2,4,2
"34577",4,1,5,4
"34578",1,3,4,3
"34579",1,2,3,2
"34580",1,10,11,10
"34581",1,1,2,1
"34582",4,3,7,6
"34583",1,2,3,2
"34584",1,38,39,38
"34585",2,2,4,3
"34586",2,2,4,3
"34587",1,1,2,1
"34588",1,6,7,6
"34589",8,10,18,17
"34590",4,9,13,11
"34591",2,14,16,15
"34592",8,31,39,37
"34593",5,22,27,24
"34594",1,1,2,1
"34595",4,10,14,13
"34596",9,2,11,9
"34597",4,3,7,6
"34598",1,1,2,1
"34599",10,1,11,10
"34600",9,15,24,23
"34601",1,18,19,18
"34602",1,18,19,18
"34603",6,16,22,20
"34604",30,16,46,39
"34605",1,9,10,9
"34606",2,16,18,16
"34607",5,14,19,17
"34608",4,1,5,4
"34609",14,19,33,29
"34610",34,14,48,46
"34611",7,4,11,7
"34612",1,1,2,1
"34613",1,2,3,2
"34614",12,1,13,12
"34615",1,1,2,1
"34616",10,32,42,40
"34617",4,19,23,19
"34618",1,6,7,6
"34619",5,1,6,5
"34620",1,1,2,1
"34621",4,6,10,9
"34622",1,1,2,1
"34623",6,8,14,10
"34624",2,18,20,18
"34625",2,81,83,81
"34626",3,10,13,12
"34627",3,2,5,3
"34628",1,2,3,2
"34629",1,1,2,1
"34630",1,6,7,6
"34631",2,14,16,15
"34632",1,1,2,1
"34633",10,8,18,10
"34634",1,13,14,13
"34635",1,3,4,3
"34636",11,21,32,28
"34637",1,8,9,8
"34638",4,1,5,4
"34639",1,7,8,7
"34640",2,7,9,7
"34641",2,11,13,11
"34642",1,5,6,5
"34643",1,23,24,23
"34644",1,1,2,1
"34645",1,1,2,1
"34646",2,1,3,2
"34647",1,2,3,2
"34648",1,15,16,15
"34649",1,3,4,3
"34650",1,11,12,11
"34651",1,1,2,1
"34652",2,3,5,4
"34653",19,5,24,23
"34654",1,9,10,9
"34655",3,2,5,4
"34656",1,1,2,1
"34657",4,1,5,4
"34658",15,45,60,59
"34659",1,9,10,9
"34660",2,19,21,20
"34661",8,3,11,10
"34662",1,1,2,1
"34663",1,1,2,1
"34664",1,4,5,4
"34665",1,16,17,16
"34666",4,4,8,6
"34667",1,1,2,1
"34668",1,1,2,1
"34669",2,1,3,2
"34670",1,1,2,1
"34671",24,5,29,28
"34672",6,1,7,6
"34673",1,8,9,8
"34674",7,2,9,8
"34675",3,1,4,3
"34676",4,9,13,10
"34677",1,5,6,5
"34678",4,6,10,9
"34679",2,12,14,12
"34680",1,19,20,19
"34681",1,1,2,1
"34682",12,7,19,18
"34683",3,1,4,3
"34684",24,1,25,24
"34685",2,1,3,2
"34686",1,7,8,7
"34687",1,5,6,5
"34688",1,5,6,5
"34689",1,1,2,1
"34690",1,2,3,2
"34691",4,18,22,21
"34692",2,5,7,6
"34693",1,1,2,1
"34694",1,13,14,13
"34695",7,7,14,7
"34696",3,22,25,22
"34697",7,7,14,12
"34698",2,34,36,34
"34699",1,11,12,11
"34700",4,29,33,32
"34701",30,8,38,37
"34702",4,1,5,4
"34703",4,23,27,26
"34704",1,26,27,26
"34705",15,11,26,23
"34706",12,12,24,12
"34707",1,1,2,1
"34708",1,1,2,1
"34709",1,9,10,9
"34710",1,8,9,8
"34711",4,4,8,7
"34712",1,8,9,8
"34713",2,8,10,9
"34714",4,3,7,6
"34715",57,1,58,57
"34716",14,1,15,14
"34717",1,18,19,18
"34718",1,15,16,15
"34719",2,3,5,4
"34720",1,1,2,1
"34721",12,1,13,12
"34722",1,1,2,1
"34723",1,6,7,6
"34724",11,1,12,11
"34725",2,19,21,20
"34726",1,2,3,2
"34727",6,1,7,6
"34728",1,5,6,5
"34729",1,6,7,6
"34730",2,1,3,2
"34731",1,2,3,2
"34732",1,1,2,1
"34733",1,2,3,2
"34734",1,1,2,1
"34735",2,9,11,10
"34736",1,2,3,2
"34737",7,7,14,12
"34738",6,1,7,6
"34739",11,45,56,54
"34740",7,1,8,7
"34741",1,2,3,2
"34742",1,1,2,1
"34743",1,23,24,23
"34744",9,7,16,15
"34745",2,16,18,16
"34746",14,11,25,23
"34747",1,6,7,6
"34748",1,26,27,26
"34749",2,38,40,39
"34750",2,4,6,4
"34751",1,2,3,2
"34752",6,4,10,7
"34753",1,1,2,1
"34754",11,2,13,12
"34755",11,10,21,19
"34756",1,6,7,6
"34757",1,1,2,1
"34758",1,17,18,17
"34759",2,2,4,3
"34760",5,1,6,5
"34761",1,2,3,2
"34762",3,1,4,3
"34763",3,6,9,6
"34764",2,1,3,2
"34765",1,3,4,3
"34766",1,2,3,2
"34767",3,1,4,3
"34768",1,3,4,3
"34769",1,1,2,1
"34770",4,10,14,12
"34771",1,1,2,1
"34772",4,10,14,13
"34773",2,20,22,20
"34774",3,36,39,36
"34775",2,36,38,36
"34776",1,36,37,36
"34777",1,8,9,8
"34778",1,2,3,2
"34779",10,1,11,10
"34780",1,1,2,1
"34781",1,1,2,1
"34782",1,1,2,1
"34783",3,23,26,25
"34784",4,1,5,4
"34785",3,1,4,3
"34786",2,2,4,3
"34787",4,1,5,4
"34788",1,6,7,6
"34789",1,24,25,24
"34790",1,3,4,3
"34791",20,8,28,26
"34792",1,16,17,16
"34793",1,3,4,3
"34794",3,1,4,3
"34795",4,1,5,4
"34796",1,3,4,3
"34797",4,6,10,9
"34798",3,1,4,3
"34799",1,5,6,5
"34800",1,3,4,3
"34801",1,2,3,2
"34802",2,8,10,9
"34803",1,3,4,3
"34804",1,8,9,8
"34805",1,1,2,1
"34806",1,10,11,10
"34807",8,2,10,9
"34808",1,4,5,4
"34809",1,1,2,1
"34810",1,20,21,20
"34811",1,1,2,1
"34812",8,19,27,25
"34813",1,3,4,3
"34814",6,3,9,8
"34815",15,2,17,16
"34816",11,4,15,14
"34817",16,1,17,16
"34818",1,8,9,8
"34819",1,2,3,2
"34820",2,51,53,51
"34821",2,5,7,6
"34822",1,4,5,4
"34823",3,1,4,3
"34824",7,6,13,11
"34825",1,1,2,1
"34826",19,1,20,19
"34827",23,14,37,33
"34828",1,1,2,1
"34829",1,3,4,3
"34830",1,1,2,1
"34831",1,1,2,1
"34832",2,21,23,22
"34833",8,8,16,14
"34834",1,5,6,5
"34835",1,12,13,12
"34836",1,19,20,19
"34837",1,1,2,1
"34838",1,25,26,25
"34839",4,3,7,4
"34840",2,2,4,2
"34841",9,6,15,13
"34842",2,9,11,9
"34843",2,9,11,9
"34844",1,23,24,23
"34845",2,1,3,2
"34846",1,1,2,1
"34847",2,6,8,7
"34848",2,11,13,12
"34849",1,8,9,8
"34850",1,5,6,5
"34851",5,2,7,5
"34852",13,2,15,14
"34853",1,34,35,34
"34854",3,8,11,10
"34855",1,23,24,23
"34856",11,1,12,11
"34857",2,22,24,22
"34858",2,4,6,5
"34859",2,7,9,8
"34860",1,3,4,3
"34861",2,26,28,26
"34862",1,3,4,3
"34863",9,4,13,10
"34864",4,5,9,8
"34865",12,1,13,12
"34866",1,10,11,10
"34867",1,1,2,1
"34868",1,8,9,8
"34869",10,30,40,39
"34870",1,3,4,3
"34871",2,1,3,2
"34872",2,18,20,19
"34873",6,2,8,7
"34874",1,13,14,13
"34875",1,2,3,2
"34876",2,16,18,16
"34877",1,8,9,8
"34878",1,9,10,9
"34879",18,1,19,18
"34880",5,1,6,5
"34881",2,4,6,4
"34882",7,2,9,8
"34883",2,2,4,3
"34884",1,1,2,1
"34885",1,1,2,1
"34886",2,16,18,16
"34887",1,2,3,2
"34888",2,22,24,23
"34889",1,5,6,5
"34890",1,6,7,6
"34891",1,1,2,1
"34892",39,7,46,45
"34893",2,26,28,27
"34894",1,1,2,1
"34895",8,1,9,8
"34896",2,8,10,8
"34897",1,1,2,1
"34898",2,3,5,4
"34899",1,3,4,3
"34900",4,1,5,4
"34901",1,26,27,26
"34902",1,3,4,3
"34903",1,1,2,1
"34904",1,1,2,1
"34905",1,6,7,6
"34906",1,20,21,20
"34907",2,11,13,11
"34908",1,1,2,1
"34909",3,8,11,8
"34910",9,1,10,9
"34911",1,3,4,3
"34912",1,21,22,21
"34913",16,1,17,16
"34914",1,5,6,5
"34915",1,4,5,4
"34916",1,3,4,3
"34917",1,2,3,2
"34918",2,2,4,3
"34919",1,2,3,2
"34920",1,4,5,4
"34921",3,2,5,3
"34922",2,2,4,3
"34923",16,10,26,25
"34924",2,17,19,18
"34925",2,2,4,3
"34926",1,1,2,1
"34927",1,3,4,3
"34928",1,2,3,2
"34929",5,2,7,6
"34930",1,5,6,5
"34931",13,1,14,13
"34932",13,40,53,49
"34933",5,6,11,6
"34934",1,2,3,2
"34935",32,9,41,40
"34936",2,1,3,2
"34937",2,3,5,3
"34938",32,1,33,32
"34939",5,32,37,36
"34940",1,3,4,3
"34941",1,4,5,4
"34942",8,13,21,19
"34943",2,2,4,2
"34944",7,8,15,14
"34945",1,1,2,1
"34946",20,8,28,26
"34947",1,1,2,1
"34948",1,25,26,25
"34949",1,2,3,2
"34950",2,2,4,3
"34951",1,32,33,32
"34952",1,3,4,3
"34953",20,18,38,35
"34954",10,7,17,16
"34955",6,1,7,6
"34956",7,19,26,21
"34957",2,1,3,2
"34958",38,2,40,39
"34959",1,2,3,2
"34960",1,2,3,2
"34961",1,1,2,1
"34962",1,2,3,2
"34963",1,1,2,1
"34964",1,1,2,1
"34965",1,9,10,9
"34966",1,3,4,3
"34967",2,23,25,24
"34968",2,6,8,7
"34969",3,1,4,3
"34970",1,9,10,9
"34971",1,8,9,8
"34972",1,5,6,5
"34973",2,1,3,2
"34974",1,8,9,8
"34975",2,15,17,15
"34976",3,2,5,4
"34977",1,18,19,18
"34978",1,2,3,2
"34979",2,13,15,13
"34980",1,3,4,3
"34981",1,2,3,2
"34982",2,5,7,6
"34983",1,1,2,1
"34984",5,6,11,10
"34985",1,4,5,4
"34986",2,5,7,5
"34987",2,6,8,7
"34988",3,14,17,16
"34989",16,2,18,17
"34990",13,29,42,41
"34991",2,1,3,2
"34992",1,4,5,4
"34993",6,22,28,27
"34994",1,17,18,17
"34995",1,2,3,2
"34996",4,6,10,9
"34997",4,32,36,32
"34998",4,15,19,18
"34999",3,3,6,5
"35000",11,1,12,11
"35001",3,1,4,3
"35002",1,22,23,22
"35003",1,1,2,1
"35004",1,5,6,5
"35005",1,1,2,1
"35006",3,3,6,4
"35007",6,11,17,15
"35008",3,3,6,5
"35009",3,14,17,16
"35010",8,1,9,8
"35011",1,20,21,20
"35012",1,2,3,2
"35013",13,8,21,18
"35014",13,8,21,18
"35015",1,2,3,2
"35016",1,19,20,19
"35017",2,14,16,15
"35018",8,6,14,13
"35019",9,2,11,10
"35020",2,3,5,4
"35021",3,34,37,36
"35022",1,5,6,5
"35023",4,8,12,11
"35024",1,25,26,25
"35025",7,8,15,12
"35026",1,3,4,3
"35027",6,14,20,19
"35028",2,2,4,2
"35029",10,23,33,32
"35030",6,10,16,14
"35031",3,1,4,3
"35032",3,23,26,23
"35033",1,5,6,5
"35034",1,14,15,14
"35035",1,1,2,1
"35036",9,12,21,20
"35037",1,2,3,2
"35038",1,3,4,3
"35039",3,1,4,3
"35040",3,3,6,5
"35041",1,16,17,16
"35042",2,16,18,17
"35043",1,2,3,2
"35044",6,4,10,7
"35045",1,1,2,1
"35046",1,1,2,1
"35047",13,34,47,46
"35048",30,31,61,60
"35049",5,12,17,16
"35050",1,1,2,1
"35051",1,5,6,5
"35052",5,25,30,29
"35053",15,1,16,15
"35054",2,20,22,20
"35055",5,1,6,5
"35056",3,3,6,5
"35057",1,9,10,9
"35058",2,15,17,15
"35059",13,5,18,17
"35060",2,2,4,3
"35061",1,29,30,29
"35062",3,3,6,5
"35063",7,1,8,7
"35064",4,19,23,22
"35065",1,5,6,5
"35066",2,16,18,17
"35067",2,6,8,6
"35068",2,6,8,6
"35069",1,3,4,3
"35070",1,6,7,6
"35071",2,1,3,2
"35072",1,27,28,27
"35073",1,2,3,2
"35074",2,5,7,6
"35075",1,3,4,3
"35076",1,4,5,4
"35077",5,1,6,5
"35078",6,2,8,7
"35079",2,1,3,2
"35080",1,11,12,11
"35081",1,4,5,4
"35082",7,23,30,29
"35083",1,16,17,16
"35084",5,4,9,8
"35085",8,1,9,8
"35086",1,1,2,1
"35087",26,1,27,26
"35088",1,4,5,4
"35089",4,6,10,9
"35090",1,10,11,10
"35091",1,5,6,5
"35092",1,2,3,2
"35093",3,6,9,8
"35094",3,3,6,3
"35095",6,1,7,6
"35096",6,23,29,27
"35097",15,1,16,15
"35098",25,25,50,25
"35099",2,16,18,17
"35100",2,16,18,16
"35101",2,5,7,6
"35102",2,5,7,6
"35103",1,1,2,1
"35104",2,9,11,10
"35105",2,8,10,9
"35106",19,29,48,47
"35107",1,1,2,1
"35108",1,1,2,1
"35109",1,45,46,45
"35110",2,4,6,5
"35111",1,1,2,1
"35112",5,9,14,12
"35113",2,25,27,26
"35114",1,10,11,10
"35115",4,4,8,7
"35116",3,12,15,14
"35117",3,11,14,13
"35118",1,1,2,1
"35119",1,2,3,2
"35120",14,19,33,29
"35121",7,1,8,7
"35122",1,3,4,3
"35123",2,14,16,15
"35124",1,29,30,29
"35125",11,10,21,20
"35126",3,2,5,4
"35127",1,2,3,2
"35128",1,18,19,18
"35129",1,2,3,2
"35130",2,1,3,2
"35131",1,5,6,5
"35132",10,1,11,10
"35133",1,1,2,1
"35134",1,13,14,13
"35135",1,2,3,2
"35136",1,5,6,5
"35137",14,9,23,20
"35138",3,3,6,5
"35139",1,1,2,1
"35140",1,9,10,9
"35141",30,16,46,39
"35142",2,2,4,2
"35143",1,2,3,2
"35144",1,13,14,13
"35145",1,7,8,7
"35146",4,21,25,24
"35147",14,22,36,35
"35148",1,1,2,1
"35149",19,10,29,28
"35150",1,2,3,2
"35151",3,7,10,9
"35152",1,8,9,8
"35153",1,23,24,23
"35154",2,1,3,2
"35155",2,2,4,2
"35156",1,2,3,2
"35157",2,1,3,2
"35158",1,1,2,1
"35159",12,5,17,16
"35160",2,1,3,2
"35161",2,19,21,20
"35162",2,4,6,4
"35163",1,5,6,5
"35164",1,6,7,6
"35165",1,1,2,1
"35166",1,1,2,1
"35167",4,12,16,14
"35168",7,8,15,14
"35169",5,1,6,5
"35170",1,1,2,1
"35171",3,1,4,3
"35172",10,39,49,48
"35173",1,1,2,1
"35174",1,8,9,8
"35175",1,11,12,11
"35176",2,1,3,2
"35177",1,6,7,6
"35178",4,1,5,4
"35179",6,2,8,7
"35180",2,17,19,18
"35181",1,5,6,5
"35182",1,1,2,1
"35183",3,5,8,5
"35184",1,2,3,2
"35185",2,13,15,14
"35186",1,22,23,22
"35187",1,1,2,1
"35188",4,1,5,4
"35189",1,4,5,4
"35190",2,3,5,4
"35191",1,1,2,1
"35192",2,1,3,2
"35193",9,5,14,12
"35194",8,7,15,13
"35195",4,2,6,5
"35196",2,3,5,4
"35197",1,1,2,1
"35198",15,1,16,15
"35199",4,3,7,5
"35200",4,3,7,5
"35201",24,3,27,25
"35202",2,18,20,18
"35203",2,14,16,14
"35204",3,25,28,26
"35205",1,47,48,47
"35206",1,1,2,1
"35207",2,1,3,2
"35208",7,1,8,7
"35209",3,6,9,6
"35210",9,1,10,9
"35211",2,81,83,81
"35212",1,1,2,1
"35213",2,1,3,2
"35214",30,2,32,30
"35215",1,1,2,1
"35216",2,26,28,27
"35217",1,9,10,9
"35218",1,18,19,18
"35219",1,10,11,10
"35220",26,1,27,26
"35221",13,14,27,25
"35222",13,14,27,25
"35223",1,13,14,13
"35224",1,1,2,1
"35225",1,3,4,3
"35226",2,1,3,2
"35227",1,3,4,3
"35228",2,2,4,3
"35229",1,1,2,1
"35230",2,2,4,3
"35231",20,2,22,21
"35232",30,20,50,48
"35233",1,3,4,3
"35234",6,26,32,28
"35235",1,2,3,2
"35236",1,4,5,4
"35237",1,2,3,2
"35238",1,2,3,2
"35239",9,19,28,26
"35240",1,1,2,1
"35241",1,45,46,45
"35242",1,27,28,27
"35243",2,3,5,4
"35244",1,32,33,32
"35245",12,1,13,12
"35246",1,17,18,17
"35247",6,2,8,7
"35248",1,81,82,81
"35249",1,1,2,1
"35250",4,1,5,4
"35251",2,9,11,9
"35252",1,1,2,1
"35253",1,10,11,10
"35254",3,8,11,10
"35255",1,2,3,2
"35256",4,25,29,28
"35257",6,23,29,27
"35258",3,3,6,5
"35259",2,2,4,3
"35260",1,1,2,1
"35261",8,1,9,8
"35262",1,17,18,17
"35263",9,16,25,24
"35264",1,1,2,1
"35265",1,2,3,2
"35266",4,1,5,4
"35267",1,8,9,8
"35268",8,8,16,15
"35269",4,3,7,6
"35270",1,1,2,1
"35271",1,1,2,1
"35272",30,12,42,41
"35273",2,15,17,16
"35274",17,1,18,17
"35275",1,1,2,1
"35276",1,22,23,22
"35277",43,16,59,58
"35278",1,3,4,3
"35279",1,3,4,3
"35280",1,16,17,16
"35281",18,18,36,18
"35282",2,2,4,3
"35283",2,2,4,3
"35284",5,1,6,5
"35285",1,1,2,1
"35286",4,1,5,4
"35287",2,1,3,2
"35288",10,1,11,10
"35289",1,2,3,2
"35290",4,1,5,4
"35291",1,4,5,4
"35292",1,1,2,1
"35293",3,23,26,25
"35294",1,34,35,34
"35295",5,1,6,5
"35296",3,1,4,3
"35297",1,9,10,9
"35298",2,14,16,15
"35299",1,5,6,5
"35300",10,10,20,10
"35301",1,2,3,2
"35302",1,9,10,9
"35303",1,2,3,2
"35304",1,3,4,3
"35305",13,1,14,13
"35306",17,17,34,17
"35307",1,16,17,16
"35308",1,2,3,2
"35309",32,2,34,32
"35310",1,6,7,6
"35311",1,3,4,3
"35312",1,7,8,7
"35313",1,10,11,10
"35314",1,17,18,17
"35315",1,44,45,44
"35316",1,1,2,1
"35317",2,1,3,2
"35318",1,6,7,6
"35319",1,4,5,4
"35320",7,4,11,10
"35321",9,2,11,10
"35322",1,1,2,1
"35323",1,5,6,5
"35324",10,6,16,15
"35325",6,14,20,19
"35326",1,14,15,14
"35327",10,3,13,12
"35328",1,1,2,1
"35329",21,11,32,28
"35330",11,21,32,28
"35331",6,19,25,24
"35332",2,2,4,2
"35333",1,1,2,1
"35334",1,5,6,5
"35335",3,6,9,8
"35336",1,3,4,3
"35337",2,6,8,7
"35338",1,1,2,1
"35339",10,10,20,10
"35340",1,5,6,5
"35341",1,26,27,26
"35342",16,5,21,20
"35343",2,26,28,27
"35344",5,5,10,6
"35345",2,1,3,2
"35346",2,1,3,2
"35347",3,1,4,3
"35348",1,3,4,3
"35349",1,1,2,1
"35350",5,13,18,17
"35351",13,13,26,13
"35352",1,1,2,1
"35353",1,2,3,2
"35354",2,3,5,4
"35355",1,7,8,7
"35356",7,14,21,20
"35357",1,1,2,1
"35358",4,33,37,36
"35359",6,14,20,18
"35360",3,5,8,7
"35361",1,7,8,7
"35362",1,2,3,2
"35363",1,7,8,7
"35364",1,3,4,3
"35365",2,8,10,9
"35366",1,8,9,8
"35367",1,4,5,4
"35368",3,13,16,15
"35369",2,28,30,28
"35370",3,47,50,49
"35371",2,26,28,26
"35372",1,1,2,1
"35373",1,3,4,3
"35374",1,12,13,12
"35375",3,5,8,6
"35376",4,7,11,9
"35377",1,17,18,17
"35378",5,18,23,21
"35379",3,2,5,4
"35380",2,15,17,16
"35381",1,3,4,3
"35382",1,5,6,5
"35383",1,1,2,1
"35384",8,6,14,12
"35385",2,17,19,17
"35386",3,1,4,3
"35387",17,2,19,18
"35388",3,12,15,12
"35389",3,5,8,5
"35390",14,1,15,14
"35391",3,7,10,8
"35392",1,4,5,4
"35393",2,13,15,14
"35394",1,8,9,8
"35395",1,5,6,5
"35396",1,7,8,7
"35397",1,45,46,45
"35398",1,1,2,1
"35399",1,6,7,6
"35400",3,5,8,7
"35401",1,2,3,2
"35402",11,2,13,12
"35403",1,1,2,1
"35404",2,2,4,3
"35405",1,2,3,2
"35406",1,5,6,5
"35407",1,4,5,4
"35408",2,4,6,4
"35409",1,1,2,1
"35410",2,5,7,6
"35411",3,11,14,13
"35412",1,2,3,2
"35413",2,9,11,10
"35414",1,10,11,10
"35415",1,8,9,8
"35416",3,18,21,20
"35417",3,25,28,26
"35418",1,9,10,9
"35419",10,3,13,12
"35420",2,19,21,19
"35421",1,3,4,3
"35422",1,1,2,1
"35423",1,2,3,2
"35424",1,4,5,4
"35425",1,4,5,4
"35426",2,22,24,23
"35427",3,4,7,5
"35428",1,1,2,1
"35429",1,13,14,13
"35430",11,11,22,11
"35431",4,24,28,26
"35432",3,6,9,8
"35433",1,3,4,3
"35434",1,13,14,13
"35435",1,8,9,8
"35436",1,1,2,1
"35437",2,9,11,9
"35438",1,20,21,20
"35439",2,7,9,8
"35440",2,10,12,11
"35441",1,10,11,10
"35442",1,10,11,10
"35443",3,24,27,25
"35444",2,32,34,32
"35445",4,7,11,9
"35446",4,6,10,8
"35447",3,23,26,24
"35448",2,4,6,5
"35449",1,25,26,25
"35450",1,5,6,5
"35451",2,35,37,36
"35452",1,16,17,16
"35453",2,4,6,5
"35454",1,8,9,8
"35455",2,11,13,11
"35456",15,25,40,39
"35457",21,11,32,31
"35458",4,42,46,42
"35459",1,1,2,1
"35460",1,10,11,10
"35461",1,18,19,18
"35462",1,2,3,2
"35463",3,4,7,6
"35464",1,1,2,1
"35465",3,21,24,23
"35466",1,7,8,7
"35467",1,29,30,29
"35468",1,20,21,20
"35469",1,2,3,2
"35470",5,15,20,18
"35471",1,3,4,3
"35472",2,2,4,3
"35473",32,14,46,45
"35474",1,10,11,10
"35475",2,10,12,10
"35476",2,36,38,36
"35477",2,3,5,3
"35478",4,22,26,24
"35479",1,4,5,4
"35480",1,12,13,12
"35481",3,24,27,25
"35482",1,21,22,21
"35483",2,4,6,4
"35484",1,12,13,12
"35485",3,8,11,10
"35486",1,1,2,1
"35487",1,1,2,1
"35488",3,6,9,8
"35489",2,7,9,8
"35490",4,9,13,10
"35491",2,6,8,7
"35492",2,13,15,14
"35493",3,5,8,7
"35494",1,2,3,2
"35495",2,13,15,14
"35496",1,2,3,2
"35497",1,1,2,1
"35498",2,4,6,5
"35499",3,5,8,7
"35500",1,8,9,8
"35501",2,28,30,28
"35502",1,1,2,1
"35503",1,32,33,32
"35504",2,3,5,3
"35505",2,3,5,4
"35506",1,22,23,22
"35507",3,9,12,11
"35508",2,19,21,20
"35509",1,1,2,1
"35510",2,6,8,6
"35511",1,2,3,2
"35512",1,8,9,8
"35513",1,29,30,29
"35514",1,22,23,22
"35515",8,9,17,16
"35516",1,17,18,17
"35517",1,33,34,33
"35518",1,12,13,12
"35519",1,2,3,2
"35520",3,3,6,5
"35521",8,25,33,32
"35522",2,16,18,16
"35523",1,1,2,1
"35524",1,4,5,4
"35525",1,2,3,2
"35526",1,4,5,4
"35527",1,28,29,28
"35528",1,9,10,9
"35529",4,2,6,5
"35530",2,9,11,10
"35531",1,6,7,6
"35532",1,2,3,2
"35533",3,31,34,32
"35534",1,4,5,4
"35535",1,4,5,4
"35536",22,22,44,43
"35537",21,18,39,38
"35538",3,8,11,8
"35539",5,6,11,10
"35540",9,14,23,22
"35541",13,8,21,20
"35542",3,9,12,9
"35543",1,5,6,5
"35544",1,9,10,9
"35545",1,3,4,3
"35546",1,4,5,4
"35547",1,4,5,4
"35548",2,5,7,6
"35549",1,8,9,8
"35550",1,7,8,7
"35551",1,11,12,11
"35552",1,2,3,2
"35553",3,32,35,34
"35554",1,8,9,8
"35555",1,2,3,2
"35556",1,1,2,1
"35557",1,1,2,1
"35558",1,1,2,1
"35559",1,10,11,10
"35560",1,17,18,17
"35561",1,12,13,12
"35562",1,11,12,11
"35563",2,6,8,7
"35564",5,20,25,23
"35565",3,10,13,12
"35566",1,8,9,8
"35567",1,12,13,12
"35568",1,1,2,1
"35569",1,8,9,8
"35570",2,28,30,29
"35571",2,2,4,2
"35572",5,7,12,8
"35573",1,6,7,6
"35574",1,3,4,3
"35575",1,9,10,9
"35576",4,8,12,9
"35577",1,10,11,10
"35578",2,42,44,43
"35579",1,1,2,1
"35580",1,2,3,2
"35581",1,2,3,2
"35582",1,4,5,4
"35583",1,2,3,2
"35584",1,1,2,1
"35585",1,2,3,2
"35586",1,1,2,1
"35587",3,1,4,3
"35588",5,15,20,19
"35589",1,6,7,6
"35590",1,12,13,12
"35591",1,9,10,9
"35592",3,2,5,4
"35593",1,1,2,1
"35594",1,4,5,4
"35595",2,30,32,31
"35596",1,3,4,3
"35597",16,24,40,37
"35598",1,4,5,4
"35599",2,3,5,4
"35600",1,10,11,10
"35601",1,10,11,10
"35602",1,17,18,17
"35603",4,28,32,31
"35604",4,29,33,30
"35605",1,6,7,6
"35606",1,12,13,12
"35607",1,10,11,10
"35608",1,1,2,1
"35609",1,6,7,6
"35610",4,14,18,17
"35611",1,1,2,1
"35612",2,5,7,5
"35613",1,14,15,14
"35614",1,16,17,16
"35615",2,7,9,7
"35616",3,10,13,12
"35617",3,4,7,6
"35618",2,32,34,33
"35619",2,26,28,27
"35620",1,8,9,8
"35621",5,22,27,25
"35622",4,176,180,179
"35623",1,2,3,2
"35624",2,8,10,8
"35625",1,5,6,5
"35626",1,4,5,4
"35627",1,1,2,1
"35628",1,23,24,23
"35629",1,1,2,1
"35630",1,18,19,18
"35631",1,6,7,6
"35632",1,2,3,2
"35633",1,9,10,9
"35634",1,41,42,41
"35635",2,16,18,17
"35636",1,2,3,2
"35637",18,4,22,18
"35638",4,14,18,15
"35639",1,7,8,7
"35640",2,8,10,9
"35641",1,6,7,6
"35642",1,18,19,18
"35643",1,3,4,3
"35644",1,5,6,5
"35645",2,8,10,9
"35646",2,7,9,8
"35647",1,1,2,1
"35648",1,2,3,2
"35649",1,3,4,3
"35650",30,12,42,41
"35651",13,1,14,13
"35652",15,11,26,25
"35653",9,9,18,9
"35654",18,18,36,18
"35655",22,17,39,38
"35656",3,28,31,29
"35657",1,13,14,13
"35658",2,9,11,10
"35659",1,5,6,5
"35660",1,9,10,9
"35661",1,17,18,17
"35662",3,17,20,19
"35663",12,13,25,24
"35664",1,30,31,30
"35665",1,12,13,12
"35666",1,9,10,9
"35667",2,4,6,5
"35668",1,11,12,11
"35669",1,1,2,1
"35670",14,4,18,17
"35671",1,1,2,1
"35672",1,2,3,2
"35673",1,28,29,28
"35674",1,9,10,9
"35675",1,1,2,1
"35676",1,4,5,4
"35677",1,4,5,4
"35678",1,7,8,7
"35679",1,7,8,7
"35680",2,53,55,54
"35681",1,15,16,15
"35682",6,6,12,9
"35683",3,16,19,18
"35684",2,6,8,7
"35685",2,18,20,18
"35686",1,10,11,10
"35687",1,1,2,1
"35688",2,19,21,19
"35689",1,6,7,6
"35690",1,3,4,3
"35691",2,3,5,4
"35692",1,27,28,27
"35693",2,12,14,13
"35694",2,15,17,16
"35695",2,5,7,6
"35696",2,2,4,3
"35697",2,17,19,18
"35698",1,7,8,7
"35699",2,3,5,4
"35700",1,5,6,5
"35701",1,27,28,27
"35702",5,18,23,22
"35703",1,2,3,2
"35704",5,57,62,58
"35705",1,45,46,45
"35706",1,1,2,1
"35707",2,1,3,2
"35708",1,12,13,12
"35709",1,22,23,22
"35710",3,12,15,13
"35711",2,18,20,18
"35712",4,48,52,50
"35713",1,6,7,6
"35714",1,1,2,1
"35715",1,2,3,2
"35716",1,11,12,11
"35717",1,12,13,12
"35718",1,8,9,8
"35719",7,3,10,7
"35720",13,2,15,13
"35721",2,9,11,9
"35722",1,26,27,26
"35723",2,27,29,28
"35724",11,11,22,11
"35725",11,11,22,11
"35726",1,1,2,1
"35727",2,1,3,2
"35728",1,18,19,18
"35729",2,24,26,25
"35730",18,7,25,24
"35731",1,2,3,2
"35732",1,1,2,1
"35733",1,1,2,1
"35734",4,18,22,21
"35735",1,43,44,43
"35736",1,13,14,13
"35737",1,43,44,43
"35738",1,9,10,9
"35739",1,3,4,3
"35740",17,35,52,49
"35741",3,39,42,39
"35742",5,10,15,13
"35743",1,6,7,6
"35744",2,12,14,13
"35745",1,11,12,11
"35746",1,2,3,2
"35747",1,10,11,10
"35748",3,40,43,40
"35749",10,43,53,52
"35750",1,10,11,10
"35751",2,17,19,18
"35752",1,18,19,18
"35753",1,15,16,15
"35754",2,4,6,4
"35755",3,10,13,12
"35756",3,7,10,9
"35757",15,7,22,21
"35758",10,25,35,30
"35759",1,1,2,1
"35760",1,24,25,24
"35761",1,2,3,2
"35762",1,14,15,14
"35763",3,30,33,32
"35764",1,15,16,15
"35765",1,2,3,2
"35766",2,7,9,8
"35767",5,28,33,32
"35768",1,5,6,5
"35769",8,8,16,8
"35770",1,42,43,42
"35771",1,5,6,5
"35772",3,1,4,3
"35773",2,22,24,22
"35774",2,32,34,32
"35775",3,9,12,10
"35776",2,4,6,4
"35777",1,4,5,4
"35778",1,9,10,9
"35779",1,19,20,19
"35780",1,15,16,15
"35781",1,12,13,12
"35782",1,12,13,12
"35783",1,25,26,25
"35784",1,5,6,5
"35785",24,7,31,28
"35786",1,3,4,3
"35787",1,2,3,2
"35788",13,2,15,14
"35789",1,12,13,12
"35790",1,9,10,9
"35791",2,15,17,16
"35792",1,6,7,6
"35793",1,29,30,29
"35794",3,4,7,5
"35795",1,5,6,5
"35796",1,7,8,7
"35797",1,7,8,7
"35798",3,9,12,11
"35799",2,17,19,17
"35800",3,6,9,8
"35801",2,45,47,46
"35802",2,3,5,3
"35803",2,5,7,5
"35804",1,25,26,25
"35805",1,1,2,1
"35806",1,14,15,14
"35807",1,14,15,14
"35808",1,8,9,8
"35809",1,6,7,6
"35810",1,10,11,10
"35811",2,15,17,15
"35812",7,17,24,21
"35813",2,8,10,9
"35814",2,9,11,9
"35815",2,15,17,15
"35816",2,16,18,16
"35817",1,8,9,8
"35818",1,28,29,28
"35819",2,30,32,31
"35820",1,12,13,12
"35821",1,28,29,28
"35822",1,7,8,7
"35823",8,8,16,8
"35824",2,2,4,3
"35825",18,18,36,18
"35826",1,5,6,5
"35827",1,4,5,4
"35828",3,6,9,8
"35829",1,2,3,2
"35830",2,6,8,7
"35831",3,27,30,27
"35832",1,1,2,1
"35833",2,26,28,27
"35834",1,7,8,7
"35835",4,5,9,7
"35836",1,5,6,5
"35837",1,24,25,24
"35838",1,12,13,12
"35839",2,15,17,16
"35840",11,17,28,27
"35841",17,3,20,19
"35842",1,24,25,24
"35843",18,7,25,24
"35844",10,6,16,15
"35845",5,2,7,6
"35846",3,8,11,9
"35847",1,14,15,14
"35848",1,1,2,1
"35849",2,2,4,2
"35850",1,8,9,8
"35851",2,18,20,19
"35852",1,6,7,6
"35853",2,2,4,3
"35854",1,11,12,11
"35855",1,11,12,11
"35856",1,1,2,1
"35857",1,3,4,3
"35858",1,1,2,1
"35859",1,22,23,22
"35860",3,7,10,9
"35861",12,20,32,31
"35862",5,3,8,7
"35863",1,44,45,44
"35864",3,1,4,3
"35865",4,12,16,13
"35866",7,1,8,7
"35867",1,4,5,4
"35868",1,7,8,7
"35869",2,18,20,19
"35870",2,5,7,6
"35871",1,4,5,4
"35872",2,7,9,8
"35873",1,3,4,3
"35874",1,4,5,4
"35875",7,13,20,19
"35876",1,10,11,10
"35877",1,5,6,5
"35878",1,4,5,4
"35879",3,11,14,13
"35880",4,16,20,18
"35881",1,5,6,5
"35882",1,15,16,15
"35883",3,4,7,6
"35884",1,3,4,3
"35885",2,9,11,9
"35886",5,18,23,19
"35887",1,1,2,1
"35888",1,20,21,20
"35889",2,26,28,27
"35890",1,1,2,1
"35891",3,41,44,42
"35892",1,11,12,11
"35893",2,7,9,8
"35894",1,5,6,5
"35895",1,13,14,13
"35896",6,14,20,19
"35897",3,23,26,23
"35898",1,9,10,9
"35899",9,7,16,15
"35900",24,22,46,44
"35901",2,11,13,12
"35902",3,17,20,18
"35903",3,5,8,5
"35904",1,1,2,1
"35905",2,8,10,8
"35906",1,10,11,10
"35907",1,15,16,15
"35908",1,31,32,31
"35909",1,5,6,5
"35910",1,4,5,4
"35911",1,18,19,18
"35912",3,10,13,12
"35913",3,8,11,10
"35914",2,40,42,41
"35915",1,5,6,5
"35916",2,6,8,7
"35917",2,19,21,20
"35918",2,5,7,5
"35919",1,6,7,6
"35920",11,27,38,34
"35921",1,8,9,8
"35922",1,17,18,17
"35923",1,6,7,6
"35924",35,17,52,49
"35925",4,23,27,26
"35926",3,1,4,3
"35927",1,2,3,2
"35928",2,11,13,11
"35929",1,3,4,3
"35930",4,7,11,9
"35931",2,16,18,17
"35932",1,2,3,2
"35933",3,17,20,18
"35934",3,10,13,10
"35935",1,26,27,26
"35936",2,2,4,3
"35937",1,12,13,12
"35938",3,22,25,23
"35939",2,2,4,3
"35940",10,11,21,20
"35941",3,36,39,37
"35942",11,11,22,11
"35943",13,11,24,23
"35944",9,2,11,9
"35945",4,1,5,4
"35946",10,10,20,10
"35947",2,9,11,9
"35948",2,10,12,11
"35949",1,7,8,7
"35950",13,1,14,13
"35951",9,24,33,28
"35952",1,4,5,4
"35953",1,3,4,3
"35954",1,3,4,3
"35955",2,2,4,3
"35956",1,8,9,8
"35957",1,5,6,5
"35958",1,7,8,7
"35959",1,4,5,4
"35960",1,3,4,3
"35961",3,3,6,3
"35962",14,14,28,14
"35963",2,6,8,7
"35964",2,38,40,38
"35965",1,2,3,2
"35966",2,26,28,27
"35967",1,6,7,6
"35968",1,5,6,5
"35969",1,12,13,12
"35970",2,19,21,20
"35971",2,6,8,6
"35972",1,4,5,4
"35973",1,6,7,6
"35974",2,21,23,21
"35975",7,45,52,51
"35976",1,25,26,25
"35977",1,20,21,20
"35978",28,4,32,31
"35979",2,7,9,7
"35980",2,9,11,9
"35981",1,3,4,3
"35982",2,6,8,6
"35983",6,11,17,16
"35984",2,12,14,13
"35985",5,12,17,14
"35986",1,4,5,4
"35987",1,17,18,17
"35988",1,9,10,9
"35989",1,2,3,2
"35990",3,18,21,18
"35991",1,1,2,1
"35992",1,9,10,9
"35993",2,26,28,26
"35994",19,19,38,37
"35995",25,12,37,36
"35996",1,1,2,1
"35997",2,5,7,5
"35998",1,2,3,2
"35999",2,9,11,9
"36000",1,14,15,14
"36001",2,17,19,18
"36002",6,23,29,24
"36003",4,37,41,40
"36004",3,43,46,45
"36005",2,2,4,3
"36006",2,16,18,17
"36007",3,13,16,14
"36008",7,1,8,7
"36009",5,16,21,17
"36010",22,22,44,22
"36011",1,30,31,30
"36012",1,2,3,2
"36013",2,18,20,18
"36014",1,3,4,3
"36015",1,11,12,11
"36016",1,2,3,2
"36017",4,5,9,7
"36018",3,12,15,13
"36019",1,2,3,2
"36020",3,8,11,9
"36021",1,30,31,30
"36022",3,14,17,16
"36023",1,4,5,4
"36024",1,36,37,36
"36025",5,41,46,41
"36026",1,3,4,3
"36027",2,4,6,4
"36028",2,28,30,29
"36029",2,7,9,8
"36030",2,4,6,5
"36031",1,2,3,2
"36032",2,32,34,33
"36033",2,10,12,11
"36034",2,15,17,15
"36035",1,10,11,10
"36036",3,25,28,26
"36037",1,9,10,9
"36038",3,10,13,11
"36039",3,9,12,10
"36040",22,29,51,49
"36041",3,12,15,13
"36042",2,11,13,11
"36043",3,15,18,17
"36044",1,15,16,15
"36045",3,6,9,8
"36046",36,3,39,37
"36047",1,3,4,3
"36048",1,2,3,2
"36049",4,10,14,13
"36050",2,33,35,33
"36051",1,4,5,4
"36052",1,15,16,15
"36053",2,17,19,17
"36054",2,24,26,25
"36055",7,81,88,87
"36056",1,3,4,3
"36057",4,3,7,6
"36058",1,12,13,12
"36059",2,1,3,2
"36060",4,26,30,28
"36061",4,4,8,7
"36062",4,5,9,8
"36063",5,13,18,17
"36064",1,11,12,11
"36065",2,21,23,21
"36066",1,10,11,10
"36067",17,17,34,17
"36068",7,32,39,35
"36069",7,7,14,13
"36070",16,16,32,16
"36071",2,10,12,11
"36072",3,9,12,10
"36073",1,1,2,1
"36074",1,12,13,12
"36075",1,2,3,2
"36076",7,42,49,48
"36077",1,23,24,23
"36078",1,81,82,81
"36079",2,26,28,27
"36080",1,20,21,20
"36081",1,16,17,16
"36082",1,1,2,1
"36083",1,18,19,18
"36084",2,8,10,9
"36085",15,22,37,36
"36086",1,32,33,32
"36087",1,11,12,11
"36088",2,16,18,16
"36089",1,3,4,3
"36090",1,2,3,2
"36091",4,10,14,13
"36092",1,8,9,8
"36093",1,6,7,6
"36094",1,1,2,1
"36095",3,22,25,23
"36096",4,32,36,34
"36097",1,4,5,4
"36098",1,1,2,1
"36099",2,12,14,13
"36100",2,22,24,22
"36101",2,35,37,36
"36102",1,36,37,36
"36103",1,1,2,1
"36104",1,38,39,38
"36105",1,2,3,2
"36106",1,6,7,6
"36107",1,4,5,4
"36108",7,23,30,27
"36109",1,1,2,1
"36110",1,10,11,10
"36111",1,5,6,5
"36112",1,2,3,2
"36113",2,16,18,16
"36114",2,4,6,4
"36115",1,7,8,7
"36116",3,23,26,23
"36117",2,11,13,12
"36118",1,10,11,10
"36119",3,25,28,26
"36120",7,11,18,17
"36121",5,7,12,11
"36122",2,38,40,38
"36123",1,6,7,6
"36124",4,30,34,32
"36125",1,19,20,19
"36126",3,19,22,20
"36127",1,3,4,3
"36128",1,8,9,8
"36129",3,3,6,5
"36130",2,25,27,26
"36131",2,81,83,81
"36132",1,17,18,17
"36133",1,14,15,14
"36134",1,7,8,7
"36135",1,3,4,3
"36136",4,11,15,11
"36137",1,14,15,14
"36138",3,20,23,20
"36139",2,11,13,11
"36140",4,12,16,15
"36141",1,9,10,9
"36142",1,7,8,7
"36143",1,19,20,19
"36144",4,10,14,13
"36145",2,5,7,6
"36146",27,32,59,58
"36147",3,4,7,6
"36148",21,1,22,21
"36149",2,15,17,16
"36150",1,11,12,11
"36151",3,81,84,82
"36152",1,4,5,4
"36153",2,2,4,3
"36154",36,5,41,38
"36155",4,5,9,7
"36156",2,7,9,7
"36157",2,8,10,9
"36158",3,12,15,12
"36159",1,3,4,3
"36160",2,4,6,5
"36161",2,2,4,3
"36162",3,15,18,16
"36163",1,6,7,6
"36164",5,12,17,12
"36165",3,13,16,14
"36166",1,28,29,28
"36167",3,1,4,3
"36168",5,18,23,19
"36169",2,15,17,15
"36170",3,6,9,8
"36171",4,29,33,32
"36172",1,3,4,3
"36173",3,9,12,9
"36174",1,33,34,33
"36175",1,10,11,10
"36176",2,34,36,35
"36177",3,12,15,13
"36178",1,10,11,10
"36179",1,11,12,11
"36180",3,1,4,3
"36181",2,4,6,5
"36182",4,11,15,14
"36183",2,18,20,19
"36184",1,1,2,1
"36185",1,28,29,28
"36186",1,13,14,13
"36187",8,6,14,12
"36188",1,3,4,3
"36189",1,4,5,4
"36190",3,12,15,13
"36191",2,32,34,32
"36192",3,18,21,19
"36193",2,6,8,6
"36194",4,3,7,5
"36195",1,18,19,18
"36196",1,4,5,4
"36197",1,31,32,31
"36198",5,10,15,13
"36199",1,11,12,11
"36200",5,21,26,25
"36201",2,14,16,15
"36202",1,2,3,2
"36203",24,1,25,24
"36204",8,2,10,9
"36205",2,1,3,2
"36206",1,13,14,13
"36207",3,7,10,8
"36208",1,3,4,3
"36209",1,2,3,2
"36210",2,6,8,7
"36211",1,8,9,8
"36212",3,41,44,41
"36213",5,13,18,15
"36214",4,8,12,9
"36215",2,7,9,8
"36216",1,8,9,8
"36217",1,2,3,2
"36218",13,11,24,23
"36219",1,13,14,13
"36220",1,17,18,17
"36221",2,15,17,15
"36222",1,4,5,4
"36223",2,1,3,2
"36224",1,9,10,9
"36225",1,5,6,5
"36226",3,3,6,4
"36227",1,2,3,2
"36228",5,18,23,21
"36229",1,5,6,5
"36230",1,12,13,12
"36231",4,14,18,16
"36232",1,12,13,12
"36233",1,2,3,2
"36234",1,3,4,3
"36235",1,1,2,1
"36236",1,60,61,60
"36237",2,6,8,7
"36238",3,4,7,5
"36239",3,9,12,11
"36240",1,10,11,10
"36241",1,7,8,7
"36242",3,5,8,7
"36243",1,44,45,44
"36244",3,20,23,21
"36245",1,12,13,12
"36246",3,12,15,14
"36247",1,7,8,7
"36248",2,9,11,9
"36249",2,3,5,4
"36250",25,1,26,25
"36251",17,17,34,17
"36252",3,6,9,6
"36253",2,5,7,6
"36254",1,7,8,7
"36255",2,11,13,11
"36256",1,5,6,5
"36257",5,22,27,25
"36258",2,25,27,26
"36259",2,7,9,8
"36260",1,29,30,29
"36261",1,7,8,7
"36262",2,14,16,15
"36263",1,32,33,32
"36264",1,5,6,5
"36265",1,1,2,1
"36266",7,3,10,9
"36267",1,13,14,13
"36268",4,9,13,11
"36269",1,1,2,1
"36270",1,6,7,6
"36271",3,81,84,82
"36272",1,18,19,18
"36273",1,4,5,4
"36274",1,4,5,4
"36275",1,4,5,4
"36276",5,18,23,19
"36277",1,14,15,14
"36278",5,5,10,5
"36279",1,1,2,1
"36280",3,13,16,15
"36281",5,15,20,19
"36282",5,36,41,40
"36283",5,15,20,17
"36284",2,11,13,11
"36285",3,3,6,4
"36286",3,7,10,9
"36287",1,7,8,7
"36288",1,6,7,6
"36289",2,9,11,9
"36290",1,10,11,10
"36291",3,5,8,7
"36292",3,5,8,6
"36293",1,16,17,16
"36294",1,24,25,24
"36295",9,6,15,13
"36296",2,39,41,39
"36297",1,13,14,13
"36298",2,32,34,33
"36299",6,9,15,14
"36300",2,10,12,11
"36301",38,13,51,50
"36302",11,1,12,11
"36303",6,4,10,9
"36304",8,13,21,19
"36305",2,33,35,34
"36306",1,7,8,7
"36307",3,1,4,3
"36308",1,24,25,24
"36309",2,11,13,11
"36310",5,1,6,5
"36311",3,20,23,21
"36312",1,7,8,7
"36313",2,6,8,7
"36314",1,12,13,12
"36315",1,20,21,20
"36316",3,18,21,20
"36317",1,23,24,23
"36318",1,5,6,5
"36319",8,15,23,21
"36320",1,9,10,9
"36321",2,6,8,6
"36322",1,5,6,5
"36323",24,12,36,35
"36324",2,5,7,5
"36325",1,1,2,1
"36326",1,3,4,3
"36327",3,27,30,27
"36328",2,22,24,22
"36329",2,4,6,4
"36330",1,19,20,19
"36331",1,14,15,14
"36332",4,2,6,5
"36333",3,11,14,13
"36334",2,18,20,19
"36335",2,1,3,2
"36336",1,6,7,6
"36337",3,11,14,13
"36338",2,3,5,4
"36339",1,15,16,15
"36340",1,4,5,4
"36341",15,15,30,15
"36342",1,5,6,5
"36343",3,11,14,13
"36344",1,6,7,6
"36345",1,11,12,11
"36346",3,1,4,3
"36347",3,22,25,23
"36348",1,2,3,2
"36349",4,36,40,37
"36350",1,6,7,6
"36351",1,4,5,4
"36352",1,12,13,12
"36353",2,19,21,20
"36354",1,28,29,28
"36355",2,4,6,5
"36356",1,2,3,2
"36357",1,9,10,9
"36358",2,15,17,16
"36359",3,26,29,27
"36360",4,27,31,30
"36361",2,10,12,11
"36362",2,21,23,21
"36363",6,7,13,10
"36364",3,5,8,5
"36365",3,1,4,3
"36366",7,7,14,7
"36367",1,20,21,20
"36368",6,9,15,14
"36369",1,5,6,5
"36370",1,18,19,18
"36371",1,21,22,21
"36372",1,3,4,3
"36373",1,9,10,9
"36374",2,18,20,18
"36375",1,4,5,4
"36376",5,37,42,40
"36377",1,1,2,1
"36378",1,14,15,14
"36379",3,6,9,7
"36380",1,4,5,4
"36381",1,15,16,15
"36382",4,6,10,7
"36383",1,18,19,18
"36384",2,20,22,21
"36385",3,6,9,8
"36386",1,29,30,29
"36387",5,57,62,58
"36388",1,14,15,14
"36389",1,5,6,5
"36390",1,3,4,3
"36391",1,2,3,2
"36392",1,43,44,43
"36393",1,14,15,14
"36394",2,2,4,2
"36395",1,6,7,6
"36396",1,3,4,3
"36397",4,30,34,32
"36398",1,5,6,5
"36399",5,24,29,26
"36400",1,11,12,11
"36401",1,6,7,6
"36402",3,27,30,28
"36403",2,8,10,9
"36404",5,7,12,9
"36405",3,27,30,28
"36406",2,6,8,6
"36407",18,3,21,20
"36408",2,20,22,20
"36409",2,11,13,11
"36410",1,12,13,12
"36411",12,20,32,29
"36412",4,10,14,12
"36413",1,19,20,19
"36414",2,3,5,4
"36415",4,10,14,12
"36416",1,2,3,2
"36417",1,1,2,1
"36418",1,1,2,1
"36419",1,2,3,2
"36420",1,5,6,5
"36421",2,18,20,18
"36422",3,26,29,28
"36423",1,3,4,3
"36424",6,20,26,22
"36425",3,6,9,7
"36426",1,18,19,18
"36427",4,18,22,18
"36428",3,4,7,6
"36429",2,14,16,15
"36430",13,14,27,25
"36431",4,8,12,11
"36432",2,4,6,5
"36433",2,20,22,20
"36434",1,10,11,10
"36435",1,43,44,43
"36436",2,5,7,6
"36437",1,5,6,5
"36438",2,37,39,38
"36439",1,2,3,2
"36440",2,16,18,17
"36441",1,17,18,17
"36442",2,18,20,19
"36443",2,8,10,8
"36444",2,22,24,23
"36445",1,6,7,6
"36446",2,11,13,11
"36447",4,18,22,20
"36448",5,11,16,15
"36449",2,16,18,16
"36450",2,10,12,10
"36451",10,21,31,24
"36452",1,8,9,8
"36453",1,2,3,2
"36454",1,5,6,5
"36455",1,11,12,11
"36456",1,7,8,7
"36457",2,13,15,14
"36458",20,10,30,29
"36459",27,11,38,37
"36460",43,12,55,52
"36461",3,27,30,27
"36462",1,3,4,3
"36463",1,8,9,8
"36464",1,6,7,6
"36465",1,19,20,19
"36466",1,14,15,14
"36467",2,13,15,14
"36468",1,8,9,8
"36469",2,25,27,26
"36470",1,1,2,1
"36471",2,13,15,14
"36472",1,38,39,38
"36473",9,4,13,12
"36474",1,13,14,13
"36475",1,19,20,19
"36476",1,6,7,6
"36477",3,11,14,13
"36478",7,48,55,52
"36479",1,9,10,9
"36480",4,32,36,35
"36481",3,44,47,46
"36482",3,23,26,24
"36483",1,1,2,1
"36484",1,3,4,3
"36485",4,10,14,12
"36486",3,13,16,15
"36487",2,5,7,5
"36488",2,24,26,25
"36489",4,27,31,28
"36490",2,28,30,28
"36491",2,20,22,21
"36492",2,1,3,2
"36493",6,37,43,40
"36494",4,21,25,22
"36495",1,21,22,21
"36496",2,5,7,5
"36497",2,2,4,2
"36498",1,1,2,1
"36499",3,10,13,11
"36500",1,11,12,11
"36501",3,1,4,3
"36502",2,23,25,23
"36503",1,14,15,14
"36504",1,11,12,11
"36505",1,21,22,21
"36506",1,26,27,26
"36507",1,11,12,11
"36508",1,11,12,11
"36509",1,11,12,11
"36510",3,176,179,178
"36511",4,7,11,9
"36512",1,2,3,2
"36513",2,3,5,3
"36514",4,16,20,18
"36515",1,4,5,4
"36516",1,12,13,12
"36517",1,4,5,4
"36518",3,2,5,3
"36519",2,81,83,82
"36520",1,6,7,6
"36521",1,8,9,8
"36522",1,3,4,3
"36523",4,10,14,12
"36524",6,32,38,32
"36525",2,31,33,31
"36526",1,10,11,10
"36527",7,12,19,17
"36528",1,4,5,4
"36529",3,23,26,24
"36530",12,12,24,12
"36531",3,10,13,12
"36532",4,5,9,8
"36533",1,8,9,8
"36534",1,14,15,14
"36535",2,8,10,8
"36536",1,32,33,32
"36537",3,5,8,7
"36538",1,9,10,9
"36539",2,8,10,9
"36540",5,13,18,17
"36541",1,16,17,16
"36542",3,12,15,13
"36543",2,8,10,8
"36544",5,16,21,17
"36545",7,2,9,8
"36546",29,1,30,29
"36547",3,11,14,13
"36548",36,22,58,57
"36549",7,16,23,20
"36550",4,18,22,21
"36551",4,11,15,11
"36552",1,13,14,13
"36553",1,27,28,27
"36554",2,10,12,10
"36555",1,13,14,13
"36556",1,2,3,2
"36557",2,2,4,3
"36558",1,15,16,15
"36559",7,18,25,24
"36560",1,4,5,4
"36561",3,5,8,7
"36562",4,14,18,17
"36563",2,11,13,11
"36564",5,37,42,40
"36565",1,12,13,12
"36566",1,2,3,2
"36567",2,5,7,5
"36568",3,12,15,12
"36569",1,19,20,19
"36570",5,25,30,29
"36571",7,32,39,35
"36572",5,5,10,8
"36573",5,14,19,18
"36574",3,57,60,57
"36575",1,11,12,11
"36576",6,176,182,179
"36577",8,16,24,21
"36578",17,15,32,29
"36579",3,18,21,19
"36580",1,9,10,9
"36581",2,4,6,4
"36582",1,33,34,33
"36583",1,6,7,6
"36584",3,30,33,32
"36585",1,2,3,2
"36586",5,32,37,35
"36587",1,4,5,4
"36588",1,6,7,6
"36589",1,15,16,15
"36590",2,5,7,6
"36591",2,3,5,3
"36592",7,5,12,9
"36593",1,18,19,18
"36594",1,3,4,3
"36595",2,16,18,17
"36596",9,81,90,87
"36597",1,9,10,9
"36598",4,3,7,6
"36599",2,5,7,6
"36600",1,18,19,18
"36601",1,3,4,3
"36602",2,11,13,12
"36603",2,7,9,7
"36604",4,11,15,14
"36605",2,28,30,29
"36606",3,12,15,13
"36607",1,18,19,18
"36608",4,29,33,32
"36609",3,22,25,23
"36610",1,3,4,3
"36611",1,3,4,3
"36612",1,9,10,9
"36613",2,6,8,7
"36614",3,5,8,7
"36615",3,17,20,18
"36616",2,17,19,17
"36617",11,1,12,11
"36618",3,4,7,4
"36619",9,9,18,9
"36620",9,3,12,11
"36621",1,2,3,2
"36622",1,6,7,6
"36623",1,26,27,26
"36624",1,1,2,1
"36625",1,2,3,2
"36626",2,1,3,2
"36627",8,44,52,51
"36628",1,30,31,30
"36629",1,16,17,16
"36630",3,14,17,16
"36631",2,18,20,18
"36632",4,29,33,30
"36633",2,17,19,17
"36634",10,38,48,47
"36635",2,32,34,32
"36636",2,35,37,36
"36637",2,4,6,5
"36638",1,7,8,7
"36639",1,7,8,7
"36640",2,11,13,12
"36641",3,41,44,42
"36642",1,4,5,4
"36643",2,6,8,7
"36644",1,6,7,6
"36645",1,14,15,14
"36646",1,9,10,9
"36647",1,5,6,5
"36648",2,6,8,6
"36649",1,3,4,3
"36650",2,5,7,6
"36651",1,21,22,21
"36652",1,38,39,38
"36653",2,7,9,8
"36654",8,8,16,8
"36655",6,10,16,15
"36656",25,13,38,34
"36657",2,2,4,3
"36658",3,10,13,11
"36659",3,12,15,12
"36660",3,13,16,13
"36661",1,12,13,12
"36662",1,17,18,17
"36663",7,17,24,18
"36664",1,7,8,7
"36665",1,4,5,4
"36666",1,4,5,4
"36667",1,3,4,3
"36668",6,3,9,8
"36669",1,8,9,8
"36670",10,19,29,27
"36671",10,2,12,10
"36672",1,19,20,19
"36673",2,9,11,10
"36674",3,11,14,13
"36675",2,12,14,13
"36676",15,3,18,17
"36677",7,27,34,31
"36678",1,2,3,2
"36679",1,1,2,1
"36680",1,10,11,10
"36681",2,14,16,15
"36682",1,24,25,24
"36683",5,9,14,13
"36684",2,9,11,9
"36685",2,43,45,43
"36686",2,12,14,12
"36687",3,17,20,18
"36688",2,29,31,30
"36689",4,53,57,56
"36690",3,22,25,24
"36691",3,19,22,21
"36692",4,7,11,7
"36693",1,3,4,3
"36694",2,25,27,25
"36695",2,8,10,8
"36696",2,18,20,19
"36697",1,12,13,12
"36698",1,1,2,1
"36699",2,18,20,18
"36700",4,21,25,24
"36701",2,81,83,82
"36702",3,26,29,26
"36703",2,3,5,4
"36704",3,1,4,3
"36705",3,17,20,19
"36706",7,14,21,18
"36707",24,9,33,28
"36708",6,2,8,7
"36709",4,8,12,9
"36710",1,13,14,13
"36711",34,9,43,42
"36712",1,1,2,1
"36713",1,11,12,11
"36714",1,9,10,9
"36715",1,7,8,7
"36716",2,10,12,11
"36717",2,4,6,4
"36718",2,24,26,25
"36719",2,8,10,9
"36720",1,7,8,7
"36721",2,21,23,21
"36722",6,36,42,40
"36723",3,25,28,25
"36724",4,176,180,177
"36725",3,5,8,5
"36726",27,27,54,27
"36727",16,14,30,29
"36728",13,2,15,13
"36729",36,28,64,63
"36730",1,8,9,8
"36731",2,12,14,12
"36732",1,1,2,1
"36733",1,2,3,2
"36734",1,9,10,9
"36735",7,17,24,23
"36736",1,6,7,6
"36737",1,4,5,4
"36738",1,8,9,8
"36739",1,22,23,22
"36740",3,20,23,21
"36741",2,11,13,12
"36742",4,6,10,8
"36743",3,22,25,24
"36744",4,7,11,9
"36745",1,7,8,7
"36746",3,41,44,41
"36747",3,26,29,27
"36748",4,20,24,23
"36749",1,5,6,5
"36750",3,3,6,5
"36751",4,27,31,29
"36752",1,6,7,6
"36753",1,8,9,8
"36754",1,1,2,1
"36755",1,11,12,11
"36756",3,15,18,16
"36757",2,28,30,28
"36758",1,26,27,26
"36759",2,7,9,7
"36760",4,4,8,7
"36761",3,27,30,29
"36762",1,2,3,2
"36763",3,17,20,18
"36764",3,1,4,3
"36765",2,4,6,5
"36766",1,4,5,4
"36767",1,3,4,3
"36768",1,11,12,11
"36769",6,6,12,11
"36770",2,4,6,5
"36771",1,16,17,16
"36772",6,11,17,16
"36773",1,29,30,29
"36774",1,9,10,9
"36775",1,7,8,7
"36776",3,4,7,5
"36777",1,3,4,3
"36778",1,27,28,27
"36779",1,18,19,18
"36780",1,13,14,13
"36781",2,13,15,13
"36782",5,15,20,19
"36783",2,8,10,8
"36784",9,9,18,9
"36785",2,22,24,23
"36786",1,7,8,7
"36787",3,15,18,15
"36788",1,27,28,27
"36789",2,18,20,19
"36790",1,26,27,26
"36791",1,16,17,16
"36792",2,11,13,11
"36793",6,25,31,27
"36794",1,13,14,13
"36795",2,2,4,3
"36796",1,14,15,14
"36797",1,1,2,1
"36798",5,11,16,13
"36799",3,6,9,8
"36800",1,6,7,6
"36801",1,7,8,7
"36802",4,57,61,58
"36803",3,18,21,19
"36804",2,14,16,15
"36805",5,19,24,23
"36806",1,11,12,11
"36807",4,12,16,14
"36808",4,10,14,13
"36809",1,4,5,4
"36810",1,8,9,8
"36811",1,4,5,4
"36812",1,14,15,14
"36813",2,9,11,9
"36814",2,22,24,23
"36815",1,7,8,7
"36816",9,1,10,9
"36817",4,21,25,21
"36818",5,9,14,12
"36819",7,41,48,42
"36820",1,6,7,6
"36821",1,5,6,5
"36822",23,2,25,24
"36823",9,9,18,9
"36824",2,4,6,5
"36825",10,1,11,10
"36826",3,6,9,7
"36827",2,17,19,17
"36828",2,9,11,9
"36829",2,10,12,10
"36830",1,14,15,14
"36831",3,42,45,42
"36832",1,22,23,22
"36833",4,6,10,8
"36834",2,18,20,19
"36835",6,11,17,16
"36836",1,6,7,6
"36837",1,17,18,17
"36838",7,14,21,19
"36839",5,6,11,8
"36840",9,176,185,182
"36841",3,3,6,3
"36842",14,8,22,21
"36843",2,12,14,12
"36844",2,5,7,5
"36845",1,30,31,30
"36846",2,13,15,14
"36847",4,20,24,22
"36848",3,15,18,16
"36849",1,4,5,4
"36850",2,8,10,9
"36851",1,3,4,3
"36852",1,8,9,8
"36853",1,23,24,23
"36854",1,6,7,6
"36855",1,2,3,2
"36856",2,29,31,30
"36857",2,7,9,7
"36858",4,13,17,16
"36859",1,8,9,8
"36860",2,13,15,13
"36861",2,11,13,11
"36862",6,1,7,6
"36863",1,12,13,12
"36864",5,7,12,10
"36865",1,6,7,6
"36866",8,10,18,17
"36867",4,9,13,12
"36868",1,13,14,13
"36869",2,9,11,10
"36870",3,2,5,3
"36871",3,19,22,21
"36872",4,3,7,5
"36873",7,32,39,35
"36874",3,36,39,37
"36875",1,4,5,4
"36876",1,13,14,13
"36877",4,12,16,15
"36878",2,12,14,12
"36879",7,37,44,39
"36880",1,19,20,19
"36881",1,6,7,6
"36882",2,4,6,5
"36883",3,32,35,33
"36884",2,25,27,25
"36885",1,4,5,4
"36886",1,7,8,7
"36887",3,7,10,9
"36888",4,9,13,11
"36889",1,3,4,3
"36890",3,6,9,6
"36891",1,6,7,6
"36892",1,6,7,6
"36893",7,9,16,15
"36894",3,7,10,8
"36895",3,15,18,15
"36896",3,3,6,5
"36897",2,13,15,13
"36898",4,5,9,8
"36899",2,6,8,7
"36900",12,15,27,26
"36901",5,15,20,17
"36902",2,22,24,23
"36903",1,4,5,4
"36904",1,19,20,19
"36905",3,5,8,7
"36906",4,36,40,37
"36907",1,7,8,7
"36908",1,3,4,3
"36909",4,10,14,13
"36910",2,4,6,4
"36911",2,44,46,44
"36912",2,11,13,12
"36913",1,14,15,14
"36914",1,8,9,8
"36915",1,2,3,2
"36916",2,10,12,11
"36917",1,12,13,12
"36918",11,14,25,21
"36919",15,3,18,17
"36920",1,2,3,2
"36921",1,6,7,6
"36922",4,21,25,22
"36923",2,8,10,8
"36924",5,4,9,8
"36925",3,2,5,4
"36926",7,8,15,9
"36927",3,51,54,51
"36928",1,19,20,19
"36929",1,20,21,20
"36930",2,10,12,10
"36931",2,30,32,30
"36932",1,31,32,31
"36933",1,7,8,7
"36934",1,3,4,3
"36935",3,23,26,24
"36936",6,18,24,22
"36937",2,16,18,16
"36938",3,16,19,17
"36939",5,14,19,17
"36940",4,8,12,8
"36941",1,10,11,10
"36942",1,3,4,3
"36943",2,18,20,19
"36944",2,8,10,8
"36945",1,4,5,4
"36946",1,1,2,1
"36947",6,10,16,13
"36948",2,6,8,6
"36949",6,17,23,19
"36950",2,12,14,13
"36951",7,28,35,33
"36952",3,10,13,12
"36953",1,18,19,18
"36954",4,5,9,8
"36955",7,19,26,19
"36956",8,9,17,15
"36957",2,22,24,23
"36958",9,11,20,18
"36959",1,2,3,2
"36960",4,26,30,26
"36961",2,4,6,5
"36962",2,2,4,3
"36963",2,14,16,14
"36964",6,15,21,18
"36965",1,10,11,10
"36966",1,1,2,1
"36967",2,17,19,18
"36968",1,1,2,1
"36969",3,5,8,5
"36970",1,4,5,4
"36971",1,18,19,18
"36972",1,10,11,10
"36973",1,1,2,1
"36974",1,23,24,23
"36975",3,8,11,9
"36976",4,22,26,24
"36977",1,5,6,5
"36978",1,3,4,3
"36979",1,8,9,8
"36980",2,16,18,17
"36981",2,32,34,33
"36982",12,3,15,13
"36983",3,3,6,5
"36984",2,24,26,25
"36985",1,7,8,7
"36986",2,15,17,15
"36987",1,14,15,14
"36988",1,5,6,5
"36989",2,14,16,15
"36990",1,30,31,30
"36991",1,12,13,12
"36992",2,5,7,6
"36993",31,3,34,32
"36994",1,6,7,6
"36995",13,13,26,24
"36996",2,16,18,16
"36997",1,14,15,14
"36998",2,6,8,7
"36999",1,16,17,16
"37000",3,13,16,13
"37001",2,18,20,18
"37002",3,17,20,18
"37003",2,22,24,23
"37004",7,23,30,27
"37005",2,20,22,20
"37006",13,8,21,19
"37007",3,2,5,4
"37008",1,32,33,32
"37009",4,19,23,21
"37010",2,8,10,9
"37011",1,36,37,36
"37012",1,22,23,22
"37013",5,5,10,5
"37014",3,7,10,7
"37015",1,12,13,12
"37016",2,4,6,4
"37017",2,10,12,10
"37018",5,42,47,44
"37019",2,26,28,27
"37020",1,1,2,1
"37021",3,12,15,14
"37022",1,3,4,3
"37023",11,30,41,37
"37024",1,1,2,1
"37025",1,1,2,1
"37026",5,44,49,46
"37027",3,14,17,15
"37028",1,4,5,4
"37029",1,6,7,6
"37030",8,6,14,13
"37031",3,2,5,3
"37032",1,2,3,2
"37033",3,17,20,17
"37034",3,24,27,26
"37035",2,4,6,4
"37036",2,15,17,16
"37037",1,4,5,4
"37038",1,16,17,16
"37039",2,8,10,8
"37040",3,26,29,27
"37041",4,16,20,18
"37042",4,53,57,56
"37043",4,10,14,12
"37044",3,12,15,14
"37045",1,15,16,15
"37046",1,6,7,6
"37047",1,30,31,30
"37048",16,1,17,16
"37049",5,24,29,26
"37050",1,4,5,4
"37051",3,3,6,3
"37052",2,11,13,12
"37053",2,7,9,8
"37054",1,2,3,2
"37055",2,13,15,13
"37056",1,10,11,10
"37057",3,7,10,8
"37058",1,2,3,2
"37059",2,15,17,16
"37060",1,1,2,1
"37061",4,20,24,22
"37062",1,5,6,5
"37063",1,4,5,4
"37064",3,19,22,21
"37065",10,7,17,16
"37066",11,25,36,35
"37067",7,19,26,23
"37068",81,12,93,92
"37069",1,7,8,7
"37070",1,2,3,2
"37071",5,13,18,17
"37072",1,4,5,4
"37073",2,14,16,14
"37074",4,8,12,8
"37075",3,13,16,15
"37076",3,18,21,20
"37077",5,19,24,23
"37078",1,10,11,10
"37079",3,21,24,22
"37080",1,11,12,11
"37081",3,4,7,6
"37082",2,15,17,16
"37083",33,1,34,33
"37084",3,15,18,17
"37085",1,21,22,21
"37086",3,23,26,24
"37087",2,53,55,53
"37088",1,4,5,4
"37089",2,11,13,11
"37090",1,5,6,5
"37091",2,15,17,16
"37092",1,32,33,32
"37093",1,25,26,25
"37094",5,10,15,14
"37095",1,4,5,4
"37096",2,2,4,3
"37097",1,6,7,6
"37098",2,7,9,7
"37099",1,81,82,81
"37100",7,13,20,19
"37101",2,13,15,13
"37102",9,24,33,28
"37103",1,1,2,1
"37104",2,11,13,11
"37105",1,15,16,15
"37106",3,14,17,16
"37107",1,8,9,8
"37108",7,30,37,34
"37109",11,17,28,26
"37110",4,28,32,30
"37111",7,9,16,15
"37112",1,9,10,9
"37113",6,14,20,18
"37114",1,14,15,14
"37115",5,11,16,14
"37116",9,28,37,36
"37117",1,23,24,23
"37118",1,5,6,5
"37119",12,12,24,12
"37120",10,11,21,20
"37121",1,4,5,4
"37122",4,26,30,27
"37123",1,27,28,27
"37124",1,21,22,21
"37125",5,18,23,22
"37126",2,3,5,4
"37127",3,21,24,22
"37128",4,11,15,12
"37129",4,8,12,11
"37130",2,11,13,11
"37131",2,22,24,23
"37132",1,6,7,6
"37133",1,30,31,30
"37134",2,32,34,32
"37135",1,22,23,22
"37136",1,13,14,13
"37137",5,24,29,27
"37138",3,14,17,16
"37139",3,36,39,38
"37140",1,1,2,1
"37141",1,3,4,3
"37142",1,8,9,8
"37143",4,7,11,9
"37144",3,15,18,16
"37145",7,5,12,11
"37146",5,9,14,13
"37147",1,9,10,9
"37148",2,22,24,23
"37149",5,81,86,82
"37150",2,13,15,13
"37151",6,25,31,27
"37152",4,11,15,13
"37153",2,4,6,5
"37154",2,32,34,33
"37155",3,1,4,3
"37156",2,32,34,32
"37157",3,1,4,3
"37158",1,29,30,29
"37159",1,4,5,4
"37160",1,9,10,9
"37161",4,10,14,13
"37162",6,15,21,17
"37163",3,14,17,16
"37164",3,11,14,12
"37165",6,26,32,31
"37166",1,4,5,4
"37167",2,10,12,11
"37168",1,6,7,6
"37169",1,4,5,4
"37170",4,7,11,9
"37171",12,11,23,20
"37172",2,20,22,20
"37173",7,13,20,19
"37174",7,3,10,9
"37175",3,21,24,22
"37176",1,36,37,36
"37177",1,30,31,30
"37178",1,2,3,2
"37179",1,20,21,20
"37180",10,30,40,39
"37181",3,13,16,14
"37182",2,30,32,30
"37183",1,12,13,12
"37184",13,18,31,29
"37185",2,14,16,15
"37186",1,8,9,8
"37187",2,9,11,10
"37188",1,1,2,1
"37189",3,32,35,34
"37190",1,3,4,3
"37191",2,16,18,16
"37192",1,10,11,10
"37193",2,8,10,8
"37194",1,4,5,4
"37195",2,10,12,10
"37196",2,1,3,2
"37197",3,6,9,8
"37198",3,15,18,17
"37199",2,13,15,14
"37200",7,16,23,19
"37201",5,10,15,13
"37202",1,2,3,2
"37203",6,7,13,12
"37204",9,1,10,9
"37205",1,2,3,2
"37206",5,40,45,44
"37207",2,7,9,7
"37208",2,2,4,3
"37209",1,15,16,15
"37210",7,28,35,34
"37211",2,9,11,10
"37212",3,24,27,26
"37213",2,16,18,16
"37214",1,6,7,6
"37215",2,11,13,11
"37216",5,11,16,12
"37217",1,14,15,14
"37218",3,11,14,13
"37219",1,14,15,14
"37220",16,5,21,18
"37221",2,22,24,22
"37222",2,6,8,6
"37223",1,7,8,7
"37224",1,8,9,8
"37225",3,8,11,10
"37226",7,8,15,9
"37227",1,11,12,11
"37228",2,11,13,12
"37229",4,1,5,4
"37230",2,4,6,5
"37231",1,18,19,18
"37232",4,18,22,19
"37233",2,26,28,26
"37234",5,8,13,12
"37235",6,30,36,34
"37236",4,14,18,14
"37237",2,25,27,25
"37238",3,5,8,5
"37239",4,17,21,19
"37240",4,7,11,9
"37241",1,12,13,12
"37242",2,8,10,9
"37243",2,3,5,3
"37244",1,1,2,1
"37245",1,9,10,9
"37246",3,14,17,15
"37247",2,8,10,9
"37248",3,36,39,38
"37249",6,1,7,6
"37250",2,2,4,2
"37251",1,11,12,11
"37252",1,18,19,18
"37253",6,8,14,12
"37254",12,28,40,36
"37255",1,17,18,17
"37256",2,15,17,16
"37257",1,8,9,8
"37258",4,28,32,31
"37259",2,3,5,4
"37260",1,17,18,17
"37261",4,21,25,23
"37262",6,15,21,18
"37263",1,1,2,1
"37264",3,15,18,17
"37265",5,31,36,33
"37266",1,3,4,3
"37267",3,14,17,15
"37268",1,26,27,26
"37269",2,9,11,9
"37270",11,1,12,11
"37271",1,7,8,7
"37272",3,9,12,9
"37273",1,14,15,14
"37274",3,7,10,8
"37275",4,23,27,26
"37276",4,23,27,26
"37277",1,14,15,14
"37278",1,18,19,18
"37279",1,1,2,1
"37280",1,26,27,26
"37281",1,1,2,1
"37282",3,12,15,13
"37283",2,11,13,12
"37284",1,6,7,6
"37285",1,9,10,9
"37286",1,17,18,17
"37287",4,27,31,28
"37288",3,22,25,24
"37289",7,11,18,16
"37290",4,7,11,10
"37291",1,3,4,3
"37292",2,4,6,4
"37293",1,7,8,7
"37294",1,45,46,45
"37295",1,26,27,26
"37296",3,7,10,7
"37297",7,30,37,34
"37298",1,1,2,1
"37299",6,23,29,26
"37300",2,22,24,23
"37301",1,1,2,1
"37302",6,19,25,23
"37303",1,6,7,6
"37304",1,11,12,11
"37305",1,3,4,3
"37306",8,20,28,27
"37307",3,17,20,18
"37308",11,2,13,12
"37309",1,35,36,35
"37310",4,7,11,7
"37311",1,1,2,1
"37312",1,11,12,11
"37313",2,2,4,3
"37314",6,24,30,24
"37315",1,10,11,10
"37316",1,1,2,1
"37317",6,5,11,9
"37318",9,11,20,18
"37319",3,17,20,19
"37320",1,10,11,10
"37321",2,11,13,11
"37322",14,1,15,14
"37323",3,12,15,13
"37324",3,10,13,12
"37325",1,1,2,1
"37326",1,15,16,15
"37327",4,11,15,13
"37328",1,14,15,14
"37329",1,13,14,13
"37330",3,8,11,8
"37331",2,19,21,20
"37332",6,42,48,46
"37333",2,28,30,28
"37334",2,3,5,4
"37335",3,10,13,12
"37336",2,16,18,16
"37337",2,4,6,5
"37338",7,12,19,17
"37339",3,21,24,22
"37340",1,8,9,8
"37341",4,15,19,17
"37342",1,3,4,3
"37343",5,1,6,5
"37344",8,4,12,11
"37345",11,12,23,22
"37346",3,15,18,17
"37347",11,2,13,11
"37348",13,12,25,24
"37349",4,9,13,12
"37350",1,26,27,26
"37351",1,16,17,16
"37352",1,29,30,29
"37353",2,11,13,12
"37354",1,6,7,6
"37355",5,37,42,41
"37356",3,11,14,12
"37357",2,15,17,15
"37358",3,18,21,18
"37359",6,21,27,26
"37360",1,30,31,30
"37361",11,20,31,30
"37362",4,24,28,27
"37363",2,5,7,5
"37364",1,7,8,7
"37365",1,9,10,9
"37366",5,14,19,18
"37367",2,1,3,2
"37368",1,5,6,5
"37369",1,31,32,31
"37370",4,22,26,24
"37371",1,18,19,18
"37372",1,7,8,7
"37373",4,5,9,7
"37374",1,26,27,26
"37375",6,18,24,21
"37376",4,22,26,25
"37377",2,19,21,20
"37378",2,17,19,17
"37379",7,11,18,16
"37380",6,18,24,20
"37381",1,24,25,24
"37382",1,32,33,32
"37383",1,1,2,1
"37384",5,16,21,20
"37385",2,8,10,8
"37386",1,16,17,16
"37387",1,3,4,3
"37388",1,20,21,20
"37389",1,21,22,21
"37390",2,22,24,23
"37391",2,6,8,6
"37392",3,15,18,17
"37393",2,14,16,15
"37394",4,17,21,19
"37395",1,25,26,25
"37396",1,3,4,3
"37397",9,19,28,26
"37398",13,45,58,56
"37399",3,1,4,3
"37400",2,4,6,4
"37401",3,18,21,20
"37402",3,1,4,3
"37403",2,6,8,7
"37404",4,6,10,8
"37405",11,18,29,26
"37406",3,36,39,38
"37407",1,9,10,9
"37408",3,20,23,22
"37409",4,8,12,10
"37410",3,8,11,9
"37411",2,28,30,28
"37412",7,5,12,11
"37413",1,16,17,16
"37414",8,17,25,20
"37415",1,2,3,2
"37416",1,6,7,6
"37417",1,9,10,9
"37418",1,26,27,26
"37419",1,6,7,6
"37420",1,4,5,4
"37421",1,2,3,2
"37422",1,7,8,7
"37423",1,2,3,2
"37424",1,4,5,4
"37425",1,13,14,13
"37426",2,53,55,54
"37427",1,38,39,38
"37428",1,3,4,3
"37429",2,81,83,82
"37430",2,22,24,22
"37431",3,29,32,29
"37432",1,14,15,14
"37433",11,11,22,11
"37434",7,18,25,22
"37435",1,7,8,7
"37436",4,14,18,16
"37437",5,7,12,11
"37438",16,13,29,28
"37439",1,25,26,25
"37440",1,20,21,20
"37441",3,31,34,31
"37442",1,10,11,10
"37443",5,10,15,13
"37444",5,37,42,41
"37445",2,12,14,13
"37446",5,5,10,5
"37447",11,7,18,17
"37448",7,17,24,21
"37449",2,18,20,18
"37450",1,12,13,12
"37451",3,7,10,9
"37452",1,14,15,14
"37453",2,25,27,26
"37454",1,9,10,9
"37455",7,10,17,15
"37456",2,11,13,12
"37457",5,28,33,31
"37458",1,39,40,39
"37459",1,6,7,6
"37460",9,5,14,10
"37461",9,24,33,28
"37462",3,14,17,14
"37463",1,3,4,3
"37464",10,19,29,27
"37465",7,7,14,7
"37466",6,15,21,18
"37467",2,18,20,19
"37468",1,10,11,10
"37469",3,1,4,3
"37470",3,11,14,11
"37471",1,26,27,26
"37472",2,18,20,18
"37473",6,2,8,6
"37474",5,3,8,6
"37475",1,29,30,29
"37476",1,9,10,9
"37477",1,1,2,1
"37478",1,24,25,24
"37479",1,17,18,17
"37480",1,6,7,6
"37481",1,27,28,27
"37482",1,15,16,15
"37483",5,9,14,10
"37484",6,7,13,10
"37485",3,8,11,10
"37486",2,12,14,12
"37487",10,45,55,52
"37488",3,13,16,13
"37489",8,23,31,29
"37490",1,3,4,3
"37491",1,13,14,13
"37492",10,1,11,10
"37493",1,2,3,2
"37494",3,12,15,14
"37495",1,13,14,13
"37496",13,20,33,31
"37497",3,15,18,16
"37498",1,13,14,13
"37499",1,6,7,6
"37500",1,2,3,2
"37501",3,14,17,16
"37502",2,2,4,3
"37503",3,14,17,15
"37504",1,5,6,5
"37505",1,34,35,34
"37506",1,8,9,8
"37507",3,8,11,8
"37508",3,35,38,36
"37509",18,9,27,23
"37510",2,13,15,13
"37511",7,2,9,8
"37512",2,27,29,27
"37513",1,2,3,2
"37514",16,8,24,23
"37515",10,19,29,25
"37516",2,11,13,11
"37517",6,45,51,49
"37518",3,11,14,12
"37519",4,7,11,10
"37520",2,11,13,11
"37521",2,5,7,6
"37522",1,13,14,13
"37523",3,25,28,27
"37524",1,3,4,3
"37525",1,6,7,6
"37526",2,14,16,14
"37527",5,18,23,22
"37528",3,13,16,15
"37529",1,3,4,3
"37530",6,14,20,17
"37531",2,6,8,7
"37532",1,6,7,6
"37533",2,1,3,2
"37534",1,8,9,8
"37535",1,3,4,3
"37536",6,6,12,11
"37537",1,1,2,1
"37538",15,5,20,18
"37539",1,12,13,12
"37540",3,21,24,22
"37541",1,8,9,8
"37542",3,36,39,37
"37543",2,12,14,13
"37544",1,7,8,7
"37545",3,14,17,16
"37546",2,3,5,4
"37547",15,12,27,26
"37548",1,3,4,3
"37549",4,29,33,31
"37550",3,11,14,12
"37551",1,17,18,17
"37552",2,4,6,4
"37553",1,5,6,5
"37554",11,28,39,37
"37555",2,6,8,6
"37556",1,4,5,4
"37557",1,15,16,15
"37558",10,13,23,21
"37559",1,23,24,23
"37560",1,3,4,3
"37561",3,42,45,44
"37562",3,3,6,5
"37563",3,7,10,8
"37564",1,3,4,3
"37565",1,7,8,7
"37566",1,8,9,8
"37567",2,14,16,15
"37568",9,3,12,11
"37569",1,4,5,4
"37570",10,1,11,10
"37571",39,27,66,63
"37572",14,20,34,32
"37573",22,22,44,22
"37574",11,11,22,11
"37575",5,8,13,12
"37576",2,17,19,17
"37577",4,18,22,19
"37578",7,27,34,33
"37579",2,8,10,9
"37580",1,17,18,17
"37581",2,22,24,23
"37582",1,8,9,8
"37583",5,10,15,13
"37584",2,11,13,11
"37585",1,15,16,15
"37586",5,32,37,34
"37587",2,17,19,17
"37588",4,16,20,18
"37589",1,17,18,17
"37590",1,2,3,2
"37591",7,32,39,38
"37592",1,1,2,1
"37593",2,24,26,25
"37594",1,14,15,14
"37595",2,5,7,5
"37596",2,37,39,38
"37597",4,26,30,29
"37598",10,29,39,36
"37599",3,8,11,10
"37600",5,5,10,9
"37601",1,12,13,12
"37602",1,11,12,11
"37603",1,22,23,22
"37604",6,33,39,38
"37605",1,13,14,13
"37606",1,14,15,14
"37607",5,10,15,13
"37608",4,16,20,18
"37609",3,4,7,6
"37610",2,9,11,10
"37611",9,24,33,28
"37612",1,7,8,7
"37613",3,22,25,23
"37614",4,14,18,15
"37615",4,14,18,16
"37616",4,25,29,26
"37617",10,22,32,28
"37618",10,1,11,10
"37619",3,42,45,43
"37620",1,4,5,4
"37621",1,14,15,14
"37622",16,3,19,18
"37623",6,24,30,27
"37624",1,8,9,8
"37625",4,5,9,8
"37626",9,5,14,13
"37627",1,15,16,15
"37628",3,13,16,14
"37629",10,13,23,22
"37630",1,8,9,8
"37631",2,10,12,10
"37632",1,2,3,2
"37633",13,7,20,19
"37634",1,14,15,14
"37635",2,15,17,16
"37636",3,2,5,3
"37637",3,14,17,14
"37638",2,17,19,17
"37639",3,11,14,13
"37640",4,12,16,15
"37641",1,6,7,6
"37642",4,12,16,13
"37643",4,20,24,23
"37644",1,4,5,4
"37645",10,20,30,25
"37646",14,41,55,47
"37647",11,16,27,25
"37648",12,6,18,17
"37649",1,17,18,17
"37650",3,38,41,38
"37651",23,30,53,52
"37652",4,1,5,4
"37653",1,11,12,11
"37654",7,12,19,17
"37655",1,17,18,17
"37656",2,10,12,10
"37657",1,7,8,7
"37658",1,1,2,1
"37659",1,1,2,1
"37660",1,2,3,2
"37661",2,2,4,3
"37662",3,2,5,4
"37663",1,3,4,3
"37664",4,44,48,45
"37665",1,1,2,1
"37666",1,23,24,23
"37667",1,12,13,12
"37668",3,5,8,7
"37669",1,17,18,17
"37670",1,5,6,5
"37671",6,36,42,39
"37672",1,5,6,5
"37673",2,1,3,2
"37674",1,11,12,11
"37675",11,18,29,26
"37676",3,9,12,11
"37677",1,2,3,2
"37678",1,3,4,3
"37679",2,2,4,3
"37680",1,3,4,3
"37681",1,15,16,15
"37682",3,25,28,27
"37683",2,20,22,21
"37684",1,3,4,3
"37685",1,16,17,16
"37686",3,19,22,21
"37687",5,2,7,6
"37688",8,16,24,22
"37689",18,4,22,21
"37690",1,10,11,10
"37691",2,21,23,22
"37692",3,25,28,27
"37693",3,8,11,9
"37694",6,5,11,9
"37695",4,13,17,15
"37696",1,2,3,2
"37697",1,1,2,1
"37698",3,4,7,5
"37699",2,17,19,17
"37700",2,15,17,16
"37701",1,9,10,9
"37702",4,32,36,34
"37703",1,1,2,1
"37704",27,39,66,63
"37705",1,4,5,4
"37706",3,31,34,33
"37707",5,41,46,41
"37708",1,4,5,4
"37709",1,4,5,4
"37710",2,4,6,4
"37711",1,15,16,15
"37712",9,32,41,38
"37713",2,13,15,13
"37714",3,43,46,45
"37715",5,17,22,21
"37716",1,10,11,10
"37717",8,57,65,61
"37718",10,30,40,38
"37719",2,11,13,11
"37720",1,13,14,13
"37721",3,7,10,9
"37722",3,36,39,38
"37723",1,1,2,1
"37724",2,12,14,12
"37725",1,13,14,13
"37726",1,14,15,14
"37727",1,8,9,8
"37728",1,6,7,6
"37729",1,5,6,5
"37730",2,6,8,7
"37731",8,8,16,8
"37732",13,18,31,29
"37733",1,6,7,6
"37734",3,7,10,9
"37735",2,16,18,17
"37736",3,4,7,6
"37737",5,28,33,31
"37738",12,23,35,33
"37739",1,2,3,2
"37740",3,20,23,20
"37741",1,13,14,13
"37742",1,10,11,10
"37743",4,45,49,48
"37744",1,5,6,5
"37745",2,18,20,19
"37746",3,30,33,31
"37747",3,20,23,21
"37748",4,26,30,28
"37749",6,35,41,40
"37750",5,24,29,26
"37751",2,4,6,4
"37752",3,19,22,20
"37753",1,32,33,32
"37754",1,13,14,13
"37755",2,11,13,12
"37756",3,4,7,5
"37757",2,3,5,4
"37758",3,11,14,12
"37759",1,8,9,8
"37760",2,19,21,20
"37761",2,21,23,22
"37762",2,5,7,6
"37763",2,11,13,12
"37764",2,23,25,24
"37765",2,15,17,16
"37766",2,7,9,8
"37767",1,12,13,12
"37768",5,11,16,14
"37769",4,48,52,51
"37770",38,38,76,38
"37771",1,14,15,14
"37772",3,32,35,34
"37773",2,7,9,8
"37774",3,21,24,23
"37775",7,6,13,11
"37776",3,22,25,24
"37777",1,6,7,6
"37778",15,15,30,15
"37779",6,19,25,21
"37780",4,18,22,19
"37781",4,3,7,6
"37782",3,6,9,6
"37783",8,17,25,24
"37784",5,19,24,21
"37785",13,4,17,16
"37786",3,20,23,22
"37787",1,30,31,30
"37788",1,1,2,1
"37789",3,5,8,7
"37790",3,1,4,3
"37791",2,10,12,11
"37792",4,11,15,13
"37793",1,2,3,2
"37794",5,8,13,9
"37795",1,23,24,23
"37796",5,8,13,12
"37797",2,10,12,10
"37798",3,7,10,8
"37799",1,18,19,18
"37800",1,8,9,8
"37801",7,9,16,15
"37802",2,10,12,11
"37803",6,16,22,21
"37804",2,5,7,6
"37805",2,6,8,6
"37806",1,20,21,20
"37807",2,5,7,6
"37808",1,2,3,2
"37809",1,3,4,3
"37810",1,3,4,3
"37811",3,9,12,11
"37812",4,34,38,35
"37813",8,7,15,14
"37814",6,15,21,20
"37815",5,5,10,9
"37816",2,11,13,12
"37817",5,37,42,40
"37818",1,7,8,7
"37819",2,7,9,8
"37820",14,29,43,42
"37821",2,17,19,17
"37822",9,18,27,23
"37823",1,1,2,1
"37824",4,24,28,25
"37825",4,19,23,22
"37826",4,9,13,9
"37827",1,18,19,18
"37828",1,5,6,5
"37829",1,10,11,10
"37830",9,81,90,87
"37831",5,14,19,17
"37832",1,12,13,12
"37833",1,3,4,3
"37834",2,1,3,2
"37835",1,12,13,12
"37836",2,24,26,24
"37837",1,15,16,15
"37838",3,13,16,15
"37839",1,18,19,18
"37840",1,16,17,16
"37841",1,9,10,9
"37842",1,10,11,10
"37843",1,6,7,6
"37844",3,7,10,7
"37845",4,36,40,38
"37846",4,15,19,17
"37847",3,6,9,8
"37848",1,10,11,10
"37849",7,2,9,8
"37850",2,7,9,7
"37851",3,13,16,15
"37852",7,11,18,17
"37853",1,3,4,3
"37854",3,3,6,3
"37855",3,18,21,20
"37856",1,1,2,1
"37857",5,4,9,5
"37858",4,2,6,5
"37859",2,13,15,14
"37860",2,8,10,8
"37861",10,32,42,39
"37862",6,18,24,22
"37863",6,32,38,36
"37864",2,5,7,6
"37865",9,14,23,18
"37866",2,1,3,2
"37867",2,2,4,3
"37868",3,1,4,3
"37869",1,1,2,1
"37870",2,9,11,9
"37871",3,9,12,10
"37872",1,10,11,10
"37873",1,13,14,13
"37874",4,10,14,13
"37875",1,27,28,27
"37876",1,5,6,5
"37877",1,14,15,14
"37878",4,11,15,12
"37879",4,19,23,21
"37880",1,20,21,20
"37881",1,12,13,12
"37882",4,28,32,30
"37883",16,30,46,44
"37884",10,5,15,14
"37885",16,7,23,19
"37886",2,21,23,22
"37887",3,14,17,15
"37888",1,11,12,11
"37889",2,14,16,14
"37890",1,2,3,2
"37891",2,48,50,49
"37892",1,8,9,8
"37893",2,4,6,5
"37894",2,36,38,37
"37895",1,1,2,1
"37896",8,6,14,12
"37897",10,39,49,47
"37898",6,22,28,26
"37899",20,8,28,27
"37900",5,4,9,8
"37901",1,3,4,3
"37902",5,3,8,6
"37903",4,2,6,5
"37904",2,14,16,14
"37905",4,8,12,8
"37906",2,5,7,6
"37907",3,15,18,17
"37908",1,5,6,5
"37909",1,7,8,7
"37910",1,2,3,2
"37911",1,4,5,4
"37912",4,2,6,5
"37913",2,18,20,18
"37914",1,8,9,8
"37915",2,7,9,8
"37916",1,30,31,30
"37917",3,18,21,20
"37918",2,3,5,4
"37919",2,11,13,12
"37920",1,1,2,1
"37921",2,8,10,8
"37922",2,13,15,14
"37923",4,17,21,17
"37924",1,1,2,1
"37925",3,8,11,8
"37926",1,8,9,8
"37927",5,16,21,20
"37928",4,5,9,7
"37929",5,39,44,43
"37930",6,13,19,16
"37931",3,30,33,31
"37932",4,22,26,25
"37933",12,18,30,24
"37934",3,45,48,45
"37935",1,16,17,16
"37936",1,11,12,11
"37937",5,9,14,13
"37938",1,4,5,4
"37939",3,2,5,3
"37940",2,10,12,11
"37941",2,2,4,3
"37942",3,15,18,15
"37943",3,8,11,10
"37944",2,9,11,9
"37945",1,15,16,15
"37946",4,30,34,33
"37947",7,18,25,22
"37948",1,30,31,30
"37949",1,10,11,10
"37950",6,44,50,47
"37951",2,13,15,13
"37952",1,3,4,3
"37953",1,19,20,19
"37954",2,43,45,44
"37955",4,20,24,21
"37956",4,23,27,26
"37957",2,11,13,11
"37958",2,17,19,17
"37959",6,8,14,13
"37960",1,18,19,18
"37961",2,16,18,17
"37962",3,30,33,31
"37963",12,11,23,20
"37964",1,3,4,3
"37965",3,28,31,29
"37966",9,32,41,39
"37967",1,20,21,20
"37968",1,15,16,15
"37969",15,53,68,67
"37970",3,14,17,15
"37971",4,32,36,34
"37972",1,10,11,10
"37973",1,6,7,6
"37974",6,31,37,34
"37975",2,15,17,15
"37976",1,26,27,26
"37977",1,26,27,26
"37978",2,81,83,81
"37979",4,14,18,17
"37980",12,23,35,34
"37981",9,10,19,17
"37982",18,19,37,32
"37983",5,11,16,14
"37984",10,33,43,42
"37985",3,12,15,14
"37986",15,15,30,15
"37987",3,1,4,3
"37988",1,13,14,13
"37989",1,7,8,7
"37990",1,9,10,9
"37991",1,5,6,5
"37992",2,36,38,36
"37993",5,31,36,35
"37994",1,10,11,10
"37995",7,43,50,49
"37996",2,13,15,13
"37997",3,14,17,14
"37998",4,25,29,26
"37999",2,18,20,18
"38000",2,9,11,9
"38001",5,3,8,7
"38002",3,34,37,34
"38003",7,12,19,17
"38004",12,12,24,12
"38005",2,17,19,18
"38006",4,8,12,8
"38007",4,14,18,16
"38008",1,10,11,10
"38009",2,12,14,13
"38010",1,1,2,1
"38011",5,81,86,85
"38012",1,1,2,1
"38013",3,1,4,3
"38014",1,3,4,3
"38015",5,9,14,12
"38016",1,15,16,15
"38017",3,44,47,44
"38018",3,30,33,31
"38019",3,13,16,15
"38020",18,22,40,37
"38021",11,48,59,56
"38022",3,27,30,27
"38023",10,10,20,10
"38024",15,16,31,27
"38025",3,14,17,16
"38026",11,15,26,25
"38027",3,13,16,13
"38028",1,1,2,1
"38029",2,5,7,5
"38030",1,2,3,2
"38031",6,3,9,8
"38032",2,3,5,4
"38033",2,25,27,26
"38034",1,20,21,20
"38035",2,17,19,17
"38036",1,10,11,10
"38037",1,13,14,13
"38038",7,5,12,11
"38039",8,6,14,11
"38040",1,6,7,6
"38041",6,12,18,17
"38042",3,26,29,27
"38043",10,32,42,39
"38044",7,7,14,7
"38045",14,20,34,33
"38046",1,5,6,5
"38047",5,2,7,6
"38048",3,22,25,24
"38049",4,11,15,14
"38050",3,11,14,12
"38051",2,27,29,27
"38052",2,17,19,18
"38053",15,11,26,25
"38054",1,1,2,1
"38055",1,5,6,5
"38056",2,30,32,31
"38057",1,1,2,1
"38058",3,9,12,10
"38059",2,4,6,5
"38060",3,4,7,6
"38061",1,32,33,32
"38062",20,13,33,30
"38063",81,81,162,81
"38064",3,1,4,3
"38065",9,9,18,9
"38066",17,5,22,21
"38067",18,3,21,20
"38068",24,38,62,61
"38069",6,14,20,19
"38070",13,1,14,13
"38071",1,3,4,3
"38072",1,31,32,31
"38073",4,5,9,7
"38074",7,16,23,20
"38075",1,17,18,17
"38076",4,51,55,54
"38077",4,5,9,8
"38078",1,28,29,28
"38079",6,32,38,37
"38080",1,5,6,5
"38081",1,12,13,12
"38082",6,2,8,7
"38083",1,11,12,11
"38084",4,25,29,28
"38085",39,3,42,40
"38086",10,19,29,25
"38087",2,12,14,12
"38088",1,1,2,1
"38089",2,4,6,4
"38090",2,1,3,2
"38091",19,45,64,63
"38092",1,8,9,8
"38093",3,18,21,19
"38094",1,22,23,22
"38095",8,30,38,36
"38096",1,27,28,27
"38097",1,19,20,19
"38098",3,4,7,5
"38099",5,7,12,11
"38100",3,21,24,21
"38101",10,9,19,17
"38102",9,11,20,18
"38103",1,2,3,2
"38104",1,40,41,40
"38105",1,8,9,8
"38106",4,11,15,14
"38107",2,23,25,24
"38108",3,24,27,25
"38109",2,9,11,9
"38110",2,8,10,8
"38111",1,11,12,11
"38112",1,12,13,12
"38113",2,7,9,8
"38114",1,23,24,23
"38115",4,15,19,17
"38116",2,4,6,5
"38117",1,17,18,17
"38118",2,14,16,14
"38119",3,5,8,7
"38120",6,176,182,178
"38121",4,8,12,10
"38122",4,10,14,13
"38123",2,176,178,177
"38124",8,14,22,21
"38125",3,42,45,44
"38126",1,17,18,17
"38127",24,17,41,37
"38128",2,4,6,5
"38129",2,3,5,4
"38130",12,6,18,15
"38131",2,11,13,11
"38132",3,6,9,6
"38133",2,15,17,15
"38134",4,53,57,55
"38135",2,25,27,26
"38136",2,27,29,27
"38137",2,16,18,17
"38138",7,21,28,24
"38139",1,9,10,9
"38140",4,20,24,23
"38141",3,19,22,19
"38142",5,25,30,29
"38143",1,6,7,6
"38144",32,22,54,53
"38145",1,2,3,2
"38146",1,1,2,1
"38147",3,3,6,4
"38148",23,14,37,33
"38149",1,4,5,4
"38150",1,6,7,6
"38151",1,2,3,2
"38152",1,5,6,5
"38153",1,11,12,11
"38154",1,11,12,11
"38155",16,51,67,66
"38156",4,21,25,24
"38157",6,34,40,39
"38158",1,34,35,34
"38159",2,4,6,4
"38160",6,7,13,11
"38161",6,18,24,21
"38162",9,7,16,13
"38163",2,6,8,6
"38164",1,4,5,4
"38165",11,15,26,25
"38166",1,3,4,3
"38167",2,12,14,13
"38168",3,7,10,8
"38169",6,2,8,6
"38170",1,13,14,13
"38171",4,26,30,29
"38172",6,18,24,22
"38173",1,22,23,22
"38174",22,48,70,67
"38175",1,3,4,3
"38176",5,24,29,25
"38177",4,34,38,36
"38178",5,45,50,48
"38179",7,10,17,16
"38180",4,25,29,27
"38181",13,13,26,13
"38182",4,7,11,9
"38183",4,4,8,4
"38184",1,3,4,3
"38185",5,1,6,5
"38186",12,33,45,42
"38187",24,17,41,37
"38188",2,9,11,9
"38189",1,1,2,1
"38190",1,3,4,3
"38191",5,6,11,10
"38192",4,24,28,24
"38193",1,10,11,10
"38194",1,3,4,3
"38195",10,10,20,19
"38196",1,8,9,8
"38197",6,4,10,8
"38198",8,10,18,16
"38199",42,42,84,82
"38200",1,4,5,4
"38201",3,34,37,36
"38202",3,34,37,36
"38203",2,3,5,4
"38204",1,6,7,6
"38205",4,23,27,25
"38206",1,3,4,3
"38207",1,15,16,15
"38208",4,7,11,9
"38209",3,51,54,53
"38210",3,19,22,20
"38211",3,13,16,14
"38212",3,4,7,6
"38213",7,11,18,16
"38214",1,11,12,11
"38215",6,29,35,31
"38216",23,3,26,23
"38217",1,34,35,34
"38218",8,6,14,13
"38219",1,10,11,10
"38220",3,6,9,6
"38221",3,4,7,5
"38222",3,2,5,3
"38223",1,4,5,4
"38224",2,7,9,8
"38225",1,6,7,6
"38226",5,14,19,17
"38227",1,2,3,2
"38228",1,10,11,10
"38229",3,11,14,13
"38230",1,1,2,1
"38231",2,5,7,6
"38232",10,24,34,30
"38233",3,13,16,13
"38234",6,8,14,10
"38235",3,16,19,18
"38236",1,14,15,14
"38237",4,15,19,17
"38238",2,1,3,2
"38239",13,13,26,25
"38240",5,34,39,38
"38241",1,13,14,13
"38242",1,1,2,1
"38243",4,12,16,13
"38244",2,16,18,16
"38245",4,17,21,17
"38246",5,11,16,15
"38247",1,2,3,2
"38248",2,30,32,31
"38249",6,15,21,20
"38250",10,26,36,34
"38251",9,32,41,38
"38252",2,2,4,3
"38253",13,28,41,40
"38254",1,1,2,1
"38255",2,6,8,7
"38256",1,12,13,12
"38257",12,13,25,24
"38258",10,30,40,38
"38259",4,14,18,17
"38260",2,3,5,3
"38261",1,5,6,5
"38262",1,11,12,11
"38263",1,1,2,1
"38264",9,6,15,14
"38265",7,32,39,38
"38266",3,22,25,24
"38267",1,7,8,7
"38268",3,6,9,7
"38269",1,32,33,32
"38270",2,3,5,4
"38271",2,176,178,177
"38272",4,17,21,19
"38273",2,8,10,9
"38274",1,3,4,3
"38275",10,9,19,18
"38276",8,9,17,16
"38277",1,11,12,11
"38278",10,1,11,10
"38279",1,15,16,15
"38280",4,7,11,9
"38281",3,31,34,32
"38282",9,30,39,36
"38283",5,18,23,21
"38284",5,11,16,14
"38285",9,19,28,27
"38286",3,20,23,22
"38287",1,13,14,13
"38288",1,12,13,12
"38289",3,1,4,3
"38290",15,18,33,30
"38291",2,9,11,9
"38292",4,13,17,13
"38293",1,1,2,1
"38294",1,2,3,2
"38295",4,14,18,15
"38296",3,12,15,14
"38297",1,5,6,5
"38298",3,6,9,8
"38299",5,39,44,40
"38300",12,27,39,38
"38301",34,176,210,206
"38302",1,1,2,1
"38303",1,4,5,4
"38304",2,1,3,2
"38305",7,6,13,12
"38306",1,5,6,5
"38307",3,2,5,4
"38308",5,25,30,28
"38309",4,24,28,26
"38310",2,1,3,2
"38311",1,11,12,11
"38312",1,6,7,6
"38313",1,9,10,9
"38314",18,19,37,32
"38315",11,21,32,26
"38316",2,18,20,19
"38317",1,17,18,17
"38318",21,176,197,191
"38319",1,11,12,11
"38320",4,4,8,4
"38321",3,5,8,5
"38322",2,15,17,15
"38323",2,8,10,8
"38324",1,5,6,5
"38325",2,2,4,3
"38326",1,16,17,16
"38327",2,11,13,12
"38328",1,17,18,17
"38329",15,15,30,15
"38330",1,30,31,30
"38331",9,14,23,21
"38332",13,2,15,13
"38333",2,23,25,23
"38334",1,9,10,9
"38335",1,13,14,13
"38336",16,55,71,63
"38337",1,5,6,5
"38338",1,3,4,3
"38339",3,15,18,17
"38340",12,36,48,47
"38341",9,22,31,29
"38342",1,1,2,1
"38343",1,14,15,14
"38344",3,16,19,17
"38345",5,12,17,14
"38346",14,24,38,37
"38347",1,22,23,22
"38348",4,9,13,11
"38349",6,3,9,8
"38350",7,13,20,19
"38351",6,15,21,17
"38352",1,5,6,5
"38353",12,15,27,25
"38354",1,2,3,2
"38355",5,5,10,9
"38356",8,19,27,24
"38357",11,36,47,45
"38358",1,7,8,7
"38359",1,4,5,4
"38360",2,5,7,5
"38361",12,11,23,20
"38362",2,2,4,3
"38363",15,32,47,45
"38364",1,3,4,3
"38365",1,2,3,2
"38366",14,3,17,16
"38367",12,26,38,36
"38368",8,10,18,17
"38369",2,14,16,14
"38370",8,2,10,9
"38371",1,4,5,4
"38372",1,16,17,16
"38373",1,1,2,1
"38374",3,8,11,9
"38375",2,7,9,7
"38376",10,28,38,31
"38377",4,34,38,36
"38378",2,15,17,15
"38379",11,21,32,28
"38380",6,5,11,10
"38381",7,29,36,34
"38382",2,2,4,3
"38383",1,8,9,8
"38384",1,2,3,2
"38385",3,1,4,3
"38386",1,12,13,12
"38387",32,32,64,32
"38388",2,2,4,2
"38389",9,2,11,10
"38390",6,81,87,86
"38391",4,6,10,8
"38392",1,11,12,11
"38393",13,13,26,13
"38394",1,15,16,15
"38395",2,5,7,5
"38396",2,4,6,4
"38397",1,2,3,2
"38398",3,8,11,10
"38399",3,13,16,15
"38400",2,9,11,9
"38401",1,3,4,3
"38402",7,16,23,20
"38403",3,30,33,31
"38404",3,11,14,12
"38405",1,21,22,21
"38406",2,39,41,39
"38407",1,6,7,6
"38408",20,28,48,47
"38409",1,21,22,21
"38410",1,1,2,1
"38411",2,4,6,5
"38412",2,7,9,8
"38413",7,16,23,22
"38414",1,26,27,26
"38415",7,26,33,31
"38416",3,4,7,5
"38417",1,7,8,7
"38418",7,7,14,7
"38419",3,5,8,6
"38420",5,24,29,25
"38421",7,19,26,25
"38422",1,22,23,22
"38423",3,1,4,3
"38424",4,8,12,11
"38425",2,16,18,16
"38426",3,27,30,28
"38427",1,14,15,14
"38428",6,2,8,6
"38429",2,23,25,24
"38430",2,4,6,5
"38431",1,53,54,53
"38432",8,21,29,27
"38433",1,15,16,15
"38434",2,26,28,26
"38435",12,176,188,185
"38436",2,11,13,11
"38437",15,2,17,16
"38438",6,35,41,39
"38439",10,1,11,10
"38440",13,16,29,26
"38441",5,17,22,21
"38442",5,7,12,9
"38443",1,13,14,13
"38444",3,28,31,29
"38445",4,18,22,20
"38446",1,8,9,8
"38447",2,8,10,9
"38448",14,21,35,33
"38449",11,3,14,11
"38450",2,4,6,5
"38451",5,8,13,11
"38452",22,176,198,186
"38453",1,8,9,8
"38454",3,9,12,11
"38455",10,1,11,10
"38456",2,23,25,23
"38457",2,9,11,9
"38458",14,19,33,30
"38459",3,17,20,18
"38460",2,14,16,15
"38461",2,1,3,2
"38462",5,2,7,6
"38463",1,8,9,8
"38464",9,14,23,22
"38465",11,13,24,23
"38466",3,13,16,14
"38467",5,2,7,6
"38468",1,13,14,13
"38469",3,10,13,11
"38470",3,11,14,13
"38471",1,7,8,7
"38472",1,43,44,43
"38473",1,12,13,12
"38474",8,2,10,9
"38475",7,5,12,10
"38476",5,1,6,5
"38477",1,1,2,1
"38478",8,8,16,8
"38479",4,5,9,8
"38480",1,9,10,9
"38481",6,5,11,9
"38482",1,17,18,17
"38483",4,12,16,15
"38484",1,5,6,5
"38485",1,4,5,4
"38486",7,53,60,59
"38487",1,4,5,4
"38488",2,14,16,14
"38489",1,7,8,7
"38490",15,22,37,35
"38491",3,81,84,83
"38492",5,1,6,5
"38493",11,15,26,25
"38494",4,4,8,7
"38495",1,6,7,6
"38496",3,10,13,11
"38497",3,20,23,20
"38498",3,12,15,14
"38499",3,4,7,6
"38500",7,5,12,10
"38501",8,66,74,72
"38502",14,51,65,63
"38503",1,11,12,11
"38504",5,2,7,6
"38505",5,7,12,9
"38506",1,3,4,3
"38507",1,1,2,1
"38508",1,3,4,3
"38509",1,1,2,1
"38510",3,5,8,5
"38511",1,35,36,35
"38512",8,3,11,10
"38513",1,3,4,3
"38514",4,21,25,21
"38515",4,8,12,10
"38516",6,18,24,21
"38517",11,48,59,56
"38518",13,21,34,32
"38519",6,9,15,14
"38520",22,34,56,53
"38521",1,1,2,1
"38522",9,11,20,19
"38523",16,19,35,33
"38524",1,2,3,2
"38525",2,3,5,4
"38526",1,11,12,11
"38527",1,1,2,1
"38528",1,8,9,8
"38529",2,13,15,13
"38530",1,17,18,17
"38531",3,2,5,4
"38532",3,32,35,32
"38533",1,1,2,1
"38534",4,17,21,20
"38535",8,6,14,13
"38536",16,10,26,24
"38537",3,28,31,30
"38538",2,7,9,8
"38539",1,1,2,1
"38540",2,2,4,2
"38541",3,29,32,31
"38542",11,1,12,11
"38543",36,36,72,36
"38544",3,7,10,8
"38545",10,1,11,10
"38546",1,5,6,5
"38547",3,11,14,13
"38548",1,1,2,1
"38549",7,7,14,13
"38550",1,1,2,1
"38551",9,25,34,31
"38552",7,38,45,43
"38553",27,21,48,47
"38554",12,15,27,25
"38555",5,20,25,23
"38556",3,10,13,12
"38557",4,10,14,13
"38558",2,13,15,13
"38559",1,1,2,1
"38560",1,23,24,23
"38561",1,1,2,1
"38562",1,3,4,3
"38563",4,3,7,6
"38564",1,8,9,8
"38565",12,12,24,12
"38566",17,6,23,20
"38567",3,23,26,25
"38568",5,13,18,17
"38569",34,176,210,206
"38570",1,6,7,6
"38571",1,1,2,1
"38572",2,4,6,5
"38573",4,1,5,4
"38574",2,2,4,3
"38575",1,1,2,1
"38576",2,4,6,4
"38577",10,4,14,13
"38578",2,3,5,4
"38579",7,3,10,9
"38580",3,21,24,21
"38581",3,18,21,20
"38582",7,24,31,28
"38583",8,26,34,33
"38584",3,34,37,36
"38585",5,8,13,12
"38586",6,11,17,14
"38587",1,13,14,13
"38588",1,1,2,1
"38589",6,9,15,12
"38590",4,35,39,36
"38591",3,3,6,5
"38592",5,9,14,13
"38593",1,11,12,11
"38594",2,17,19,18
"38595",1,9,10,9
"38596",2,3,5,3
"38597",5,12,17,15
"38598",1,11,12,11
"38599",2,7,9,7
"38600",8,30,38,36
"38601",2,11,13,11
"38602",5,1,6,5
"38603",1,10,11,10
"38604",1,10,11,10
"38605",1,10,11,10
"38606",1,6,7,6
"38607",23,23,46,23
"38608",1,5,6,5
"38609",2,7,9,7
"38610",3,44,47,45
"38611",2,7,9,7
"38612",1,3,4,3
"38613",2,11,13,12
"38614",1,21,22,21
"38615",3,8,11,10
"38616",15,55,70,64
"38617",4,14,18,17
"38618",2,1,3,2
"38619",6,21,27,21
"38620",18,38,56,53
"38621",24,42,66,65
"38622",1,20,21,20
"38623",2,22,24,22
"38624",8,28,36,35
"38625",6,19,25,22
"38626",6,5,11,9
"38627",1,8,9,8
"38628",1,7,8,7
"38629",5,2,7,6
"38630",1,5,6,5
"38631",4,35,39,36
"38632",7,17,24,23
"38633",1,53,54,53
"38634",1,2,3,2
"38635",11,14,25,24
"38636",1,2,3,2
"38637",3,11,14,13
"38638",3,8,11,9
"38639",1,6,7,6
"38640",2,14,16,15
"38641",3,15,18,17
"38642",4,11,15,12
"38643",12,27,39,35
"38644",2,1,3,2
"38645",31,4,35,34
"38646",1,3,4,3
"38647",1,4,5,4
"38648",8,8,16,13
"38649",2,1,3,2
"38650",1,7,8,7
"38651",4,3,7,5
"38652",3,8,11,8
"38653",3,43,46,45
"38654",18,66,84,81
"38655",1,1,2,1
"38656",1,10,11,10
"38657",6,9,15,14
"38658",6,31,37,34
"38659",2,21,23,21
"38660",10,10,20,10
"38661",1,1,2,1
"38662",2,1,3,2
"38663",1,1,2,1
"38664",1,1,2,1
"38665",19,19,38,19
"38666",4,2,6,5
"38667",1,10,11,10
"38668",5,12,17,15
"38669",3,3,6,3
"38670",4,4,8,4
"38671",14,9,23,20
"38672",3,38,41,38
"38673",5,3,8,7
"38674",8,3,11,8
"38675",81,81,162,81
"38676",20,1,21,20
"38677",8,8,16,8
"38678",4,2,6,5
"38679",3,3,6,3
"38680",1,5,6,5
"38681",1,34,35,34
"38682",14,4,18,17
"38683",6,6,12,6
"38684",5,13,18,16
"38685",1,18,19,18
"38686",3,26,29,27
"38687",2,12,14,13
"38688",3,4,7,4
"38689",1,4,5,4
"38690",2,22,24,22
"38691",2,14,16,14
"38692",10,29,39,35
"38693",7,25,32,31
"38694",20,8,28,27
"38695",17,9,26,25
"38696",4,3,7,6
"38697",6,25,31,30
"38698",1,1,2,1
"38699",1,3,4,3
"38700",2,7,9,7
"38701",2,27,29,27
"38702",1,7,8,7
"38703",1,1,2,1
"38704",4,27,31,30
"38705",1,6,7,6
"38706",6,12,18,16
"38707",1,3,4,3
"38708",8,28,36,33
"38709",10,8,18,17
"38710",4,5,9,8
"38711",5,2,7,6
"38712",1,2,3,2
"38713",16,13,29,27
"38714",6,19,25,21
"38715",4,32,36,35
"38716",1,1,2,1
"38717",3,5,8,5
"38718",1,5,6,5
"38719",1,36,37,36
"38720",2,7,9,8
"38721",2,21,23,21
"38722",1,1,2,1
"38723",5,22,27,24
"38724",7,30,37,34
"38725",13,45,58,55
"38726",7,8,15,14
"38727",36,9,45,43
"38728",17,28,45,44
"38729",6,14,20,18
"38730",1,3,4,3
"38731",1,15,16,15
"38732",6,32,38,36
"38733",1,1,2,1
"38734",1,3,4,3
"38735",1,6,7,6
"38736",2,4,6,4
"38737",2,1,3,2
"38738",5,10,15,13
"38739",3,30,33,32
"38740",6,28,34,32
"38741",5,32,37,36
"38742",5,30,35,33
"38743",1,32,33,32
"38744",1,1,2,1
"38745",10,34,44,41
"38746",5,30,35,34
"38747",1,1,2,1
"38748",1,5,6,5
"38749",2,10,12,10
"38750",2,3,5,4
"38751",5,11,16,15
"38752",12,2,14,12
"38753",1,2,3,2
"38754",2,47,49,47
"38755",3,48,51,50
"38756",1,9,10,9
"38757",27,16,43,42
"38758",3,7,10,8
"38759",1,1,2,1
"38760",4,8,12,10
"38761",7,23,30,29
"38762",1,8,9,8
"38763",3,15,18,15
"38764",15,28,43,41
"38765",16,1,17,16
"38766",35,3,38,35
"38767",1,5,6,5
"38768",4,3,7,5
"38769",4,4,8,7
"38770",1,3,4,3
"38771",9,2,11,9
"38772",2,7,9,7
"38773",1,3,4,3
"38774",8,26,34,28
"38775",4,12,16,14
"38776",3,1,4,3
"38777",1,2,3,2
"38778",13,33,46,45
"38779",2,1,3,2
"38780",3,9,12,11
"38781",13,2,15,13
"38782",11,12,23,19
"38783",1,20,21,20
"38784",5,11,16,14
"38785",1,25,26,25
"38786",2,45,47,46
"38787",1,18,19,18
"38788",1,8,9,8
"38789",3,42,45,44
"38790",2,28,30,29
"38791",1,7,8,7
"38792",12,27,39,35
"38793",20,20,40,35
"38794",34,176,210,206
"38795",1,7,8,7
"38796",4,11,15,13
"38797",2,4,6,4
"38798",1,12,13,12
"38799",1,6,7,6
"38800",1,3,4,3
"38801",1,18,19,18
"38802",2,10,12,10
"38803",2,1,3,2
"38804",6,14,20,19
"38805",3,3,6,3
"38806",4,19,23,21
"38807",1,1,2,1
"38808",5,16,21,20
"38809",14,1,15,14
"38810",1,8,9,8
"38811",2,3,5,3
"38812",1,1,2,1
"38813",12,36,48,46
"38814",5,12,17,13
"38815",5,25,30,28
"38816",3,3,6,4
"38817",1,18,19,18
"38818",2,9,11,10
"38819",6,1,7,6
"38820",3,12,15,13
"38821",24,17,41,37
"38822",1,9,10,9
"38823",4,176,180,176
"38824",1,3,4,3
"38825",4,13,17,16
"38826",3,3,6,5
"38827",1,4,5,4
"38828",1,1,2,1
"38829",1,2,3,2
"38830",1,10,11,10
"38831",3,13,16,15
"38832",8,24,32,28
"38833",8,10,18,17
"38834",4,7,11,9
"38835",9,3,12,10
"38836",1,4,5,4
"38837",8,23,31,28
"38838",1,6,7,6
"38839",2,10,12,11
"38840",7,23,30,29
"38841",10,9,19,18
"38842",5,6,11,10
"38843",1,4,5,4
"38844",2,6,8,6
"38845",2,2,4,3
"38846",2,3,5,3
"38847",3,1,4,3
"38848",1,7,8,7
"38849",4,2,6,4
"38850",10,30,40,37
"38851",4,8,12,10
"38852",1,2,3,2
"38853",4,25,29,26
"38854",6,15,21,18
"38855",1,8,9,8
"38856",7,10,17,12
"38857",3,2,5,4
"38858",1,11,12,11
"38859",4,23,27,25
"38860",2,22,24,22
"38861",1,14,15,14
"38862",1,6,7,6
"38863",4,5,9,8
"38864",8,53,61,60
"38865",7,17,24,21
"38866",2,37,39,37
"38867",2,14,16,15
"38868",18,14,32,31
"38869",60,55,115,111
"38870",1,40,41,40
"38871",1,1,2,1
"38872",3,5,8,7
"38873",3,1,4,3
"38874",2,16,18,16
"38875",2,32,34,33
"38876",5,6,11,10
"38877",2,7,9,8
"38878",8,3,11,10
"38879",2,12,14,13
"38880",2,4,6,4
"38881",20,14,34,33
"38882",1,20,21,20
"38883",2,1,3,2
"38884",1,2,3,2
"38885",6,6,12,6
"38886",1,3,4,3
"38887",36,1,37,36
"38888",20,20,40,20
"38889",2,5,7,6
"38890",3,26,29,27
"38891",7,27,34,33
"38892",5,14,19,17
"38893",13,13,26,13
"38894",5,28,33,31
"38895",20,43,63,61
"38896",21,2,23,22
"38897",15,10,25,24
"38898",2,24,26,25
"38899",1,5,6,5
"38900",4,11,15,13
"38901",2,16,18,16
"38902",6,28,34,32
"38903",2,7,9,7
"38904",1,2,3,2
"38905",3,19,22,21
"38906",1,14,15,14
"38907",5,13,18,15
"38908",1,14,15,14
"38909",1,4,5,4
"38910",25,44,69,67
"38911",2,6,8,6
"38912",2,4,6,4
"38913",1,1,2,1
"38914",1,2,3,2
"38915",13,13,26,13
"38916",1,1,2,1
"38917",2,19,21,20
"38918",1,1,2,1
"38919",2,20,22,21
"38920",6,51,57,55
"38921",3,23,26,25
"38922",1,26,27,26
"38923",2,14,16,15
"38924",1,1,2,1
"38925",6,26,32,30
"38926",4,23,27,26
"38927",2,10,12,11
"38928",4,2,6,5
"38929",1,2,3,2
"38930",4,13,17,16
"38931",14,18,32,30
"38932",5,16,21,19
"38933",3,15,18,15
"38934",2,12,14,13
"38935",10,18,28,24
"38936",1,2,3,2
"38937",2,1,3,2
"38938",9,1,10,9
"38939",2,5,7,6
"38940",5,20,25,24
"38941",5,10,15,14
"38942",7,16,23,22
"38943",3,1,4,3
"38944",5,12,17,15
"38945",4,4,8,4
"38946",3,8,11,9
"38947",10,31,41,39
"38948",3,21,24,21
"38949",1,32,33,32
"38950",18,2,20,19
"38951",7,2,9,8
"38952",1,7,8,7
"38953",40,1,41,40
"38954",4,11,15,13
"38955",11,12,23,19
"38956",8,8,16,8
"38957",27,5,32,30
"38958",1,7,8,7
"38959",4,29,33,32
"38960",1,32,33,32
"38961",2,4,6,5
"38962",4,5,9,7
"38963",4,5,9,8
"38964",3,11,14,13
"38965",35,5,40,37
"38966",13,5,18,17
"38967",5,4,9,8
"38968",6,16,22,21
"38969",39,13,52,51
"38970",3,14,17,16
"38971",3,22,25,24
"38972",12,12,24,23
"38973",1,6,7,6
"38974",1,9,10,9
"38975",1,5,6,5
"38976",2,25,27,26
"38977",1,2,3,2
"38978",3,15,18,17
"38979",2,21,23,21
"38980",3,12,15,14
"38981",4,35,39,38
"38982",3,35,38,36
"38983",2,16,18,17
"38984",7,25,32,28
"38985",1,1,2,1
"38986",2,22,24,22
"38987",1,12,13,12
"38988",3,36,39,37
"38989",1,1,2,1
"38990",2,18,20,18
"38991",2,26,28,26
"38992",2,23,25,23
"38993",11,6,17,14
"38994",13,2,15,13
"38995",3,17,20,18
"38996",2,1,3,2
"38997",2,15,17,16
"38998",1,6,7,6
"38999",19,22,41,40
"39000",9,15,24,23
"39001",1,7,8,7
"39002",11,12,23,21
"39003",15,53,68,67
"39004",6,176,182,179
"39005",5,11,16,14
"39006",5,8,13,11
"39007",2,13,15,14
"39008",11,12,23,19
"39009",1,2,3,2
"39010",5,34,39,37
"39011",4,4,8,7
"39012",1,1,2,1
"39013",1,17,18,17
"39014",3,5,8,6
"39015",8,23,31,28
"39016",10,4,14,12
"39017",12,15,27,25
"39018",2,8,10,9
"39019",8,51,59,58
"39020",2,8,10,9
"39021",2,22,24,22
"39022",2,12,14,12
"39023",5,2,7,6
"39024",3,29,32,31
"39025",1,3,4,3
"39026",8,26,34,28
"39027",1,8,9,8
"39028",1,1,2,1
"39029",5,19,24,21
"39030",29,10,39,38
"39031",10,5,15,14
"39032",22,176,198,186
"39033",2,1,3,2
"39034",2,4,6,5
"39035",4,2,6,5
"39036",2,16,18,16
"39037",4,13,17,16
"39038",1,2,3,2
"39039",8,13,21,19
"39040",11,2,13,12
"39041",24,15,39,38
"39042",2,3,5,4
"39043",1,1,2,1
"39044",9,1,10,9
"39045",13,1,14,13
"39046",31,1,32,31
"39047",4,18,22,21
"39048",7,1,8,7
"39049",1,4,5,4
"39050",3,10,13,11
"39051",7,19,26,25
"39052",9,15,24,23
"39053",1,2,3,2
"39054",3,51,54,51
"39055",3,53,56,55
"39056",2,6,8,6
"39057",6,15,21,20
"39058",2,17,19,18
"39059",2,7,9,8
"39060",2,18,20,19
"39061",4,16,20,17
"39062",1,1,2,1
"39063",1,6,7,6
"39064",1,1,2,1
"39065",11,3,14,13
"39066",1,4,5,4
"39067",3,11,14,12
"39068",5,24,29,28
"39069",15,28,43,41
"39070",11,3,14,13
"39071",1,4,5,4
"39072",1,1,2,1
"39073",3,15,18,17
"39074",1,25,26,25
"39075",2,14,16,14
"39076",2,10,12,11
"39077",1,30,31,30
"39078",20,10,30,29
"39079",17,17,34,33
"39080",5,27,32,31
"39081",18,12,30,29
"39082",12,3,15,12
"39083",10,17,27,23
"39084",14,2,16,15
"39085",11,16,27,26
"39086",2,1,3,2
"39087",1,1,2,1
"39088",1,4,5,4
"39089",3,9,12,10
"39090",3,8,11,9
"39091",1,25,26,25
"39092",1,6,7,6
"39093",8,43,51,49
"39094",9,39,48,42
"39095",11,10,21,20
"39096",3,15,18,17
"39097",14,6,20,19
"39098",5,5,10,5
"39099",3,2,5,4
"39100",1,2,3,2
"39101",4,20,24,22
"39102",1,1,2,1
"39103",2,7,9,7
"39104",17,8,25,24
"39105",11,18,29,28
"39106",4,17,21,19
"39107",3,17,20,19
"39108",2,7,9,7
"39109",2,7,9,7
"39110",8,30,38,36
"39111",8,10,18,16
"39112",5,8,13,12
"39113",2,19,21,19
"39114",2,1,3,2
"39115",2,11,13,11
"39116",1,1,2,1
"39117",1,5,6,5
"39118",2,37,39,37
"39119",3,16,19,18
"39120",6,1,7,6
"39121",24,28,52,51
"39122",1,5,6,5
"39123",1,1,2,1
"39124",20,1,21,20
"39125",20,35,55,52
"39126",1,4,5,4
"39127",3,1,4,3
"39128",33,6,39,37
"39129",1,12,13,12
"39130",8,12,20,17
"39131",4,3,7,5
"39132",1,5,6,5
"39133",1,3,4,3
"39134",2,32,34,32
"39135",20,43,63,61
"39136",42,20,62,61
"39137",3,4,7,6
"39138",2,3,5,4
"39139",13,1,14,13
"39140",3,24,27,25
"39141",2,10,12,10
"39142",1,1,2,1
"39143",2,5,7,6
"39144",8,7,15,13
"39145",2,3,5,3
"39146",2,20,22,21
"39147",5,6,11,6
"39148",2,2,4,3
"39149",4,14,18,16
"39150",1,14,15,14
"39151",2,1,3,2
"39152",5,19,24,22
"39153",1,10,11,10
"39154",1,1,2,1
"39155",2,3,5,3
"39156",1,36,37,36
"39157",4,21,25,23
"39158",1,17,18,17
"39159",2,6,8,7
"39160",1,17,18,17
"39161",1,1,2,1
"39162",4,1,5,4
"39163",2,29,31,29
"39164",1,5,6,5
"39165",1,4,5,4
"39166",8,1,9,8
"39167",9,45,54,51
"39168",5,25,30,29
"39169",1,1,2,1
"39170",6,2,8,7
"39171",1,17,18,17
"39172",4,2,6,5
"39173",5,29,34,33
"39174",1,1,2,1
"39175",2,9,11,10
"39176",3,6,9,7
"39177",9,10,19,18
"39178",8,19,27,24
"39179",1,3,4,3
"39180",2,25,27,25
"39181",1,2,3,2
"39182",4,4,8,4
"39183",3,25,28,27
"39184",1,1,2,1
"39185",14,3,17,16
"39186",2,20,22,20
"39187",6,25,31,29
"39188",1,2,3,2
"39189",3,21,24,21
"39190",3,5,8,7
"39191",3,9,12,9
"39192",8,2,10,9
"39193",2,6,8,7
"39194",7,21,28,25
"39195",6,1,7,6
"39196",3,14,17,14
"39197",3,5,8,7
"39198",39,11,50,43
"39199",5,12,17,15
"39200",2,3,5,4
"39201",1,8,9,8
"39202",4,12,16,13
"39203",3,10,13,12
"39204",1,8,9,8
"39205",5,24,29,27
"39206",7,31,38,37
"39207",2,1,3,2
"39208",2,3,5,3
"39209",3,12,15,14
"39210",5,4,9,8
"39211",2,3,5,3
"39212",4,23,27,24
"39213",3,1,4,3
"39214",3,23,26,24
"39215",3,11,14,11
"39216",2,19,21,20
"39217",2,6,8,6
"39218",2,12,14,13
"39219",2,1,3,2
"39220",1,10,11,10
"39221",1,17,18,17
"39222",3,32,35,34
"39223",8,13,21,20
"39224",1,2,3,2
"39225",3,1,4,3
"39226",3,4,7,6
"39227",6,51,57,55
"39228",1,6,7,6
"39229",1,7,8,7
"39230",1,5,6,5
"39231",1,1,2,1
"39232",6,23,29,28
"39233",10,29,39,35
"39234",24,38,62,59
"39235",8,25,33,32
"39236",1,22,23,22
"39237",7,13,20,19
"39238",10,10,20,18
"39239",1,36,37,36
"39240",4,1,5,4
"39241",1,7,8,7
"39242",28,9,37,36
"39243",3,12,15,13
"39244",1,24,25,24
"39245",4,26,30,29
"39246",2,12,14,12
"39247",1,21,22,21
"39248",11,19,30,29
"39249",3,12,15,14
"39250",5,24,29,28
"39251",4,6,10,8
"39252",7,8,15,14
"39253",12,3,15,12
"39254",14,2,16,14
"39255",3,14,17,15
"39256",15,55,70,64
"39257",11,4,15,13
"39258",2,3,5,4
"39259",5,13,18,16
"39260",5,4,9,8
"39261",5,11,16,14
"39262",2,2,4,3
"39263",19,3,22,21
"39264",3,10,13,12
"39265",2,8,10,9
"39266",11,7,18,17
"39267",2,18,20,18
"39268",2,2,4,3
"39269",34,3,37,35
"39270",3,10,13,12
"39271",3,12,15,13
"39272",1,3,4,3
"39273",10,4,14,11
"39274",6,27,33,31
"39275",6,10,16,15
"39276",20,16,36,34
"39277",2,1,3,2
"39278",1,1,2,1
"39279",23,19,42,41
"39280",1,1,2,1
"39281",1,6,7,6
"39282",5,1,6,5
"39283",3,2,5,4
"39284",21,16,37,36
"39285",3,14,17,16
"39286",1,17,18,17
"39287",10,18,28,24
"39288",4,1,5,4
"39289",1,14,15,14
"39290",4,35,39,36
"39291",8,5,13,12
"39292",1,17,18,17
"39293",1,1,2,1
"39294",1,3,4,3
"39295",1,1,2,1
"39296",1,7,8,7
"39297",3,28,31,30
"39298",5,39,44,40
"39299",1,6,7,6
"39300",7,17,24,22
"39301",2,10,12,11
"39302",18,4,22,20
"39303",2,35,37,36
"39304",3,169,172,169
"39305",11,4,15,13
"39306",1,2,3,2
"39307",16,7,23,22
"39308",18,23,41,39
"39309",17,17,34,17
"39310",5,30,35,33
"39311",1,20,21,20
"39312",1,14,15,14
"39313",7,13,20,18
"39314",2,4,6,5
"39315",4,16,20,17
"39316",33,1,34,33
"39317",9,29,38,35
"39318",5,16,21,19
"39319",3,14,17,16
"39320",5,13,18,16
"39321",5,6,11,10
"39322",17,8,25,23
"39323",2,3,5,3
"39324",1,11,12,11
"39325",2,4,6,5
"39326",2,1,3,2
"39327",1,1,2,1
"39328",1,12,13,12
"39329",1,27,28,27
"39330",4,53,57,56
"39331",10,24,34,32
"39332",6,10,16,14
"39333",4,7,11,10
"39334",3,2,5,3
"39335",3,1,4,3
"39336",3,15,18,15
"39337",43,31,74,72
"39338",1,3,4,3
"39339",25,25,50,46
"39340",4,7,11,9
"39341",1,3,4,3
"39342",4,43,47,46
"39343",8,32,40,39
"39344",1,11,12,11
"39345",1,15,16,15
"39346",1,5,6,5
"39347",1,1,2,1
"39348",2,46,48,47
"39349",2,19,21,19
"39350",4,9,13,12
"39351",3,4,7,4
"39352",1,6,7,6
"39353",1,1,2,1
"39354",4,5,9,7
"39355",15,1,16,15
"39356",3,1,4,3
"39357",14,10,24,23
"39358",5,45,50,47
"39359",3,2,5,4
"39360",4,4,8,7
"39361",5,16,21,20
"39362",3,4,7,6
"39363",1,6,7,6
"39364",1,11,12,11
"39365",1,24,25,24
"39366",4,2,6,5
"39367",1,11,12,11
"39368",24,24,48,24
"39369",1,5,6,5
"39370",23,2,25,24
"39371",4,8,12,11
"39372",17,27,44,41
"39373",1,28,29,28
"39374",2,3,5,4
"39375",1,35,36,35
"39376",30,5,35,32
"39377",21,25,46,45
"39378",1,10,11,10
"39379",2,31,33,32
"39380",3,28,31,30
"39381",5,42,47,45
"39382",3,1,4,3
"39383",1,17,18,17
"39384",4,10,14,13
"39385",48,19,67,66
"39386",1,7,8,7
"39387",1,1,2,1
"39388",11,13,24,23
"39389",1,1,2,1
"39390",1,38,39,38
"39391",1,5,6,5
"39392",5,3,8,7
"39393",6,13,19,16
"39394",1,11,12,11
"39395",3,1,4,3
"39396",5,30,35,33
"39397",13,34,47,46
"39398",1,4,5,4
"39399",13,5,18,17
"39400",3,3,6,3
"39401",9,9,18,9
"39402",4,14,18,17
"39403",1,34,35,34
"39404",7,1,8,7
"39405",40,10,50,49
"39406",1,2,3,2
"39407",1,8,9,8
"39408",1,4,5,4
"39409",6,37,43,41
"39410",15,28,43,42
"39411",4,12,16,13
"39412",6,34,40,36
"39413",6,24,30,28
"39414",2,6,8,7
"39415",4,3,7,6
"39416",35,16,51,50
"39417",2,15,17,16
"39418",2,40,42,40
"39419",1,23,24,23
"39420",15,15,30,15
"39421",24,24,48,24
"39422",4,26,30,26
"39423",3,6,9,8
"39424",17,2,19,18
"39425",1,8,9,8
"39426",2,27,29,28
"39427",11,7,18,17
"39428",6,51,57,55
"39429",4,41,45,42
"39430",4,30,34,30
"39431",26,18,44,42
"39432",10,1,11,10
"39433",6,10,16,15
"39434",1,7,8,7
"39435",9,29,38,35
"39436",14,24,38,37
"39437",1,1,2,1
"39438",1,6,7,6
"39439",3,3,6,5
"39440",3,3,6,5
"39441",1,9,10,9
"39442",2,2,4,2
"39443",8,24,32,30
"39444",2,1,3,2
"39445",2,19,21,19
"39446",13,6,19,17
"39447",4,21,25,22
"39448",1,37,38,37
"39449",1,7,8,7
"39450",35,5,40,37
"39451",1,3,4,3
"39452",32,30,62,61
"39453",4,5,9,8
"39454",12,23,35,33
"39455",3,23,26,23
"39456",4,2,6,4
"39457",1,1,2,1
"39458",1,18,19,18
"39459",2,15,17,16
"39460",1,14,15,14
"39461",1,2,3,2
"39462",1,2,3,2
"39463",2,1,3,2
"39464",2,24,26,25
"39465",16,1,17,16
"39466",23,19,42,41
"39467",1,1,2,1
"39468",1,1,2,1
"39469",1,8,9,8
"39470",3,19,22,21
"39471",8,1,9,8
"39472",3,3,6,5
"39473",1,3,4,3
"39474",3,3,6,3
"39475",53,51,104,101
"39476",5,5,10,5
"39477",48,48,96,48
"39478",17,17,34,17
"39479",3,3,6,3
"39480",3,14,17,15
"39481",1,2,3,2
"39482",1,12,13,12
"39483",7,17,24,23
"39484",11,10,21,20
"39485",1,26,27,26
"39486",2,17,19,18
"39487",1,1,2,1
"39488",3,20,23,22
"39489",1,7,8,7
"39490",41,19,60,55
"39491",7,10,17,16
"39492",2,2,4,3
"39493",13,1,14,13
"39494",1,1,2,1
"39495",14,27,41,40
"39496",1,11,12,11
"39497",2,18,20,19
"39498",3,6,9,8
"39499",2,5,7,6
"39500",1,2,3,2
"39501",1,7,8,7
"39502",5,1,6,5
"39503",3,3,6,5
"39504",3,16,19,18
"39505",35,38,73,72
"39506",18,25,43,38
"39507",24,11,35,34
"39508",16,24,40,37
"39509",3,9,12,11
"39510",2,51,53,52
"39511",1,14,15,14
"39512",1,2,3,2
"39513",1,23,24,23
"39514",1,6,7,6
"39515",1,3,4,3
"39516",1,1,2,1
"39517",1,15,16,15
"39518",2,2,4,3
"39519",1,8,9,8
"39520",1,31,32,31
"39521",3,2,5,4
"39522",1,8,9,8
"39523",1,5,6,5
"39524",10,1,11,10
"39525",4,19,23,20
"39526",1,22,23,22
"39527",1,4,5,4
"39528",2,5,7,6
"39529",1,2,3,2
"39530",1,5,6,5
"39531",1,7,8,7
"39532",2,4,6,4
"39533",2,36,38,36
"39534",1,4,5,4
"39535",3,2,5,4
"39536",2,2,4,3
"39537",1,2,3,2
"39538",1,17,18,17
"39539",1,40,41,40
"39540",1,1,2,1
"39541",2,2,4,3
"39542",2,1,3,2
"39543",1,27,28,27
"39544",1,27,28,27
"39545",1,8,9,8
"39546",1,3,4,3
"39547",2,28,30,29
"39548",1,9,10,9
"39549",4,7,11,10
"39550",2,11,13,12
"39551",1,6,7,6
"39552",3,29,32,31
"39553",1,2,3,2
"39554",1,5,6,5
"39555",1,9,10,9
"39556",16,36,52,51
"39557",1,7,8,7
"39558",1,66,67,66
"39559",1,3,4,3
"39560",1,29,30,29
"39561",1,31,32,31
"39562",1,11,12,11
"39563",5,3,8,7
"39564",1,2,3,2
"39565",1,14,15,14
"39566",1,4,5,4
"39567",1,6,7,6
"39568",1,8,9,8
"39569",1,1,2,1
"39570",1,3,4,3
"39571",1,18,19,18
"39572",47,47,94,47
"39573",2,19,21,19
"39574",2,42,44,42
"39575",1,33,34,33
"39576",1,9,10,9
"39577",1,14,15,14
"39578",1,7,8,7
"39579",1,3,4,3
"39580",7,5,12,11
"39581",6,9,15,14
"39582",10,10,20,10
"39583",1,11,12,11
"39584",26,5,31,30
"39585",1,9,10,9
"39586",27,3,30,29
"39587",1,1,2,1
"39588",1,4,5,4
"39589",1,5,6,5
"39590",28,14,42,41
"39591",4,22,26,25
"39592",1,4,5,4
"39593",1,7,8,7
"39594",1,6,7,6
"39595",1,10,11,10
"39596",3,16,19,17
"39597",1,1,2,1
"39598",1,7,8,7
"39599",1,6,7,6
"39600",1,6,7,6
"39601",1,15,16,15
"39602",1,5,6,5
"39603",1,10,11,10
"39604",7,8,15,14
"39605",1,1,2,1
"39606",2,32,34,32
"39607",2,5,7,5
"39608",2,25,27,26
"39609",1,7,8,7
"39610",1,3,4,3
"39611",1,5,6,5
"39612",1,11,12,11
"39613",1,9,10,9
"39614",1,3,4,3
"39615",1,5,6,5
"39616",2,12,14,12
"39617",1,4,5,4
"39618",1,30,31,30
"39619",1,5,6,5
"39620",1,8,9,8
"39621",4,4,8,7
"39622",2,5,7,6
"39623",1,5,6,5
"39624",1,30,31,30
"39625",7,16,23,22
"39626",2,7,9,7
"39627",1,8,9,8
"39628",6,2,8,7
"39629",3,11,14,11
"39630",2,18,20,19
"39631",3,4,7,6
"39632",1,6,7,6
"39633",3,5,8,7
"39634",3,39,42,39
"39635",1,28,29,28
"39636",25,10,35,30
"39637",1,3,4,3
"39638",1,15,16,15
"39639",2,3,5,4
"39640",1,8,9,8
"39641",2,19,21,20
"39642",2,10,12,10
"39643",1,5,6,5
"39644",1,11,12,11
"39645",1,12,13,12
"39646",1,3,4,3
"39647",4,11,15,14
"39648",3,25,28,25
"39649",3,25,28,27
"39650",3,25,28,27
"39651",1,11,12,11
"39652",2,24,26,24
"39653",1,3,4,3
"39654",1,6,7,6
"39655",1,3,4,3
"39656",1,23,24,23
"39657",2,33,35,34
"39658",1,26,27,26
"39659",1,13,14,13
"39660",1,24,25,24
"39661",10,9,19,18
"39662",5,18,23,19
"39663",1,22,23,22
"39664",1,5,6,5
"39665",2,28,30,28
"39666",1,6,7,6
"39667",2,10,12,10
"39668",1,3,4,3
"39669",1,2,3,2
"39670",1,19,20,19
"39671",1,6,7,6
"39672",1,12,13,12
"39673",1,10,11,10
"39674",2,2,4,2
"39675",1,13,14,13
"39676",1,11,12,11
"39677",2,8,10,9
"39678",1,1,2,1
"39679",1,27,28,27
"39680",1,3,4,3
"39681",1,1,2,1
"39682",1,1,2,1
"39683",1,1,2,1
"39684",1,2,3,2
"39685",1,17,18,17
"39686",1,10,11,10
"39687",1,22,23,22
"39688",2,5,7,6
"39689",2,19,21,20
"39690",1,57,58,57
"39691",1,14,15,14
"39692",3,7,10,7
"39693",1,8,9,8
"39694",1,3,4,3
"39695",2,1,3,2
"39696",1,2,3,2
"39697",3,2,5,4
"39698",1,9,10,9
"39699",1,43,44,43
"39700",1,12,13,12
"39701",1,31,32,31
"39702",1,12,13,12
"39703",4,23,27,25
"39704",1,6,7,6
"39705",2,32,34,33
"39706",1,7,8,7
"39707",2,27,29,28
"39708",2,12,14,12
"39709",1,3,4,3
"39710",2,8,10,8
"39711",1,7,8,7
"39712",1,1,2,1
"39713",2,32,34,33
"39714",1,9,10,9
"39715",1,4,5,4
"39716",1,11,12,11
"39717",3,11,14,13
"39718",3,4,7,6
"39719",1,9,10,9
"39720",1,3,4,3
"39721",1,16,17,16
"39722",1,11,12,11
"39723",1,13,14,13
"39724",2,3,5,4
"39725",1,51,52,51
"39726",1,6,7,6
"39727",1,17,18,17
"39728",1,2,3,2
"39729",1,10,11,10
"39730",2,7,9,8
"39731",5,15,20,19
"39732",1,3,4,3
"39733",3,8,11,9
"39734",1,9,10,9
"39735",2,15,17,16
"39736",2,36,38,36
"39737",1,10,11,10
"39738",1,22,23,22
"39739",1,11,12,11
"39740",1,3,4,3
"39741",2,3,5,3
"39742",1,3,4,3
"39743",1,2,3,2
"39744",2,10,12,10
"39745",2,13,15,13
"39746",1,15,16,15
"39747",2,11,13,12
"39748",1,7,8,7
"39749",3,12,15,14
"39750",36,48,84,82
"39751",1,15,16,15
"39752",1,16,17,16
"39753",2,9,11,10
"39754",1,2,3,2
"39755",1,5,6,5
"39756",3,8,11,10
"39757",1,18,19,18
"39758",1,32,33,32
"39759",2,11,13,12
"39760",3,12,15,12
"39761",1,10,11,10
"39762",1,4,5,4
"39763",3,31,34,33
"39764",1,3,4,3
"39765",1,3,4,3
"39766",1,25,26,25
"39767",1,4,5,4
"39768",1,4,5,4
"39769",3,3,6,5
"39770",1,23,24,23
"39771",1,3,4,3
"39772",1,11,12,11
"39773",5,22,27,25
"39774",2,14,16,14
"39775",3,8,11,9
"39776",1,5,6,5
"39777",3,4,7,6
"39778",1,30,31,30
"39779",13,4,17,14
"39780",2,7,9,8
"39781",1,14,15,14
"39782",2,2,4,3
"39783",2,2,4,3
"39784",1,2,3,2
"39785",3,4,7,6
"39786",1,8,9,8
"39787",2,29,31,30
"39788",4,1,5,4
"39789",2,8,10,8
"39790",1,9,10,9
"39791",4,14,18,17
"39792",2,28,30,28
"39793",4,8,12,11
"39794",2,8,10,8
"39795",1,12,13,12
"39796",1,2,3,2
"39797",2,26,28,27
"39798",1,27,28,27
"39799",1,4,5,4
"39800",1,3,4,3
"39801",1,1,2,1
"39802",1,1,2,1
"39803",1,2,3,2
"39804",1,26,27,26
"39805",1,16,17,16
"39806",2,7,9,7
"39807",1,4,5,4
"39808",12,4,16,15
"39809",1,8,9,8
"39810",4,30,34,32
"39811",1,14,15,14
"39812",1,12,13,12
"39813",1,8,9,8
"39814",1,1,2,1
"39815",1,14,15,14
"39816",1,13,14,13
"39817",2,5,7,6
"39818",2,13,15,14
"39819",2,9,11,10
"39820",1,13,14,13
"39821",1,7,8,7
"39822",1,3,4,3
"39823",3,25,28,25
"39824",7,26,33,30
"39825",1,18,19,18
"39826",1,29,30,29
"39827",2,3,5,3
"39828",1,13,14,13
"39829",2,2,4,3
"39830",1,10,11,10
"39831",1,27,28,27
"39832",1,15,16,15
"39833",1,1,2,1
"39834",1,4,5,4
"39835",2,30,32,30
"39836",1,8,9,8
"39837",1,9,10,9
"39838",1,12,13,12
"39839",3,26,29,28
"39840",5,57,62,58
"39841",2,16,18,17
"39842",2,22,24,22
"39843",3,12,15,13
"39844",1,6,7,6
"39845",3,18,21,20
"39846",1,3,4,3
"39847",4,7,11,10
"39848",2,4,6,5
"39849",2,9,11,10
"39850",2,20,22,21
"39851",1,21,22,21
"39852",2,6,8,7
"39853",3,14,17,15
"39854",1,13,14,13
"39855",2,22,24,23
"39856",1,11,12,11
"39857",1,1,2,1
"39858",4,27,31,27
"39859",2,5,7,5
"39860",1,4,5,4
"39861",1,6,7,6
"39862",1,10,11,10
"39863",1,2,3,2
"39864",1,2,3,2
"39865",1,4,5,4
"39866",3,24,27,26
"39867",3,13,16,15
"39868",2,3,5,4
"39869",7,34,41,40
"39870",3,16,19,18
"39871",2,44,46,45
"39872",2,18,20,19
"39873",4,28,32,28
"39874",7,36,43,42
"39875",1,3,4,3
"39876",1,3,4,3
"39877",2,10,12,10
"39878",1,9,10,9
"39879",1,13,14,13
"39880",1,11,12,11
"39881",3,7,10,7
"39882",1,19,20,19
"39883",2,19,21,20
"39884",1,4,5,4
"39885",1,11,12,11
"39886",3,3,6,5
"39887",1,8,9,8
"39888",1,17,18,17
"39889",1,8,9,8
"39890",4,16,20,16
"39891",1,3,4,3
"39892",1,24,25,24
"39893",1,7,8,7
"39894",1,30,31,30
"39895",3,15,18,16
"39896",1,2,3,2
"39897",1,3,4,3
"39898",3,30,33,32
"39899",4,22,26,25
"39900",1,18,19,18
"39901",8,22,30,28
"39902",1,2,3,2
"39903",3,25,28,26
"39904",1,12,13,12
"39905",1,2,3,2
"39906",2,41,43,42
"39907",10,2,12,10
"39908",3,11,14,12
"39909",3,7,10,7
"39910",1,1,2,1
"39911",1,11,12,11
"39912",8,7,15,14
"39913",1,3,4,3
"39914",2,4,6,5
"39915",1,36,37,36
"39916",3,6,9,7
"39917",1,18,19,18
"39918",1,7,8,7
"39919",1,10,11,10
"39920",2,3,5,3
"39921",1,25,26,25
"39922",47,47,94,47
"39923",1,5,6,5
"39924",1,1,2,1
"39925",2,2,4,3
"39926",1,17,18,17
"39927",1,9,10,9
"39928",2,16,18,16
"39929",5,15,20,19
"39930",1,10,11,10
"39931",7,8,15,14
"39932",5,4,9,8
"39933",1,11,12,11
"39934",1,6,7,6
"39935",19,1,20,19
"39936",4,3,7,6
"39937",2,13,15,14
"39938",1,14,15,14
"39939",1,6,7,6
"39940",2,5,7,6
"39941",1,16,17,16
"39942",1,3,4,3
"39943",2,9,11,9
"39944",2,26,28,26
"39945",1,5,6,5
"39946",2,23,25,24
"39947",1,3,4,3
"39948",2,18,20,18
"39949",2,7,9,8
"39950",3,32,35,34
"39951",1,26,27,26
"39952",23,23,46,23
"39953",1,10,11,10
"39954",6,6,12,6
"39955",2,36,38,36
"39956",2,30,32,31
"39957",1,8,9,8
"39958",1,1,2,1
"39959",1,16,17,16
"39960",2,6,8,6
"39961",1,18,19,18
"39962",1,5,6,5
"39963",1,4,5,4
"39964",1,12,13,12
"39965",1,32,33,32
"39966",1,18,19,18
"39967",2,18,20,18
"39968",1,5,6,5
"39969",20,20,40,20
"39970",1,1,2,1
"39971",2,4,6,5
"39972",3,15,18,16
"39973",3,14,17,16
"39974",1,11,12,11
"39975",1,1,2,1
"39976",2,16,18,16
"39977",2,1,3,2
"39978",7,41,48,42
"39979",2,22,24,22
"39980",1,6,7,6
"39981",42,42,84,42
"39982",1,10,11,10
"39983",1,8,9,8
"39984",1,4,5,4
"39985",1,20,21,20
"39986",1,1,2,1
"39987",1,31,32,31
"39988",4,1,5,4
"39989",2,31,33,32
"39990",1,5,6,5
"39991",10,10,20,10
"39992",4,10,14,10
"39993",1,5,6,5
"39994",2,4,6,4
"39995",2,41,43,42
"39996",10,21,31,24
"39997",1,2,3,2
"39998",9,12,21,20
"39999",2,3,5,4
"40000",3,5,8,7
"40001",7,5,12,11
"40002",4,15,19,18
"40003",1,6,7,6
"40004",1,27,28,27
"40005",3,32,35,34
"40006",3,9,12,11
"40007",1,1,2,1
"40008",1,7,8,7
"40009",5,16,21,19
"40010",2,2,4,3
"40011",2,5,7,6
"40012",2,13,15,14
"40013",31,11,42,41
"40014",1,4,5,4
"40015",1,25,26,25
"40016",1,3,4,3
"40017",1,25,26,25
"40018",1,7,8,7
"40019",1,2,3,2
"40020",1,6,7,6
"40021",1,6,7,6
"40022",1,5,6,5
"40023",2,31,33,32
"40024",2,19,21,19
"40025",3,18,21,20
"40026",1,34,35,34
"40027",4,12,16,14
"40028",2,10,12,11
"40029",1,26,27,26
"40030",1,41,42,41
"40031",2,4,6,4
"40032",1,2,3,2
"40033",1,19,20,19
"40034",3,30,33,32
"40035",1,6,7,6
"40036",3,3,6,5
"40037",4,19,23,20
"40038",3,23,26,24
"40039",5,24,29,27
"40040",1,13,14,13
"40041",2,13,15,13
"40042",2,13,15,14
"40043",3,43,46,45
"40044",1,12,13,12
"40045",1,20,21,20
"40046",5,3,8,7
"40047",1,4,5,4
"40048",1,12,13,12
"40049",1,10,11,10
"40050",6,4,10,9
"40051",1,4,5,4
"40052",1,8,9,8
"40053",1,3,4,3
"40054",1,7,8,7
"40055",1,18,19,18
"40056",8,9,17,14
"40057",2,16,18,16
"40058",1,13,14,13
"40059",1,7,8,7
"40060",2,6,8,6
"40061",5,18,23,21
"40062",1,2,3,2
"40063",1,1,2,1
"40064",1,15,16,15
"40065",1,1,2,1
"40066",1,1,2,1
"40067",1,8,9,8
"40068",1,7,8,7
"40069",2,11,13,11
"40070",3,3,6,4
"40071",1,4,5,4
"40072",3,10,13,10
"40073",2,6,8,6
"40074",1,3,4,3
"40075",1,28,29,28
"40076",11,11,22,11
"40077",3,57,60,59
"40078",3,3,6,3
"40079",35,7,42,38
"40080",10,1,11,10
"40081",2,1,3,2
"40082",17,17,34,17
"40083",9,4,13,12
"40084",1,10,11,10
"40085",1,16,17,16
"40086",1,6,7,6
"40087",52,52,104,52
"40088",5,18,23,22
"40089",1,12,13,12
"40090",2,22,24,22
"40091",2,2,4,2
"40092",1,31,32,31
"40093",1,15,16,15
"40094",1,4,5,4
"40095",1,11,12,11
"40096",1,16,17,16
"40097",3,47,50,49
"40098",1,16,17,16
"40099",1,5,6,5
"40100",2,48,50,49
"40101",5,12,17,14
"40102",1,14,15,14
"40103",3,15,18,16
"40104",4,37,41,38
"40105",3,19,22,19
"40106",3,66,69,67
"40107",1,1,2,1
"40108",1,1,2,1
"40109",1,29,30,29
"40110",1,4,5,4
"40111",1,29,30,29
"40112",1,4,5,4
"40113",2,7,9,7
"40114",1,6,7,6
"40115",1,11,12,11
"40116",4,47,51,50
"40117",2,6,8,6
"40118",1,4,5,4
"40119",2,8,10,8
"40120",1,7,8,7
"40121",1,42,43,42
"40122",1,30,31,30
"40123",5,4,9,8
"40124",5,15,20,19
"40125",2,9,11,9
"40126",2,3,5,3
"40127",1,2,3,2
"40128",1,24,25,24
"40129",1,11,12,11
"40130",1,4,5,4
"40131",1,2,3,2
"40132",3,12,15,13
"40133",2,16,18,17
"40134",2,18,20,18
"40135",3,8,11,8
"40136",2,17,19,17
"40137",2,6,8,6
"40138",4,11,15,14
"40139",5,16,21,17
"40140",1,11,12,11
"40141",2,4,6,5
"40142",1,30,31,30
"40143",1,10,11,10
"40144",1,53,54,53
"40145",1,5,6,5
"40146",1,10,11,10
"40147",1,1,2,1
"40148",1,29,30,29
"40149",2,30,32,31
"40150",3,33,36,35
"40151",1,4,5,4
"40152",1,12,13,12
"40153",2,36,38,37
"40154",1,21,22,21
"40155",8,9,17,16
"40156",1,3,4,3
"40157",4,14,18,17
"40158",1,11,12,11
"40159",1,6,7,6
"40160",1,34,35,34
"40161",1,6,7,6
"40162",1,13,14,13
"40163",3,29,32,31
"40164",1,23,24,23
"40165",2,42,44,43
"40166",3,6,9,7
"40167",1,3,4,3
"40168",1,3,4,3
"40169",2,18,20,18
"40170",1,5,6,5
"40171",1,11,12,11
"40172",1,30,31,30
"40173",1,13,14,13
"40174",9,1,10,9
"40175",3,7,10,8
"40176",2,6,8,7
"40177",3,2,5,3
"40178",2,22,24,22
"40179",2,7,9,8
"40180",1,10,11,10
"40181",1,3,4,3
"40182",4,20,24,22
"40183",1,6,7,6
"40184",2,10,12,11
"40185",2,17,19,18
"40186",1,32,33,32
"40187",2,3,5,4
"40188",1,8,9,8
"40189",3,32,35,34
"40190",3,10,13,12
"40191",2,2,4,2
"40192",13,3,16,15
"40193",2,17,19,18
"40194",1,14,15,14
"40195",2,18,20,18
"40196",2,6,8,7
"40197",1,3,4,3
"40198",1,10,11,10
"40199",1,5,6,5
"40200",2,22,24,23
"40201",3,13,16,14
"40202",2,14,16,15
"40203",1,4,5,4
"40204",3,1,4,3
"40205",1,4,5,4
"40206",1,9,10,9
"40207",1,13,14,13
"40208",14,14,28,27
"40209",7,4,11,10
"40210",1,2,3,2
"40211",2,10,12,11
"40212",3,12,15,12
"40213",1,3,4,3
"40214",3,11,14,12
"40215",1,7,8,7
"40216",2,3,5,4
"40217",1,23,24,23
"40218",1,22,23,22
"40219",1,24,25,24
"40220",1,6,7,6
"40221",2,6,8,6
"40222",1,3,4,3
"40223",2,14,16,14
"40224",2,32,34,32
"40225",2,13,15,13
"40226",7,18,25,22
"40227",51,51,102,51
"40228",1,15,16,15
"40229",1,4,5,4
"40230",1,22,23,22
"40231",4,15,19,18
"40232",1,6,7,6
"40233",1,1,2,1
"40234",1,9,10,9
"40235",2,15,17,15
"40236",1,12,13,12
"40237",1,5,6,5
"40238",2,17,19,17
"40239",3,30,33,31
"40240",3,3,6,4
"40241",1,8,9,8
"40242",3,13,16,15
"40243",1,20,21,20
"40244",1,15,16,15
"40245",3,9,12,11
"40246",1,3,4,3
"40247",1,11,12,11
"40248",2,6,8,7
"40249",1,13,14,13
"40250",1,7,8,7
"40251",2,30,32,31
"40252",1,7,8,7
"40253",1,2,3,2
"40254",1,7,8,7
"40255",8,15,23,20
"40256",2,15,17,16
"40257",4,16,20,18
"40258",13,13,26,13
"40259",3,25,28,26
"40260",1,13,14,13
"40261",1,6,7,6
"40262",3,15,18,17
"40263",4,1,5,4
"40264",1,8,9,8
"40265",1,10,11,10
"40266",1,11,12,11
"40267",2,24,26,24
"40268",2,15,17,16
"40269",2,3,5,4
"40270",1,3,4,3
"40271",1,25,26,25
"40272",1,2,3,2
"40273",1,20,21,20
"40274",3,32,35,34
"40275",2,8,10,9
"40276",3,9,12,10
"40277",1,11,12,11
"40278",1,6,7,6
"40279",1,12,13,12
"40280",12,3,15,14
"40281",1,3,4,3
"40282",5,32,37,36
"40283",6,24,30,24
"40284",6,15,21,20
"40285",1,7,8,7
"40286",1,14,15,14
"40287",1,5,6,5
"40288",7,30,37,35
"40289",1,9,10,9
"40290",1,40,41,40
"40291",8,11,19,18
"40292",1,32,33,32
"40293",5,12,17,14
"40294",1,3,4,3
"40295",2,9,11,10
"40296",1,5,6,5
"40297",1,6,7,6
"40298",1,14,15,14
"40299",1,3,4,3
"40300",1,4,5,4
"40301",1,28,29,28
"40302",1,12,13,12
"40303",3,5,8,7
"40304",3,9,12,11
"40305",1,2,3,2
"40306",1,23,24,23
"40307",1,12,13,12
"40308",1,8,9,8
"40309",1,12,13,12
"40310",1,17,18,17
"40311",6,8,14,13
"40312",1,1,2,1
"40313",2,2,4,2
"40314",2,2,4,2
"40315",1,22,23,22
"40316",1,2,3,2
"40317",1,10,11,10
"40318",2,36,38,37
"40319",1,24,25,24
"40320",3,8,11,9
"40321",1,3,4,3
"40322",2,16,18,16
"40323",7,14,21,18
"40324",2,16,18,16
"40325",1,17,18,17
"40326",4,18,22,18
"40327",1,25,26,25
"40328",1,4,5,4
"40329",12,36,48,44
"40330",12,1,13,12
"40331",1,7,8,7
"40332",3,27,30,28
"40333",1,4,5,4
"40334",1,27,28,27
"40335",1,10,11,10
"40336",4,30,34,32
"40337",1,12,13,12
"40338",2,20,22,20
"40339",1,4,5,4
"40340",1,1,2,1
"40341",3,23,26,24
"40342",2,4,6,4
"40343",1,12,13,12
"40344",2,5,7,5
"40345",1,6,7,6
"40346",3,8,11,10
"40347",1,8,9,8
"40348",1,29,30,29
"40349",1,14,15,14
"40350",3,18,21,20
"40351",2,12,14,12
"40352",3,19,22,19
"40353",1,3,4,3
"40354",2,27,29,28
"40355",1,2,3,2
"40356",1,2,3,2
"40357",1,7,8,7
"40358",1,5,6,5
"40359",1,66,67,66
"40360",1,1,2,1
"40361",1,8,9,8
"40362",2,5,7,6
"40363",1,14,15,14
"40364",3,8,11,10
"40365",3,7,10,8
"40366",1,19,20,19
"40367",1,29,30,29
"40368",1,4,5,4
"40369",1,13,14,13
"40370",1,47,48,47
"40371",1,27,28,27
"40372",3,3,6,5
"40373",3,10,13,11
"40374",2,30,32,30
"40375",2,18,20,19
"40376",1,5,6,5
"40377",1,6,7,6
"40378",3,9,12,11
"40379",3,22,25,22
"40380",1,7,8,7
"40381",4,24,28,27
"40382",2,32,34,32
"40383",1,14,15,14
"40384",1,5,6,5
"40385",3,47,50,49
"40386",2,19,21,20
"40387",1,7,8,7
"40388",2,9,11,10
"40389",1,30,31,30
"40390",3,27,30,28
"40391",1,9,10,9
"40392",5,32,37,35
"40393",2,20,22,21
"40394",4,16,20,18
"40395",4,13,17,14
"40396",21,11,32,31
"40397",1,1,2,1
"40398",1,14,15,14
"40399",1,1,2,1
"40400",1,25,26,25
"40401",1,10,11,10
"40402",1,23,24,23
"40403",1,23,24,23
"40404",1,3,4,3
"40405",3,6,9,8
"40406",1,8,9,8
"40407",3,11,14,12
"40408",1,20,21,20
"40409",2,29,31,29
"40410",2,21,23,21
"40411",1,25,26,25
"40412",1,18,19,18
"40413",1,2,3,2
"40414",1,66,67,66
"40415",2,13,15,14
"40416",1,51,52,51
"40417",1,2,3,2
"40418",2,4,6,4
"40419",3,11,14,11
"40420",1,26,27,26
"40421",2,15,17,16
"40422",1,10,11,10
"40423",1,23,24,23
"40424",1,9,10,9
"40425",3,11,14,13
"40426",1,2,3,2
"40427",1,39,40,39
"40428",1,12,13,12
"40429",3,14,17,14
"40430",1,5,6,5
"40431",1,17,18,17
"40432",1,11,12,11
"40433",1,45,46,45
"40434",1,18,19,18
"40435",2,9,11,9
"40436",1,19,20,19
"40437",3,11,14,13
"40438",2,5,7,6
"40439",1,6,7,6
"40440",2,2,4,2
"40441",7,41,48,42
"40442",3,11,14,13
"40443",5,3,8,7
"40444",2,19,21,20
"40445",1,13,14,13
"40446",1,4,5,4
"40447",3,25,28,27
"40448",2,18,20,18
"40449",2,31,33,31
"40450",1,11,12,11
"40451",2,29,31,29
"40452",1,8,9,8
"40453",1,10,11,10
"40454",2,14,16,15
"40455",2,5,7,6
"40456",1,16,17,16
"40457",9,5,14,13
"40458",28,12,40,39
"40459",2,6,8,6
"40460",2,2,4,2
"40461",1,2,3,2
"40462",1,81,82,81
"40463",2,19,21,19
"40464",2,9,11,10
"40465",1,1,2,1
"40466",1,7,8,7
"40467",1,14,15,14
"40468",3,14,17,15
"40469",1,6,7,6
"40470",2,8,10,8
"40471",1,11,12,11
"40472",1,11,12,11
"40473",3,18,21,20
"40474",2,2,4,3
"40475",5,4,9,8
"40476",1,6,7,6
"40477",3,6,9,7
"40478",1,10,11,10
"40479",2,17,19,17
"40480",2,23,25,24
"40481",2,11,13,12
"40482",1,14,15,14
"40483",1,15,16,15
"40484",3,11,14,12
"40485",1,32,33,32
"40486",1,21,22,21
"40487",2,9,11,10
"40488",1,6,7,6
"40489",1,13,14,13
"40490",15,18,33,32
"40491",1,3,4,3
"40492",1,5,6,5
"40493",2,7,9,7
"40494",1,5,6,5
"40495",1,7,8,7
"40496",1,3,4,3
"40497",1,4,5,4
"40498",1,4,5,4
"40499",2,18,20,19
"40500",1,16,17,16
"40501",1,31,32,31
"40502",2,15,17,16
"40503",1,7,8,7
"40504",2,11,13,11
"40505",2,29,31,29
"40506",3,1,4,3
"40507",4,20,24,23
"40508",1,5,6,5
"40509",1,9,10,9
"40510",1,18,19,18
"40511",1,3,4,3
"40512",1,29,30,29
"40513",2,19,21,20
"40514",3,29,32,31
"40515",3,4,7,6
"40516",1,10,11,10
"40517",1,3,4,3
"40518",19,25,44,42
"40519",6,14,20,16
"40520",2,3,5,4
"40521",1,7,8,7
"40522",2,11,13,12
"40523",1,12,13,12
"40524",4,10,14,10
"40525",4,27,31,30
"40526",2,1,3,2
"40527",2,15,17,15
"40528",1,3,4,3
"40529",3,33,36,34
"40530",3,8,11,10
"40531",6,16,22,21
"40532",1,19,20,19
"40533",1,4,5,4
"40534",4,26,30,28
"40535",6,45,51,48
"40536",7,27,34,31
"40537",3,27,30,28
"40538",1,29,30,29
"40539",1,13,14,13
"40540",3,26,29,27
"40541",2,8,10,9
"40542",9,4,13,12
"40543",1,7,8,7
"40544",2,7,9,8
"40545",1,2,3,2
"40546",2,8,10,9
"40547",2,3,5,3
"40548",2,9,11,9
"40549",3,22,25,23
"40550",1,4,5,4
"40551",1,2,3,2
"40552",2,22,24,23
"40553",1,5,6,5
"40554",4,27,31,29
"40555",5,5,10,5
"40556",3,6,9,8
"40557",1,11,12,11
"40558",2,4,6,4
"40559",1,24,25,24
"40560",1,18,19,18
"40561",1,29,30,29
"40562",2,7,9,8
"40563",3,8,11,8
"40564",4,22,26,24
"40565",1,18,19,18
"40566",1,14,15,14
"40567",1,21,22,21
"40568",1,2,3,2
"40569",2,8,10,8
"40570",2,11,13,12
"40571",4,27,31,29
"40572",4,4,8,4
"40573",2,14,16,14
"40574",1,11,12,11
"40575",1,1,2,1
"40576",2,19,21,20
"40577",1,12,13,12
"40578",1,10,11,10
"40579",4,17,21,20
"40580",1,2,3,2
"40581",1,6,7,6
"40582",1,4,5,4
"40583",1,28,29,28
"40584",1,7,8,7
"40585",2,11,13,11
"40586",2,9,11,9
"40587",2,4,6,4
"40588",2,24,26,25
"40589",1,16,17,16
"40590",1,8,9,8
"40591",1,23,24,23
"40592",1,3,4,3
"40593",3,34,37,36
"40594",1,27,28,27
"40595",1,7,8,7
"40596",2,10,12,11
"40597",1,81,82,81
"40598",1,11,12,11
"40599",1,1,2,1
"40600",1,2,3,2
"40601",1,6,7,6
"40602",2,17,19,18
"40603",3,6,9,8
"40604",2,7,9,8
"40605",1,1,2,1
"40606",1,4,5,4
"40607",4,5,9,8
"40608",6,11,17,16
"40609",1,19,20,19
"40610",1,18,19,18
"40611",1,23,24,23
"40612",2,22,24,22
"40613",1,29,30,29
"40614",1,29,30,29
"40615",1,3,4,3
"40616",1,1,2,1
"40617",1,19,20,19
"40618",2,31,33,32
"40619",1,17,18,17
"40620",2,24,26,24
"40621",1,5,6,5
"40622",1,3,4,3
"40623",1,13,14,13
"40624",1,9,10,9
"40625",1,6,7,6
"40626",2,15,17,16
"40627",3,8,11,9
"40628",2,17,19,17
"40629",2,29,31,29
"40630",2,14,16,14
"40631",1,17,18,17
"40632",1,2,3,2
"40633",1,20,21,20
"40634",1,7,8,7
"40635",1,5,6,5
"40636",2,28,30,28
"40637",2,5,7,6
"40638",1,4,5,4
"40639",2,9,11,9
"40640",1,6,7,6
"40641",2,9,11,9
"40642",1,3,4,3
"40643",4,23,27,25
"40644",5,24,29,27
"40645",1,11,12,11
"40646",1,11,12,11
"40647",2,4,6,5
"40648",15,45,60,55
"40649",1,10,11,10
"40650",1,3,4,3
"40651",1,1,2,1
"40652",1,1,2,1
"40653",2,36,38,36
"40654",1,7,8,7
"40655",1,18,19,18
"40656",1,27,28,27
"40657",1,16,17,16
"40658",3,30,33,31
"40659",2,28,30,28
"40660",2,32,34,33
"40661",3,34,37,34
"40662",5,7,12,9
"40663",2,40,42,40
"40664",3,3,6,5
"40665",4,24,28,26
"40666",1,4,5,4
"40667",1,4,5,4
"40668",1,1,2,1
"40669",1,9,10,9
"40670",1,15,16,15
"40671",1,1,2,1
"40672",1,12,13,12
"40673",2,17,19,18
"40674",4,44,48,45
"40675",2,8,10,9
"40676",1,5,6,5
"40677",3,22,25,23
"40678",3,32,35,33
"40679",4,14,18,17
"40680",1,11,12,11
"40681",1,10,11,10
"40682",1,7,8,7
"40683",1,26,27,26
"40684",3,15,18,16
"40685",1,3,4,3
"40686",1,7,8,7
"40687",2,20,22,21
"40688",1,17,18,17
"40689",2,11,13,12
"40690",3,39,42,40
"40691",2,42,44,43
"40692",1,22,23,22
"40693",4,1,5,4
"40694",3,9,12,10
"40695",4,7,11,10
"40696",1,11,12,11
"40697",2,5,7,6
"40698",3,20,23,22
"40699",2,9,11,9
"40700",2,8,10,8
"40701",1,2,3,2
"40702",1,53,54,53
"40703",2,11,13,12
"40704",3,9,12,11
"40705",2,3,5,4
"40706",1,15,16,15
"40707",2,24,26,25
"40708",3,30,33,32
"40709",40,4,44,43
"40710",16,16,32,31
"40711",2,19,21,19
"40712",4,19,23,21
"40713",1,17,18,17
"40714",2,15,17,16
"40715",9,1,10,9
"40716",7,6,13,12
"40717",4,25,29,28
"40718",20,4,24,22
"40719",5,13,18,17
"40720",52,5,57,56
"40721",1,35,36,35
"40722",31,17,48,47
"40723",29,29,58,29
"40724",24,24,48,24
"40725",3,39,42,40
"40726",1,15,16,15
"40727",1,4,5,4
"40728",1,4,5,4
"40729",1,10,11,10
"40730",3,5,8,6
"40731",3,37,40,38
"40732",5,13,18,13
"40733",1,2,3,2
"40734",2,17,19,18
"40735",1,12,13,12
"40736",2,11,13,12
"40737",1,18,19,18
"40738",3,6,9,8
"40739",2,13,15,14
"40740",3,13,16,14
"40741",7,14,21,18
"40742",18,2,20,19
"40743",2,13,15,14
"40744",18,21,39,37
"40745",2,8,10,8
"40746",1,26,27,26
"40747",3,27,30,28
"40748",4,18,22,20
"40749",2,14,16,15
"40750",1,18,19,18
"40751",1,1,2,1
"40752",1,10,11,10
"40753",1,8,9,8
"40754",2,9,11,10
"40755",2,14,16,15
"40756",2,39,41,39
"40757",17,2,19,18
"40758",12,13,25,24
"40759",21,3,24,23
"40760",1,11,12,11
"40761",1,6,7,6
"40762",2,6,8,7
"40763",2,37,39,38
"40764",1,6,7,6
"40765",1,1,2,1
"40766",1,15,16,15
"40767",1,6,7,6
"40768",3,25,28,27
"40769",1,12,13,12
"40770",1,10,11,10
"40771",5,21,26,25
"40772",7,17,24,18
"40773",3,16,19,17
"40774",2,17,19,17
"40775",2,9,11,10
"40776",4,51,55,54
"40777",2,2,4,3
"40778",3,34,37,36
"40779",1,14,15,14
"40780",1,20,21,20
"40781",1,8,9,8
"40782",2,7,9,7
"40783",3,12,15,14
"40784",1,15,16,15
"40785",1,31,32,31
"40786",42,42,84,42
"40787",1,2,3,2
"40788",1,4,5,4
"40789",1,1,2,1
"40790",2,37,39,38
"40791",1,38,39,38
"40792",2,11,13,12
"40793",4,3,7,5
"40794",1,8,9,8
"40795",1,5,6,5
"40796",3,18,21,20
"40797",8,2,10,9
"40798",3,26,29,27
"40799",5,15,20,17
"40800",1,1,2,1
"40801",1,2,3,2
"40802",2,7,9,7
"40803",3,11,14,12
"40804",3,2,5,4
"40805",4,6,10,8
"40806",2,18,20,18
"40807",1,6,7,6
"40808",2,5,7,5
"40809",1,2,3,2
"40810",3,7,10,8
"40811",3,39,42,40
"40812",1,4,5,4
"40813",1,14,15,14
"40814",3,10,13,12
"40815",1,9,10,9
"40816",1,1,2,1
"40817",2,5,7,5
"40818",9,5,14,13
"40819",1,20,21,20
"40820",1,3,4,3
"40821",2,38,40,39
"40822",2,6,8,7
"40823",2,16,18,17
"40824",2,38,40,39
"40825",1,10,11,10
"40826",2,4,6,5
"40827",2,7,9,8
"40828",1,9,10,9
"40829",5,16,21,20
"40830",2,17,19,18
"40831",1,1,2,1
"40832",14,14,28,14
"40833",3,30,33,31
"40834",1,7,8,7
"40835",2,3,5,4
"40836",1,30,31,30
"40837",2,28,30,28
"40838",1,5,6,5
"40839",1,2,3,2
"40840",1,38,39,38
"40841",1,26,27,26
"40842",1,2,3,2
"40843",1,6,7,6
"40844",2,3,5,4
"40845",2,12,14,13
"40846",3,6,9,7
"40847",2,1,3,2
"40848",32,32,64,32
"40849",6,3,9,7
"40850",9,1,10,9
"40851",1,8,9,8
"40852",1,4,5,4
"40853",1,7,8,7
"40854",2,3,5,3
"40855",1,22,23,22
"40856",2,12,14,12
"40857",1,1,2,1
"40858",1,17,18,17
"40859",1,19,20,19
"40860",1,4,5,4
"40861",1,3,4,3
"40862",2,2,4,2
"40863",4,40,44,41
"40864",3,15,18,15
"40865",1,4,5,4
"40866",1,3,4,3
"40867",1,1,2,1
"40868",18,7,25,24
"40869",1,4,5,4
"40870",1,3,4,3
"40871",3,11,14,11
"40872",2,5,7,5
"40873",1,1,2,1
"40874",2,25,27,26
"40875",6,9,15,14
"40876",1,18,19,18
"40877",3,18,21,20
"40878",3,48,51,50
"40879",1,3,4,3
"40880",1,4,5,4
"40881",3,8,11,8
"40882",2,25,27,25
"40883",1,1,2,1
"40884",9,12,21,20
"40885",3,26,29,27
"40886",1,7,8,7
"40887",2,8,10,9
"40888",2,6,8,7
"40889",3,10,13,11
"40890",2,13,15,13
"40891",1,13,14,13
"40892",1,25,26,25
"40893",2,11,13,12
"40894",1,5,6,5
"40895",1,11,12,11
"40896",1,3,4,3
"40897",1,10,11,10
"40898",6,14,20,18
"40899",3,15,18,15
"40900",3,31,34,32
"40901",3,1,4,3
"40902",6,7,13,11
"40903",11,11,22,11
"40904",14,2,16,15
"40905",36,1,37,36
"40906",2,14,16,15
"40907",1,10,11,10
"40908",13,1,14,13
"40909",1,2,3,2
"40910",1,4,5,4
"40911",1,12,13,12
"40912",2,17,19,17
"40913",3,8,11,10
"40914",1,33,34,33
"40915",1,13,14,13
"40916",1,11,12,11
"40917",2,8,10,9
"40918",1,4,5,4
"40919",2,5,7,6
"40920",3,8,11,10
"40921",5,1,6,5
"40922",1,1,2,1
"40923",1,7,8,7
"40924",4,9,13,12
"40925",1,6,7,6
"40926",1,9,10,9
"40927",2,32,34,32
"40928",5,37,42,38
"40929",3,15,18,17
"40930",1,6,7,6
"40931",2,19,21,19
"40932",2,6,8,6
"40933",1,15,16,15
"40934",7,5,12,11
"40935",6,14,20,19
"40936",2,18,20,19
"40937",8,1,9,8
"40938",39,11,50,43
"40939",3,5,8,5
"40940",1,4,5,4
"40941",2,3,5,4
"40942",1,9,10,9
"40943",1,3,4,3
"40944",2,36,38,37
"40945",1,36,37,36
"40946",1,3,4,3
"40947",5,36,41,38
"40948",1,2,3,2
"40949",1,6,7,6
"40950",4,13,17,14
"40951",1,7,8,7
"40952",2,15,17,15
"40953",1,12,13,12
"40954",5,13,18,17
"40955",1,2,3,2
"40956",2,7,9,7
"40957",2,3,5,4
"40958",1,17,18,17
"40959",3,12,15,12
"40960",1,1,2,1
"40961",2,3,5,4
"40962",1,18,19,18
"40963",1,13,14,13
"40964",1,8,9,8
"40965",2,4,6,5
"40966",1,10,11,10
"40967",1,5,6,5
"40968",1,28,29,28
"40969",1,9,10,9
"40970",1,3,4,3
"40971",2,5,7,5
"40972",1,8,9,8
"40973",3,13,16,14
"40974",5,15,20,18
"40975",2,8,10,8
"40976",1,2,3,2
"40977",3,20,23,21
"40978",1,18,19,18
"40979",2,23,25,24
"40980",1,6,7,6
"40981",2,7,9,8
"40982",2,13,15,13
"40983",3,14,17,16
"40984",5,42,47,42
"40985",19,19,38,19
"40986",4,3,7,5
"40987",3,7,10,9
"40988",1,3,4,3
"40989",2,17,19,18
"40990",1,9,10,9
"40991",6,17,23,19
"40992",2,2,4,3
"40993",1,5,6,5
"40994",3,15,18,16
"40995",3,26,29,26
"40996",5,29,34,33
"40997",2,15,17,16
"40998",3,176,179,178
"40999",6,53,59,57
"41000",12,1,13,12
"41001",32,5,37,35
"41002",2,27,29,28
"41003",1,28,29,28
"41004",1,9,10,9
"41005",1,20,21,20
"41006",1,6,7,6
"41007",1,3,4,3
"41008",2,14,16,14
"41009",1,7,8,7
"41010",1,14,15,14
"41011",2,21,23,22
"41012",1,19,20,19
"41013",1,42,43,42
"41014",1,5,6,5
"41015",3,11,14,12
"41016",2,20,22,20
"41017",8,1,9,8
"41018",10,21,31,24
"41019",1,4,5,4
"41020",1,1,2,1
"41021",1,2,3,2
"41022",3,17,20,18
"41023",1,8,9,8
"41024",1,2,3,2
"41025",1,1,2,1
"41026",1,28,29,28
"41027",1,17,18,17
"41028",1,1,2,1
"41029",1,8,9,8
"41030",1,5,6,5
"41031",1,18,19,18
"41032",1,3,4,3
"41033",1,27,28,27
"41034",1,15,16,15
"41035",2,12,14,12
"41036",1,1,2,1
"41037",2,9,11,9
"41038",3,43,46,45
"41039",1,6,7,6
"41040",2,10,12,10
"41041",1,18,19,18
"41042",1,4,5,4
"41043",4,7,11,9
"41044",6,19,25,22
"41045",16,9,25,24
"41046",11,31,42,35
"41047",2,3,5,3
"41048",4,10,14,10
"41049",1,35,36,35
"41050",6,29,35,34
"41051",1,7,8,7
"41052",3,6,9,6
"41053",1,2,3,2
"41054",2,22,24,23
"41055",2,42,44,42
"41056",2,31,33,32
"41057",4,8,12,8
"41058",1,32,33,32
"41059",1,10,11,10
"41060",3,21,24,22
"41061",2,11,13,11
"41062",3,12,15,14
"41063",10,3,13,12
"41064",2,2,4,2
"41065",19,12,31,30
"41066",1,1,2,1
"41067",2,2,4,2
"41068",14,8,22,20
"41069",8,8,16,8
"41070",30,2,32,31
"41071",16,1,17,16
"41072",61,4,65,64
"41073",3,7,10,9
"41074",2,9,11,9
"41075",2,3,5,3
"41076",1,2,3,2
"41077",1,13,14,13
"41078",4,36,40,37
"41079",1,3,4,3
"41080",2,12,14,13
"41081",4,20,24,23
"41082",1,11,12,11
"41083",1,11,12,11
"41084",3,12,15,13
"41085",1,2,3,2
"41086",1,7,8,7
"41087",2,19,21,20
"41088",3,9,12,11
"41089",3,36,39,37
"41090",4,27,31,29
"41091",3,15,18,15
"41092",31,2,33,32
"41093",9,9,18,9
"41094",4,3,7,6
"41095",2,9,11,10
"41096",4,16,20,16
"41097",1,7,8,7
"41098",2,6,8,6
"41099",3,4,7,6
"41100",1,3,4,3
"41101",4,7,11,10
"41102",1,5,6,5
"41103",2,10,12,10
"41104",2,22,24,22
"41105",1,7,8,7
"41106",5,18,23,21
"41107",6,32,38,32
"41108",2,12,14,12
"41109",5,1,6,5
"41110",2,2,4,2
"41111",12,12,24,12
"41112",2,25,27,25
"41113",5,6,11,10
"41114",3,3,6,3
"41115",1,28,29,28
"41116",1,30,31,30
"41117",3,10,13,12
"41118",1,2,3,2
"41119",1,22,23,22
"41120",3,34,37,34
"41121",1,2,3,2
"41122",3,8,11,9
"41123",6,1,7,6
"41124",1,15,16,15
"41125",4,13,17,14
"41126",3,25,28,27
"41127",16,27,43,42
"41128",1,2,3,2
"41129",1,51,52,51
"41130",1,1,2,1
"41131",1,13,14,13
"41132",1,9,10,9
"41133",1,20,21,20
"41134",1,6,7,6
"41135",1,26,27,26
"41136",1,13,14,13
"41137",1,3,4,3
"41138",2,4,6,5
"41139",1,4,5,4
"41140",2,5,7,6
"41141",1,9,10,9
"41142",42,6,48,47
"41143",2,9,11,9
"41144",6,26,32,28
"41145",4,28,32,31
"41146",2,7,9,7
"41147",1,2,3,2
"41148",1,2,3,2
"41149",2,23,25,24
"41150",1,20,21,20
"41151",2,15,17,15
"41152",3,13,16,15
"41153",2,18,20,19
"41154",1,11,12,11
"41155",2,14,16,14
"41156",1,14,15,14
"41157",1,12,13,12
"41158",1,17,18,17
"41159",9,2,11,10
"41160",21,39,60,58
"41161",1,14,15,14
"41162",3,24,27,25
"41163",1,9,10,9
"41164",1,17,18,17
"41165",2,4,6,5
"41166",1,36,37,36
"41167",1,6,7,6
"41168",1,36,37,36
"41169",1,2,3,2
"41170",2,15,17,16
"41171",1,8,9,8
"41172",2,7,9,8
"41173",1,6,7,6
"41174",1,8,9,8
"41175",1,43,44,43
"41176",32,9,41,40
"41177",2,2,4,3
"41178",4,36,40,37
"41179",1,38,39,38
"41180",1,13,14,13
"41181",1,8,9,8
"41182",1,1,2,1
"41183",2,10,12,11
"41184",2,12,14,12
"41185",1,2,3,2
"41186",2,51,53,52
"41187",1,18,19,18
"41188",1,8,9,8
"41189",4,36,40,38
"41190",1,8,9,8
"41191",1,14,15,14
"41192",4,14,18,15
"41193",1,4,5,4
"41194",32,19,51,50
"41195",1,1,2,1
"41196",4,18,22,21
"41197",3,19,22,19
"41198",2,26,28,26
"41199",2,8,10,8
"41200",2,25,27,25
"41201",1,12,13,12
"41202",3,1,4,3
"41203",1,10,11,10
"41204",2,44,46,44
"41205",1,16,17,16
"41206",3,42,45,42
"41207",2,26,28,26
"41208",5,18,23,19
"41209",13,31,44,43
"41210",10,10,20,10
"41211",10,21,31,28
"41212",2,1,3,2
"41213",1,9,10,9
"41214",2,23,25,23
"41215",2,4,6,4
"41216",1,11,12,11
"41217",1,23,24,23
"41218",1,7,8,7
"41219",1,10,11,10
"41220",2,34,36,34
"41221",1,11,12,11
"41222",2,12,14,12
"41223",1,9,10,9
"41224",2,6,8,7
"41225",1,14,15,14
"41226",5,30,35,31
"41227",2,5,7,5
"41228",1,27,28,27
"41229",2,14,16,15
"41230",1,3,4,3
"41231",2,8,10,9
"41232",2,11,13,12
"41233",2,16,18,16
"41234",1,3,4,3
"41235",3,37,40,38
"41236",1,9,10,9
"41237",2,9,11,10
"41238",10,21,31,29
"41239",2,25,27,26
"41240",1,5,6,5
"41241",2,8,10,9
"41242",4,7,11,10
"41243",3,30,33,31
"41244",2,4,6,4
"41245",5,4,9,8
"41246",2,4,6,5
"41247",2,5,7,6
"41248",1,31,32,31
"41249",1,11,12,11
"41250",1,11,12,11
"41251",2,12,14,13
"41252",2,66,68,66
"41253",1,19,20,19
"41254",3,4,7,5
"41255",2,10,12,10
"41256",1,3,4,3
"41257",3,9,12,11
"41258",2,9,11,10
"41259",4,26,30,27
"41260",2,36,38,37
"41261",1,8,9,8
"41262",2,26,28,26
"41263",1,5,6,5
"41264",2,4,6,5
"41265",1,3,4,3
"41266",1,4,5,4
"41267",2,17,19,17
"41268",1,6,7,6
"41269",2,11,13,11
"41270",1,3,4,3
"41271",1,11,12,11
"41272",6,13,19,16
"41273",4,9,13,10
"41274",1,5,6,5
"41275",3,13,16,15
"41276",3,12,15,13
"41277",2,22,24,22
"41278",3,23,26,24
"41279",1,4,5,4
"41280",1,27,28,27
"41281",2,5,7,6
"41282",2,7,9,8
"41283",2,27,29,28
"41284",1,25,26,25
"41285",1,3,4,3
"41286",1,9,10,9
"41287",4,29,33,32
"41288",2,18,20,19
"41289",2,5,7,6
"41290",5,9,14,10
"41291",1,13,14,13
"41292",3,24,27,24
"41293",1,11,12,11
"41294",8,19,27,25
"41295",1,9,10,9
"41296",1,14,15,14
"41297",1,5,6,5
"41298",1,1,2,1
"41299",2,25,27,25
"41300",1,8,9,8
"41301",1,4,5,4
"41302",1,12,13,12
"41303",1,2,3,2
"41304",1,16,17,16
"41305",1,19,20,19
"41306",2,13,15,14
"41307",3,12,15,13
"41308",40,6,46,42
"41309",3,14,17,16
"41310",1,13,14,13
"41311",1,4,5,4
"41312",3,17,20,18
"41313",2,36,38,37
"41314",2,13,15,13
"41315",1,1,2,1
"41316",4,3,7,6
"41317",1,3,4,3
"41318",2,1,3,2
"41319",1,13,14,13
"41320",4,3,7,5
"41321",1,1,2,1
"41322",4,10,14,10
"41323",3,17,20,17
"41324",1,13,14,13
"41325",34,1,35,34
"41326",5,27,32,31
"41327",1,11,12,11
"41328",1,1,2,1
"41329",1,4,5,4
"41330",1,5,6,5
"41331",1,2,3,2
"41332",2,6,8,6
"41333",5,19,24,20
"41334",3,15,18,15
"41335",1,3,4,3
"41336",3,14,17,14
"41337",3,10,13,11
"41338",1,12,13,12
"41339",4,27,31,27
"41340",3,18,21,19
"41341",3,39,42,39
"41342",1,5,6,5
"41343",9,8,17,16
"41344",5,16,21,17
"41345",2,7,9,8
"41346",1,3,4,3
"41347",1,22,23,22
"41348",3,21,24,23
"41349",2,20,22,20
"41350",1,10,11,10
"41351",2,5,7,5
"41352",1,10,11,10
"41353",2,4,6,5
"41354",3,10,13,11
"41355",2,3,5,3
"41356",4,6,10,7
"41357",1,13,14,13
"41358",1,13,14,13
"41359",6,8,14,10
"41360",1,2,3,2
"41361",2,3,5,4
"41362",1,2,3,2
"41363",2,4,6,4
"41364",2,27,29,28
"41365",2,6,8,7
"41366",2,12,14,12
"41367",1,3,4,3
"41368",2,9,11,10
"41369",1,32,33,32
"41370",1,5,6,5
"41371",1,26,27,26
"41372",1,3,4,3
"41373",3,22,25,23
"41374",1,17,18,17
"41375",2,13,15,14
"41376",2,15,17,15
"41377",1,31,32,31
"41378",1,39,40,39
"41379",1,12,13,12
"41380",4,4,8,4
"41381",2,8,10,8
"41382",8,23,31,30
"41383",2,9,11,9
"41384",1,2,3,2
"41385",1,6,7,6
"41386",1,7,8,7
"41387",1,5,6,5
"41388",1,6,7,6
"41389",1,3,4,3
"41390",1,9,10,9
"41391",1,9,10,9
"41392",2,4,6,4
"41393",3,14,17,14
"41394",1,7,8,7
"41395",1,16,17,16
"41396",1,9,10,9
"41397",22,12,34,29
"41398",1,7,8,7
"41399",1,1,2,1
"41400",3,15,18,15
"41401",2,27,29,28
"41402",1,3,4,3
"41403",1,12,13,12
"41404",2,20,22,21
"41405",2,4,6,4
"41406",3,19,22,20
"41407",1,22,23,22
"41408",2,6,8,6
"41409",1,8,9,8
"41410",1,48,49,48
"41411",3,12,15,13
"41412",2,9,11,10
"41413",26,30,56,55
"41414",15,10,25,24
"41415",6,13,19,18
"41416",2,14,16,15
"41417",1,4,5,4
"41418",2,11,13,11
"41419",2,13,15,13
"41420",4,17,21,19
"41421",1,6,7,6
"41422",1,29,30,29
"41423",3,20,23,22
"41424",5,11,16,13
"41425",5,57,62,58
"41426",10,21,31,24
"41427",2,2,4,2
"41428",3,57,60,58
"41429",4,15,19,18
"41430",1,1,2,1
"41431",1,22,23,22
"41432",3,27,30,29
"41433",5,25,30,28
"41434",2,4,6,5
"41435",2,26,28,27
"41436",2,18,20,18
"41437",2,7,9,8
"41438",5,12,17,15
"41439",2,15,17,16
"41440",1,24,25,24
"41441",4,36,40,38
"41442",1,14,15,14
"41443",3,16,19,17
"41444",3,5,8,7
"41445",2,57,59,57
"41446",10,10,20,10
"41447",23,23,46,23
"41448",21,10,31,30
"41449",7,23,30,29
"41450",9,1,10,9
"41451",3,176,179,176
"41452",3,14,17,15
"41453",2,24,26,25
"41454",2,37,39,37
"41455",4,14,18,16
"41456",1,2,3,2
"41457",1,2,3,2
"41458",2,7,9,8
"41459",3,26,29,27
"41460",1,6,7,6
"41461",3,12,15,12
"41462",2,2,4,3
"41463",1,9,10,9
"41464",6,29,35,33
"41465",3,16,19,18
"41466",38,38,76,38
"41467",4,6,10,9
"41468",14,10,24,22
"41469",2,12,14,13
"41470",45,10,55,54
"41471",27,13,40,39
"41472",10,9,19,18
"41473",24,24,48,24
"41474",18,26,44,43
"41475",27,22,49,48
"41476",23,8,31,30
"41477",37,37,74,37
"41478",13,20,33,31
"41479",42,51,93,92
"41480",36,36,72,36
"41481",8,43,51,49
"41482",16,8,24,23
"41483",36,10,46,45
"41484",22,9,31,28
"41485",25,25,50,25
"41486",28,6,34,31
"41487",43,43,86,43
"41488",2,23,25,24
"41489",3,1,4,3
"41490",5,38,43,40
"41491",17,2,19,17
"41492",176,11,187,186
"41493",6,7,13,10
"41494",2,30,32,31
"41495",3,2,5,3
"41496",3,12,15,13
"41497",1,13,14,13
"41498",4,19,23,20
"41499",1,7,8,7
"41500",1,30,31,30
"41501",3,10,13,12
"41502",1,3,4,3
"41503",1,5,6,5
"41504",1,6,7,6
"41505",1,37,38,37
"41506",2,18,20,19
"41507",1,3,4,3
"41508",7,41,48,42
"41509",1,21,22,21
"41510",2,4,6,4
"41511",16,16,32,16
"41512",3,15,18,15
"41513",2,3,5,4
"41514",1,15,16,15
"41515",6,18,24,21
"41516",1,2,3,2
"41517",1,27,28,27
"41518",3,13,16,13
"41519",1,5,6,5
"41520",1,10,11,10
"41521",2,11,13,12
"41522",1,8,9,8
"41523",2,18,20,18
"41524",1,21,22,21
"41525",2,22,24,22
"41526",1,16,17,16
"41527",1,23,24,23
"41528",1,1,2,1
"41529",2,17,19,17
"41530",1,24,25,24
"41531",1,8,9,8
"41532",2,43,45,43
"41533",2,9,11,10
"41534",2,29,31,30
"41535",2,5,7,5
"41536",1,8,9,8
"41537",1,36,37,36
"41538",2,14,16,14
"41539",2,31,33,32
"41540",6,4,10,9
"41541",3,18,21,20
"41542",3,20,23,20
"41543",2,15,17,15
"41544",1,19,20,19
"41545",1,9,10,9
"41546",2,9,11,9
"41547",3,41,44,42
"41548",1,18,19,18
"41549",1,36,37,36
"41550",2,4,6,5
"41551",2,8,10,8
"41552",4,8,12,10
"41553",5,18,23,22
"41554",1,6,7,6
"41555",4,37,41,38
"41556",5,5,10,9
"41557",1,21,22,21
"41558",2,26,28,27
"41559",7,17,24,21
"41560",1,12,13,12
"41561",2,10,12,10
"41562",2,18,20,18
"41563",2,27,29,27
"41564",6,23,29,27
"41565",4,5,9,7
"41566",3,27,30,29
"41567",1,20,21,20
"41568",1,10,11,10
"41569",1,16,17,16
"41570",3,39,42,41
"41571",11,31,42,35
"41572",3,9,12,10
"41573",1,17,18,17
"41574",4,53,57,56
"41575",2,9,11,9
"41576",3,15,18,15
"41577",1,6,7,6
"41578",2,2,4,3
"41579",2,10,12,10
"41580",5,15,20,18
"41581",1,17,18,17
"41582",2,7,9,7
"41583",1,4,5,4
"41584",3,39,42,40
"41585",2,3,5,4
"41586",1,10,11,10
"41587",5,13,18,17
"41588",2,6,8,6
"41589",2,3,5,4
"41590",2,4,6,4
"41591",1,11,12,11
"41592",1,3,4,3
"41593",1,20,21,20
"41594",1,8,9,8
"41595",2,8,10,8
"41596",3,19,22,21
"41597",4,25,29,28
"41598",1,20,21,20
"41599",4,1,5,4
"41600",9,16,25,24
"41601",2,26,28,27
"41602",1,32,33,32
"41603",1,2,3,2
"41604",5,13,18,16
"41605",1,11,12,11
"41606",1,19,20,19
"41607",3,15,18,17
"41608",3,4,7,5
"41609",2,10,12,10
"41610",3,34,37,34
"41611",2,45,47,45
"41612",2,20,22,20
"41613",1,31,32,31
"41614",2,5,7,6
"41615",2,5,7,6
"41616",1,25,26,25
"41617",4,16,20,19
"41618",1,11,12,11
"41619",1,30,31,30
"41620",1,5,6,5
"41621",3,8,11,10
"41622",2,32,34,33
"41623",1,15,16,15
"41624",2,20,22,21
"41625",4,4,8,7
"41626",2,15,17,16
"41627",1,6,7,6
"41628",3,8,11,8
"41629",1,36,37,36
"41630",1,37,38,37
"41631",1,13,14,13
"41632",3,34,37,35
"41633",1,6,7,6
"41634",2,6,8,7
"41635",1,3,4,3
"41636",2,19,21,20
"41637",2,19,21,20
"41638",1,10,11,10
"41639",1,2,3,2
"41640",2,9,11,10
"41641",2,14,16,15
"41642",6,6,12,11
"41643",8,1,9,8
"41644",1,23,24,23
"41645",2,8,10,9
"41646",1,4,5,4
"41647",3,1,4,3
"41648",3,32,35,33
"41649",2,14,16,14
"41650",1,36,37,36
"41651",1,10,11,10
"41652",2,17,19,18
"41653",3,6,9,7
"41654",1,12,13,12
"41655",1,2,3,2
"41656",4,2,6,5
"41657",7,51,58,56
"41658",1,11,12,11
"41659",1,3,4,3
"41660",3,19,22,20
"41661",1,4,5,4
"41662",2,37,39,38
"41663",3,30,33,31
"41664",1,5,6,5
"41665",1,16,17,16
"41666",2,1,3,2
"41667",1,5,6,5
"41668",4,23,27,25
"41669",1,15,16,15
"41670",22,22,44,22
"41671",1,2,3,2
"41672",1,4,5,4
"41673",1,7,8,7
"41674",1,1,2,1
"41675",1,5,6,5
"41676",2,26,28,26
"41677",4,17,21,20
"41678",3,15,18,17
"41679",4,3,7,5
"41680",8,16,24,22
"41681",1,5,6,5
"41682",4,8,12,9
"41683",2,23,25,24
"41684",20,4,24,21
"41685",2,7,9,8
"41686",1,2,3,2
"41687",1,6,7,6
"41688",1,9,10,9
"41689",2,7,9,8
"41690",1,8,9,8
"41691",3,25,28,27
"41692",1,11,12,11
"41693",7,7,14,12
"41694",6,14,20,18
"41695",2,13,15,14
"41696",1,7,8,7
"41697",32,22,54,52
"41698",1,6,7,6
"41699",1,17,18,17
"41700",4,5,9,8
"41701",3,18,21,19
"41702",1,5,6,5
"41703",3,51,54,52
"41704",1,12,13,12
"41705",2,3,5,4
"41706",3,2,5,4
"41707",4,17,21,20
"41708",1,6,7,6
"41709",4,16,20,17
"41710",2,21,23,21
"41711",5,5,10,5
"41712",3,7,10,9
"41713",2,31,33,31
"41714",1,41,42,41
"41715",1,38,39,38
"41716",3,14,17,15
"41717",3,34,37,34
"41718",2,8,10,8
"41719",3,8,11,10
"41720",5,22,27,24
"41721",2,10,12,11
"41722",8,16,24,21
"41723",1,13,14,13
"41724",1,14,15,14
"41725",2,5,7,5
"41726",22,4,26,24
"41727",1,9,10,9
"41728",2,14,16,15
"41729",1,16,17,16
"41730",1,6,7,6
"41731",2,3,5,3
"41732",5,10,15,12
"41733",2,7,9,7
"41734",3,5,8,7
"41735",3,10,13,12
"41736",7,14,21,18
"41737",3,15,18,15
"41738",9,9,18,9
"41739",3,25,28,25
"41740",2,29,31,29
"41741",13,3,16,15
"41742",2,5,7,5
"41743",2,9,11,10
"41744",2,19,21,19
"41745",1,3,4,3
"41746",1,16,17,16
"41747",2,4,6,5
"41748",2,9,11,10
"41749",2,11,13,12
"41750",2,53,55,53
"41751",1,7,8,7
"41752",1,9,10,9
"41753",1,5,6,5
"41754",29,29,58,29
"41755",2,2,4,3
"41756",3,32,35,33
"41757",1,41,42,41
"41758",3,28,31,30
"41759",1,4,5,4
"41760",2,7,9,8
"41761",3,23,26,24
"41762",1,3,4,3
"41763",2,7,9,8
"41764",2,10,12,11
"41765",1,9,10,9
"41766",1,10,11,10
"41767",11,5,16,15
"41768",3,15,18,16
"41769",6,14,20,17
"41770",2,8,10,8
"41771",1,4,5,4
"41772",1,2,3,2
"41773",1,27,28,27
"41774",3,4,7,5
"41775",1,23,24,23
"41776",4,10,14,12
"41777",1,6,7,6
"41778",4,18,22,21
"41779",1,11,12,11
"41780",2,13,15,13
"41781",4,25,29,25
"41782",3,22,25,23
"41783",5,8,13,10
"41784",2,4,6,5
"41785",1,8,9,8
"41786",1,5,6,5
"41787",3,2,5,4
"41788",7,14,21,18
"41789",3,4,7,6
"41790",1,24,25,24
"41791",1,18,19,18
"41792",1,4,5,4
"41793",2,7,9,8
"41794",1,21,22,21
"41795",11,19,30,27
"41796",2,10,12,11
"41797",2,2,4,3
"41798",6,13,19,14
"41799",4,3,7,6
"41800",2,12,14,13
"41801",2,26,28,27
"41802",1,18,19,18
"41803",5,12,17,15
"41804",2,6,8,7
"41805",1,10,11,10
"41806",3,18,21,18
"41807",8,25,33,32
"41808",4,34,38,35
"41809",3,2,5,4
"41810",29,1,30,29
"41811",5,169,174,172
"41812",3,32,35,32
"41813",1,22,23,22
"41814",2,6,8,6
"41815",1,9,10,9
"41816",3,23,26,25
"41817",1,22,23,22
"41818",3,30,33,32
"41819",3,17,20,19
"41820",4,17,21,17
"41821",1,37,38,37
"41822",4,26,30,28
"41823",5,13,18,16
"41824",4,1,5,4
"41825",1,36,37,36
"41826",1,5,6,5
"41827",2,21,23,21
"41828",4,22,26,24
"41829",2,4,6,5
"41830",2,18,20,19
"41831",4,10,14,13
"41832",1,21,22,21
"41833",1,4,5,4
"41834",1,7,8,7
"41835",1,12,13,12
"41836",1,16,17,16
"41837",3,33,36,34
"41838",2,12,14,12
"41839",8,11,19,18
"41840",13,13,26,13
"41841",11,11,22,11
"41842",3,15,18,17
"41843",3,51,54,51
"41844",2,9,11,9
"41845",1,20,21,20
"41846",4,19,23,21
"41847",2,12,14,12
"41848",2,8,10,8
"41849",1,4,5,4
"41850",2,23,25,24
"41851",1,8,9,8
"41852",5,27,32,29
"41853",6,4,10,9
"41854",3,4,7,6
"41855",31,31,62,31
"41856",2,2,4,2
"41857",11,34,45,44
"41858",3,30,33,32
"41859",25,7,32,31
"41860",16,5,21,19
"41861",11,7,18,17
"41862",40,40,80,40
"41863",9,1,10,9
"41864",6,8,14,12
"41865",4,4,8,4
"41866",1,9,10,9
"41867",2,1,3,2
"41868",1,5,6,5
"41869",4,26,30,29
"41870",10,3,13,12
"41871",11,11,22,11
"41872",21,1,22,21
"41873",11,10,21,20
"41874",9,7,16,15
"41875",1,1,2,1
"41876",1,36,37,36
"41877",1,12,13,12
"41878",1,8,9,8
"41879",1,21,22,21
"41880",1,6,7,6
"41881",2,11,13,12
"41882",3,29,32,30
"41883",2,16,18,17
"41884",2,9,11,9
"41885",2,27,29,28
"41886",3,29,32,31
"41887",2,7,9,8
"41888",2,22,24,22
"41889",1,1,2,1
"41890",2,11,13,12
"41891",2,24,26,25
"41892",3,1,4,3
"41893",7,2,9,8
"41894",4,13,17,15
"41895",2,6,8,7
"41896",7,17,24,21
"41897",2,29,31,29
"41898",1,3,4,3
"41899",1,11,12,11
"41900",1,21,22,21
"41901",21,21,42,21
"41902",2,9,11,9
"41903",1,5,6,5
"41904",1,12,13,12
"41905",4,18,22,20
"41906",1,10,11,10
"41907",1,11,12,11
"41908",1,5,6,5
"41909",2,13,15,13
"41910",1,43,44,43
"41911",1,4,5,4
"41912",2,16,18,16
"41913",2,9,11,10
"41914",5,16,21,18
"41915",1,11,12,11
"41916",1,13,14,13
"41917",4,12,16,15
"41918",1,1,2,1
"41919",2,36,38,36
"41920",4,176,180,177
"41921",1,26,27,26
"41922",1,1,2,1
"41923",2,2,4,3
"41924",2,9,11,9
"41925",1,4,5,4
"41926",1,5,6,5
"41927",1,28,29,28
"41928",1,5,6,5
"41929",4,8,12,11
"41930",18,19,37,32
"41931",18,18,36,18
"41932",3,27,30,27
"41933",3,32,35,34
"41934",21,11,32,28
"41935",3,13,16,15
"41936",1,20,21,20
"41937",3,3,6,3
"41938",1,10,11,10
"41939",1,1,2,1
"41940",2,6,8,6
"41941",1,10,11,10
"41942",2,34,36,34
"41943",37,37,74,37
"41944",1,1,2,1
"41945",1,12,13,12
"41946",3,10,13,11
"41947",3,4,7,6
"41948",2,6,8,7
"41949",1,4,5,4
"41950",1,32,33,32
"41951",3,12,15,14
"41952",1,9,10,9
"41953",2,16,18,16
"41954",2,13,15,14
"41955",3,19,22,21
"41956",7,6,13,10
"41957",14,14,28,14
"41958",7,24,31,30
"41959",3,23,26,25
"41960",2,24,26,24
"41961",1,9,10,9
"41962",1,17,18,17
"41963",5,27,32,28
"41964",2,12,14,12
"41965",6,11,17,14
"41966",2,11,13,12
"41967",3,9,12,11
"41968",2,6,8,7
"41969",3,5,8,7
"41970",26,19,45,44
"41971",2,15,17,16
"41972",1,14,15,14
"41973",6,7,13,12
"41974",1,21,22,21
"41975",1,2,3,2
"41976",1,5,6,5
"41977",5,11,16,15
"41978",2,26,28,27
"41979",1,6,7,6
"41980",4,18,22,20
"41981",4,19,23,22
"41982",1,33,34,33
"41983",1,29,30,29
"41984",1,18,19,18
"41985",2,11,13,11
"41986",4,12,16,13
"41987",1,6,7,6
"41988",2,3,5,3
"41989",1,7,8,7
"41990",7,14,21,15
"41991",4,26,30,27
"41992",4,20,24,22
"41993",4,6,10,9
"41994",1,7,8,7
"41995",1,1,2,1
"41996",9,19,28,25
"41997",1,7,8,7
"41998",4,39,43,42
"41999",3,10,13,12
"42000",3,8,11,8
"42001",1,22,23,22
"42002",1,19,20,19
"42003",1,28,29,28
"42004",2,33,35,34
"42005",1,8,9,8
"42006",1,2,3,2
"42007",2,21,23,21
"42008",1,31,32,31
"42009",1,11,12,11
"42010",2,8,10,8
"42011",2,16,18,16
"42012",5,31,36,33
"42013",14,14,28,14
"42014",1,1,2,1
"42015",5,23,28,27
"42016",2,4,6,4
"42017",1,26,27,26
"42018",1,2,3,2
"42019",1,6,7,6
"42020",2,4,6,4
"42021",2,9,11,9
"42022",1,22,23,22
"42023",6,10,16,13
"42024",1,4,5,4
"42025",2,30,32,31
"42026",1,30,31,30
"42027",3,9,12,9
"42028",15,21,36,35
"42029",3,18,21,18
"42030",1,28,29,28
"42031",1,1,2,1
"42032",3,6,9,8
"42033",1,6,7,6
"42034",1,9,10,9
"42035",1,5,6,5
"42036",2,2,4,3
"42037",1,2,3,2
"42038",1,3,4,3
"42039",1,6,7,6
"42040",2,6,8,7
"42041",1,26,27,26
"42042",2,7,9,7
"42043",1,14,15,14
"42044",1,6,7,6
"42045",1,6,7,6
"42046",1,10,11,10
"42047",4,18,22,20
"42048",2,12,14,12
"42049",1,6,7,6
"42050",2,9,11,10
"42051",2,11,13,12
"42052",1,12,13,12
"42053",1,14,15,14
"42054",10,13,23,22
"42055",8,14,22,20
"42056",1,18,19,18
"42057",3,17,20,18
"42058",3,12,15,14
"42059",1,23,24,23
"42060",2,14,16,14
"42061",2,8,10,9
"42062",2,10,12,10
"42063",1,2,3,2
"42064",3,21,24,21
"42065",2,11,13,12
"42066",5,37,42,41
"42067",1,7,8,7
"42068",1,4,5,4
"42069",2,29,31,30
"42070",2,13,15,13
"42071",2,38,40,39
"42072",32,32,64,32
"42073",1,15,16,15
"42074",1,30,31,30
"42075",3,14,17,14
"42076",1,15,16,15
"42077",1,1,2,1
"42078",1,18,19,18
"42079",2,19,21,20
"42080",5,5,10,9
"42081",1,22,23,22
"42082",2,28,30,28
"42083",2,3,5,4
"42084",3,10,13,11
"42085",2,4,6,4
"42086",24,10,34,31
"42087",2,15,17,16
"42088",2,15,17,16
"42089",1,19,20,19
"42090",5,33,38,37
"42091",2,42,44,43
"42092",1,20,21,20
"42093",1,12,13,12
"42094",2,11,13,12
"42095",1,5,6,5
"42096",1,1,2,1
"42097",2,32,34,33
"42098",4,14,18,16
"42099",13,14,27,25
"42100",3,20,23,20
"42101",19,9,28,27
"42102",9,24,33,28
"42103",3,30,33,31
"42104",1,53,54,53
"42105",1,3,4,3
"42106",1,3,4,3
"42107",5,33,38,36
"42108",1,4,5,4
"42109",1,1,2,1
"42110",1,8,9,8
"42111",2,19,21,19
"42112",2,9,11,9
"42113",1,8,9,8
"42114",3,17,20,19
"42115",13,13,26,13
"42116",10,24,34,33
"42117",2,12,14,12
"42118",4,11,15,14
"42119",2,12,14,12
"42120",1,2,3,2
"42121",1,13,14,13
"42122",2,6,8,6
"42123",2,24,26,24
"42124",1,1,2,1
"42125",7,66,73,71
"42126",2,18,20,18
"42127",4,13,17,16
"42128",2,9,11,10
"42129",6,32,38,32
"42130",3,3,6,3
"42131",20,10,30,29
"42132",4,15,19,17
"42133",3,31,34,31
"42134",1,1,2,1
"42135",1,5,6,5
"42136",2,81,83,82
"42137",4,23,27,26
"42138",5,28,33,31
"42139",1,5,6,5
"42140",9,18,27,26
"42141",3,32,35,32
"42142",13,5,18,17
"42143",2,11,13,11
"42144",1,16,17,16
"42145",36,36,72,36
"42146",1,1,2,1
"42147",1,2,3,2
"42148",6,14,20,19
"42149",3,36,39,38
"42150",1,10,11,10
"42151",1,36,37,36
"42152",1,12,13,12
"42153",2,2,4,3
"42154",1,6,7,6
"42155",1,21,22,21
"42156",1,13,14,13
"42157",3,14,17,14
"42158",1,4,5,4
"42159",11,11,22,20
"42160",18,8,26,25
"42161",23,3,26,25
"42162",1,28,29,28
"42163",4,43,47,45
"42164",1,12,13,12
"42165",1,5,6,5
"42166",2,13,15,14
"42167",2,1,3,2
"42168",3,9,12,11
"42169",1,26,27,26
"42170",2,38,40,39
"42171",4,27,31,29
"42172",11,31,42,35
"42173",18,1,19,18
"42174",6,14,20,18
"42175",3,27,30,27
"42176",25,19,44,42
"42177",6,14,20,18
"42178",10,2,12,10
"42179",169,169,338,169
"42180",24,18,42,41
"42181",1,5,6,5
"42182",2,5,7,5
"42183",1,3,4,3
"42184",1,4,5,4
"42185",2,7,9,8
"42186",1,2,3,2
"42187",2,9,11,10
"42188",2,25,27,25
"42189",2,15,17,15
"42190",1,18,19,18
"42191",1,17,18,17
"42192",12,16,28,22
"42193",17,1,18,17
"42194",1,14,15,14
"42195",1,25,26,25
"42196",3,24,27,24
"42197",4,6,10,9
"42198",2,36,38,37
"42199",1,33,34,33
"42200",2,3,5,3
"42201",2,15,17,15
"42202",2,48,50,49
"42203",5,6,11,10
"42204",1,14,15,14
"42205",3,36,39,37
"42206",2,22,24,22
"42207",4,21,25,23
"42208",15,15,30,15
"42209",28,7,35,34
"42210",4,12,16,15
"42211",2,8,10,9
"42212",1,42,43,42
"42213",1,18,19,18
"42214",1,2,3,2
"42215",1,5,6,5
"42216",1,14,15,14
"42217",2,51,53,52
"42218",3,8,11,10
"42219",3,26,29,28
"42220",3,12,15,13
"42221",4,176,180,177
"42222",33,33,66,33
"42223",3,18,21,18
"42224",1,31,32,31
"42225",1,14,15,14
"42226",6,9,15,13
"42227",3,12,15,12
"42228",2,11,13,11
"42229",7,19,26,23
"42230",6,7,13,10
"42231",1,3,4,3
"42232",2,11,13,11
"42233",3,9,12,11
"42234",7,12,19,17
"42235",1,19,20,19
"42236",9,1,10,9
"42237",8,22,30,29
"42238",1,1,2,1
"42239",2,32,34,33
"42240",2,12,14,12
"42241",5,23,28,26
"42242",4,81,85,82
"42243",9,9,18,9
"42244",4,11,15,11
"42245",2,11,13,12
"42246",1,20,21,20
"42247",13,8,21,19
"42248",3,42,45,43
"42249",8,57,65,61
"42250",4,8,12,10
"42251",1,6,7,6
"42252",2,17,19,18
"42253",2,43,45,44
"42254",1,13,14,13
"42255",2,22,24,22
"42256",1,23,24,23
"42257",1,17,18,17
"42258",8,14,22,20
"42259",1,21,22,21
"42260",3,21,24,23
"42261",4,18,22,19
"42262",1,16,17,16
"42263",2,25,27,26
"42264",3,42,45,42
"42265",2,7,9,7
"42266",2,26,28,26
"42267",3,24,27,25
"42268",8,1,9,8
"42269",1,11,12,11
"42270",3,9,12,10
"42271",3,36,39,37
"42272",1,15,16,15
"42273",1,5,6,5
"42274",4,6,10,8
"42275",4,11,15,12
"42276",1,10,11,10
"42277",6,18,24,21
"42278",4,25,29,26
"42279",2,2,4,3
"42280",4,7,11,9
"42281",3,19,22,20
"42282",4,19,23,22
"42283",1,12,13,12
"42284",1,25,26,25
"42285",1,12,13,12
"42286",4,6,10,8
"42287",1,19,20,19
"42288",4,18,22,21
"42289",1,11,12,11
"42290",39,27,66,63
"42291",2,12,14,12
"42292",2,5,7,5
"42293",1,13,14,13
"42294",2,18,20,19
"42295",2,3,5,4
"42296",7,13,20,19
"42297",1,28,29,28
"42298",8,15,23,21
"42299",2,11,13,11
"42300",12,28,40,36
"42301",2,14,16,14
"42302",9,14,23,22
"42303",5,24,29,26
"42304",14,14,28,14
"42305",2,11,13,12
"42306",6,53,59,57
"42307",3,5,8,6
"42308",2,2,4,3
"42309",2,3,5,3
"42310",1,16,17,16
"42311",2,5,7,6
"42312",2,1,3,2
"42313",3,1,4,3
"42314",2,6,8,7
"42315",1,12,13,12
"42316",2,8,10,9
"42317",2,66,68,66
"42318",8,16,24,22
"42319",3,45,48,45
"42320",1,10,11,10
"42321",2,26,28,27
"42322",1,5,6,5
"42323",2,18,20,18
"42324",14,2,16,15
"42325",3,24,27,25
"42326",12,11,23,22
"42327",1,6,7,6
"42328",1,2,3,2
"42329",2,22,24,23
"42330",2,16,18,17
"42331",1,6,7,6
"42332",4,17,21,20
"42333",1,14,15,14
"42334",4,1,5,4
"42335",2,26,28,26
"42336",1,12,13,12
"42337",2,9,11,9
"42338",2,8,10,8
"42339",4,38,42,41
"42340",1,6,7,6
"42341",3,31,34,33
"42342",3,19,22,21
"42343",1,3,4,3
"42344",2,4,6,5
"42345",11,42,53,49
"42346",1,5,6,5
"42347",7,51,58,55
"42348",40,12,52,51
"42349",4,14,18,17
"42350",7,37,44,41
"42351",1,5,6,5
"42352",1,11,12,11
"42353",2,22,24,23
"42354",2,11,13,11
"42355",2,18,20,18
"42356",2,14,16,14
"42357",2,19,21,20
"42358",1,3,4,3
"42359",1,20,21,20
"42360",31,31,62,31
"42361",3,25,28,27
"42362",1,13,14,13
"42363",2,17,19,17
"42364",10,1,11,10
"42365",2,5,7,5
"42366",3,23,26,25
"42367",3,13,16,15
"42368",2,4,6,5
"42369",1,4,5,4
"42370",5,29,34,30
"42371",4,11,15,12
"42372",3,22,25,24
"42373",1,8,9,8
"42374",1,7,8,7
"42375",1,9,10,9
"42376",2,3,5,4
"42377",1,4,5,4
"42378",2,36,38,36
"42379",1,18,19,18
"42380",4,19,23,21
"42381",4,20,24,21
"42382",1,8,9,8
"42383",2,33,35,34
"42384",15,176,191,190
"42385",1,6,7,6
"42386",6,23,29,28
"42387",1,6,7,6
"42388",3,13,16,15
"42389",5,28,33,32
"42390",4,10,14,13
"42391",2,14,16,14
"42392",1,10,11,10
"42393",3,4,7,5
"42394",1,6,7,6
"42395",3,8,11,9
"42396",1,4,5,4
"42397",2,16,18,17
"42398",7,11,18,15
"42399",2,25,27,25
"42400",18,18,36,18
"42401",1,4,5,4
"42402",1,1,2,1
"42403",26,26,52,26
"42404",11,53,64,63
"42405",6,6,12,6
"42406",3,38,41,39
"42407",4,1,5,4
"42408",1,6,7,6
"42409",1,10,11,10
"42410",2,19,21,19
"42411",5,36,41,38
"42412",3,7,10,8
"42413",3,1,4,3
"42414",3,7,10,7
"42415",11,28,39,37
"42416",4,1,5,4
"42417",1,1,2,1
"42418",1,6,7,6
"42419",1,13,14,13
"42420",3,7,10,9
"42421",1,1,2,1
"42422",3,15,18,16
"42423",1,4,5,4
"42424",1,12,13,12
"42425",1,1,2,1
"42426",1,5,6,5
"42427",10,8,18,16
"42428",4,5,9,8
"42429",4,3,7,5
"42430",3,10,13,12
"42431",2,7,9,8
"42432",10,10,20,10
"42433",8,6,14,13
"42434",1,43,44,43
"42435",3,11,14,12
"42436",1,23,24,23
"42437",1,25,26,25
"42438",4,27,31,29
"42439",1,19,20,19
"42440",2,37,39,38
"42441",3,19,22,21
"42442",2,4,6,4
"42443",2,17,19,17
"42444",4,8,12,11
"42445",2,1,3,2
"42446",4,13,17,13
"42447",1,3,4,3
"42448",2,27,29,27
"42449",1,19,20,19
"42450",1,1,2,1
"42451",1,1,2,1
"42452",2,6,8,7
"42453",1,18,19,18
"42454",3,8,11,9
"42455",4,45,49,47
"42456",3,22,25,24
"42457",25,13,38,34
"42458",1,15,16,15
"42459",2,2,4,3
"42460",2,14,16,14
"42461",1,5,6,5
"42462",4,24,28,24
"42463",1,3,4,3
"42464",1,7,8,7
"42465",2,25,27,25
"42466",1,7,8,7
"42467",4,10,14,10
"42468",1,9,10,9
"42469",4,19,23,21
"42470",7,37,44,39
"42471",2,6,8,7
"42472",1,4,5,4
"42473",1,5,6,5
"42474",1,14,15,14
"42475",1,6,7,6
"42476",2,7,9,8
"42477",1,37,38,37
"42478",5,28,33,30
"42479",1,30,31,30
"42480",2,8,10,9
"42481",1,7,8,7
"42482",3,3,6,5
"42483",2,41,43,42
"42484",5,15,20,17
"42485",18,2,20,18
"42486",4,21,25,21
"42487",3,41,44,41
"42488",2,23,25,23
"42489",3,14,17,15
"42490",4,36,40,39
"42491",5,3,8,7
"42492",2,22,24,23
"42493",2,6,8,7
"42494",2,30,32,30
"42495",2,15,17,15
"42496",5,29,34,33
"42497",2,18,20,18
"42498",1,10,11,10
"42499",2,26,28,27
"42500",36,36,72,36
"42501",7,16,23,19
"42502",7,25,32,30
"42503",1,17,18,17
"42504",3,26,29,27
"42505",1,25,26,25
"42506",1,14,15,14
"42507",4,3,7,6
"42508",3,3,6,5
"42509",8,36,44,42
"42510",2,51,53,52
"42511",1,11,12,11
"42512",6,16,22,20
"42513",2,29,31,30
"42514",1,11,12,11
"42515",3,15,18,15
"42516",24,7,31,30
"42517",5,5,10,9
"42518",3,3,6,3
"42519",1,1,2,1
"42520",2,3,5,4
"42521",4,18,22,20
"42522",28,4,32,31
"42523",5,5,10,5
"42524",2,7,9,7
"42525",1,2,3,2
"42526",1,1,2,1
"42527",1,1,2,1
"42528",5,23,28,26
"42529",2,3,5,4
"42530",1,8,9,8
"42531",2,2,4,2
"42532",1,11,12,11
"42533",3,11,14,12
"42534",2,8,10,9
"42535",1,3,4,3
"42536",2,9,11,9
"42537",1,22,23,22
"42538",3,13,16,14
"42539",2,13,15,14
"42540",9,1,10,9
"42541",1,19,20,19
"42542",3,3,6,3
"42543",11,4,15,13
"42544",11,31,42,35
"42545",9,2,11,10
"42546",2,6,8,7
"42547",1,1,2,1
"42548",1,4,5,4
"42549",3,22,25,22
"42550",1,31,32,31
"42551",4,43,47,45
"42552",1,7,8,7
"42553",2,30,32,30
"42554",1,18,19,18
"42555",1,3,4,3
"42556",7,28,35,33
"42557",2,8,10,8
"42558",36,36,72,36
"42559",1,7,8,7
"42560",1,6,7,6
"42561",2,9,11,9
"42562",2,5,7,6
"42563",1,14,15,14
"42564",2,1,3,2
"42565",1,5,6,5
"42566",2,3,5,4
"42567",2,23,25,24
"42568",7,48,55,52
"42569",3,24,27,25
"42570",5,5,10,5
"42571",1,16,17,16
"42572",4,27,31,27
"42573",3,32,35,32
"42574",2,17,19,17
"42575",1,6,7,6
"42576",3,7,10,9
"42577",2,17,19,17
"42578",2,28,30,28
"42579",1,5,6,5
"42580",8,7,15,13
"42581",5,4,9,7
"42582",7,14,21,20
"42583",3,18,21,20
"42584",2,5,7,6
"42585",1,6,7,6
"42586",2,13,15,14
"42587",3,26,29,28
"42588",2,12,14,13
"42589",1,24,25,24
"42590",1,11,12,11
"42591",9,6,15,12
"42592",7,37,44,39
"42593",3,24,27,25
"42594",7,23,30,29
"42595",2,4,6,5
"42596",1,8,9,8
"42597",2,11,13,11
"42598",2,13,15,14
"42599",2,11,13,11
"42600",1,1,2,1
"42601",4,19,23,20
"42602",6,44,50,47
"42603",2,21,23,21
"42604",3,14,17,16
"42605",2,17,19,17
"42606",2,30,32,31
"42607",3,12,15,13
"42608",4,43,47,45
"42609",1,4,5,4
"42610",1,1,2,1
"42611",1,1,2,1
"42612",1,8,9,8
"42613",2,8,10,8
"42614",3,9,12,9
"42615",2,39,41,40
"42616",7,37,44,39
"42617",3,31,34,33
"42618",13,4,17,16
"42619",3,8,11,9
"42620",1,12,13,12
"42621",1,11,12,11
"42622",1,23,24,23
"42623",1,4,5,4
"42624",1,3,4,3
"42625",1,16,17,16
"42626",1,2,3,2
"42627",2,5,7,6
"42628",2,11,13,12
"42629",1,16,17,16
"42630",7,2,9,8
"42631",14,9,23,20
"42632",4,7,11,8
"42633",1,1,2,1
"42634",2,5,7,6
"42635",1,7,8,7
"42636",1,16,17,16
"42637",1,3,4,3
"42638",3,20,23,21
"42639",2,10,12,10
"42640",1,1,2,1
"42641",2,25,27,25
"42642",1,26,27,26
"42643",45,45,90,45
"42644",1,32,33,32
"42645",2,15,17,16
"42646",3,15,18,15
"42647",2,3,5,4
"42648",1,6,7,6
"42649",8,24,32,31
"42650",8,31,39,38
"42651",10,10,20,10
"42652",4,31,35,34
"42653",8,57,65,61
"42654",1,2,3,2
"42655",1,13,14,13
"42656",9,16,25,24
"42657",4,9,13,9
"42658",1,11,12,11
"42659",1,43,44,43
"42660",5,47,52,51
"42661",1,4,5,4
"42662",1,2,3,2
"42663",5,13,18,17
"42664",2,12,14,12
"42665",9,30,39,37
"42666",1,12,13,12
"42667",3,1,4,3
"42668",2,16,18,17
"42669",1,4,5,4
"42670",1,36,37,36
"42671",2,19,21,19
"42672",5,20,25,23
"42673",1,5,6,5
"42674",2,13,15,14
"42675",3,23,26,24
"42676",3,17,20,17
"42677",13,45,58,56
"42678",32,23,55,54
"42679",4,13,17,16
"42680",2,23,25,24
"42681",3,22,25,23
"42682",1,28,29,28
"42683",1,13,14,13
"42684",3,18,21,18
"42685",1,12,13,12
"42686",3,1,4,3
"42687",6,40,46,44
"42688",7,17,24,18
"42689",40,13,53,50
"42690",23,23,46,23
"42691",4,4,8,4
"42692",2,2,4,2
"42693",1,1,2,1
"42694",1,1,2,1
"42695",1,1,2,1
"42696",3,14,17,16
"42697",2,35,37,36
"42698",1,7,8,7
"42699",4,22,26,24
"42700",5,33,38,36
"42701",3,43,46,45
"42702",1,13,14,13
"42703",5,39,44,40
"42704",2,38,40,39
"42705",4,31,35,31
"42706",1,15,16,15
"42707",2,18,20,18
"42708",4,23,27,25
"42709",4,13,17,15
"42710",2,12,14,12
"42711",6,30,36,32
"42712",2,12,14,12
"42713",8,20,28,26
"42714",1,9,10,9
"42715",8,15,23,22
"42716",3,10,13,10
"42717",8,32,40,38
"42718",2,9,11,9
"42719",1,14,15,14
"42720",2,3,5,4
"42721",3,8,11,10
"42722",2,8,10,8
"42723",9,27,36,35
"42724",3,43,46,44
"42725",8,4,12,11
"42726",1,18,19,18
"42727",9,2,11,10
"42728",2,30,32,31
"42729",2,7,9,7
"42730",1,27,28,27
"42731",2,11,13,12
"42732",1,51,52,51
"42733",1,12,13,12
"42734",2,9,11,10
"42735",8,8,16,15
"42736",3,20,23,21
"42737",8,22,30,29
"42738",11,7,18,16
"42739",1,13,14,13
"42740",1,43,44,43
"42741",2,18,20,19
"42742",3,9,12,9
"42743",4,18,22,19
"42744",2,18,20,18
"42745",2,11,13,11
"42746",4,32,36,35
"42747",2,18,20,18
"42748",11,5,16,15
"42749",2,19,21,20
"42750",1,5,6,5
"42751",2,2,4,2
"42752",2,5,7,6
"42753",1,23,24,23
"42754",1,2,3,2
"42755",1,18,19,18
"42756",4,39,43,40
"42757",2,29,31,30
"42758",6,35,41,38
"42759",10,4,14,13
"42760",6,37,43,42
"42761",6,23,29,27
"42762",2,11,13,11
"42763",3,12,15,12
"42764",6,26,32,30
"42765",1,2,3,2
"42766",1,13,14,13
"42767",1,3,4,3
"42768",3,29,32,30
"42769",4,16,20,17
"42770",4,13,17,16
"42771",7,27,34,32
"42772",1,8,9,8
"42773",29,1,30,29
"42774",2,15,17,16
"42775",2,18,20,18
"42776",6,30,36,33
"42777",1,3,4,3
"42778",4,24,28,25
"42779",2,25,27,26
"42780",2,12,14,12
"42781",3,9,12,9
"42782",1,21,22,21
"42783",3,7,10,7
"42784",4,12,16,14
"42785",5,6,11,8
"42786",57,12,69,68
"42787",2,16,18,17
"42788",2,25,27,26
"42789",2,4,6,5
"42790",2,15,17,16
"42791",3,31,34,33
"42792",1,31,32,31
"42793",3,21,24,23
"42794",8,29,37,34
"42795",1,35,36,35
"42796",1,6,7,6
"42797",1,9,10,9
"42798",2,21,23,22
"42799",1,9,10,9
"42800",1,8,9,8
"42801",1,24,25,24
"42802",2,8,10,9
"42803",1,19,20,19
"42804",5,28,33,31
"42805",7,21,28,24
"42806",1,15,16,15
"42807",7,14,21,18
"42808",3,18,21,18
"42809",1,26,27,26
"42810",1,1,2,1
"42811",1,2,3,2
"42812",2,11,13,12
"42813",4,42,46,43
"42814",5,37,42,40
"42815",1,5,6,5
"42816",1,3,4,3
"42817",3,36,39,37
"42818",4,33,37,36
"42819",1,2,3,2
"42820",2,11,13,11
"42821",16,16,32,16
"42822",15,5,20,19
"42823",19,15,34,33
"42824",2,14,16,14
"42825",2,4,6,4
"42826",4,4,8,4
"42827",2,9,11,9
"42828",1,4,5,4
"42829",1,5,6,5
"42830",2,27,29,28
"42831",11,16,27,25
"42832",2,10,12,11
"42833",2,12,14,13
"42834",1,2,3,2
"42835",2,18,20,19
"42836",1,38,39,38
"42837",3,12,15,13
"42838",3,8,11,9
"42839",2,66,68,66
"42840",3,6,9,8
"42841",3,22,25,23
"42842",4,16,20,18
"42843",8,31,39,35
"42844",4,21,25,22
"42845",34,4,38,35
"42846",1,10,11,10
"42847",3,27,30,28
"42848",1,4,5,4
"42849",2,26,28,26
"42850",1,4,5,4
"42851",1,7,8,7
"42852",4,16,20,19
"42853",1,17,18,17
"42854",1,5,6,5
"42855",3,12,15,14
"42856",6,30,36,35
"42857",1,2,3,2
"42858",4,8,12,9
"42859",3,27,30,28
"42860",5,24,29,28
"42861",2,14,16,15
"42862",2,18,20,19
"42863",2,23,25,23
"42864",6,40,46,42
"42865",2,17,19,18
"42866",6,30,36,33
"42867",3,8,11,9
"42868",1,3,4,3
"42869",1,2,3,2
"42870",1,4,5,4
"42871",1,17,18,17
"42872",1,31,32,31
"42873",4,26,30,28
"42874",2,14,16,15
"42875",2,2,4,2
"42876",66,5,71,68
"42877",1,22,23,22
"42878",14,8,22,20
"42879",1,7,8,7
"42880",12,13,25,22
"42881",4,15,19,18
"42882",5,8,13,11
"42883",2,26,28,27
"42884",7,14,21,15
"42885",10,18,28,24
"42886",1,1,2,1
"42887",1,4,5,4
"42888",6,15,21,19
"42889",3,17,20,18
"42890",4,13,17,13
"42891",4,4,8,7
"42892",2,13,15,14
"42893",4,30,34,30
"42894",7,37,44,39
"42895",10,14,24,22
"42896",3,8,11,10
"42897",3,10,13,12
"42898",2,18,20,19
"42899",5,22,27,24
"42900",5,31,36,32
"42901",2,1,3,2
"42902",5,10,15,14
"42903",3,21,24,22
"42904",3,24,27,24
"42905",3,34,37,34
"42906",6,32,38,36
"42907",1,51,52,51
"42908",1,5,6,5
"42909",2,8,10,8
"42910",1,20,21,20
"42911",1,1,2,1
"42912",5,18,23,21
"42913",1,3,4,3
"42914",1,1,2,1
"42915",4,39,43,42
"42916",11,21,32,31
"42917",2,14,16,14
"42918",1,16,17,16
"42919",2,7,9,8
"42920",3,18,21,20
"42921",1,2,3,2
"42922",5,12,17,16
"42923",5,66,71,68
"42924",2,18,20,18
"42925",2,19,21,20
"42926",5,20,25,23
"42927",2,43,45,44
"42928",12,31,43,41
"42929",4,81,85,82
"42930",2,6,8,6
"42931",3,48,51,50
"42932",2,15,17,16
"42933",2,13,15,13
"42934",3,10,13,12
"42935",4,15,19,17
"42936",6,13,19,16
"42937",4,10,14,12
"42938",4,39,43,40
"42939",2,8,10,9
"42940",4,12,16,12
"42941",3,36,39,37
"42942",3,26,29,27
"42943",2,22,24,22
"42944",1,9,10,9
"42945",7,51,58,56
"42946",7,41,48,42
"42947",5,8,13,12
"42948",3,15,18,16
"42949",5,5,10,5
"42950",1,6,7,6
"42951",14,10,24,22
"42952",2,7,9,8
"42953",1,11,12,11
"42954",2,15,17,16
"42955",2,17,19,18
"42956",5,66,71,70
"42957",3,11,14,12
"42958",6,14,20,16
"42959",2,10,12,11
"42960",5,13,18,17
"42961",1,5,6,5
"42962",3,20,23,20
"42963",1,26,27,26
"42964",5,10,15,14
"42965",4,8,12,11
"42966",6,21,27,25
"42967",2,8,10,8
"42968",1,7,8,7
"42969",2,25,27,26
"42970",3,16,19,16
"42971",7,7,14,7
"42972",12,12,24,12
"42973",4,23,27,26
"42974",1,26,27,26
"42975",3,4,7,6
"42976",3,18,21,20
"42977",1,9,10,9
"42978",1,27,28,27
"42979",1,29,30,29
"42980",4,8,12,8
"42981",1,13,14,13
"42982",4,8,12,11
"42983",2,5,7,5
"42984",17,38,55,54
"42985",3,12,15,14
"42986",1,12,13,12
"42987",1,38,39,38
"42988",3,5,8,7
"42989",3,36,39,37
"42990",4,22,26,25
"42991",1,6,7,6
"42992",15,7,22,20
"42993",5,15,20,17
"42994",6,6,12,6
"42995",2,15,17,15
"42996",2,28,30,28
"42997",4,27,31,30
"42998",1,5,6,5
"42999",2,10,12,11
"43000",11,10,21,20
"43001",3,21,24,23
"43002",3,11,14,13
"43003",2,7,9,7
"43004",1,2,3,2
"43005",3,4,7,6
"43006",2,11,13,12
"43007",6,1,7,6
"43008",2,26,28,26
"43009",16,30,46,45
"43010",3,45,48,45
"43011",5,7,12,11
"43012",8,4,12,11
"43013",5,13,18,16
"43014",2,11,13,11
"43015",9,48,57,54
"43016",8,36,44,42
"43017",1,8,9,8
"43018",1,22,23,22
"43019",1,20,21,20
"43020",4,11,15,12
"43021",6,5,11,10
"43022",1,10,11,10
"43023",3,27,30,28
"43024",2,10,12,10
"43025",1,3,4,3
"43026",3,7,10,8
"43027",5,16,21,20
"43028",1,10,11,10
"43029",2,26,28,27
"43030",1,7,8,7
"43031",3,40,43,41
"43032",1,14,15,14
"43033",11,4,15,14
"43034",4,36,40,37
"43035",5,37,42,38
"43036",1,7,8,7
"43037",2,6,8,7
"43038",1,33,34,33
"43039",1,7,8,7
"43040",1,1,2,1
"43041",3,6,9,8
"43042",3,16,19,17
"43043",4,8,12,8
"43044",3,4,7,5
"43045",11,36,47,46
"43046",3,18,21,18
"43047",1,30,31,30
"43048",21,21,42,21
"43049",26,4,30,27
"43050",1,1,2,1
"43051",3,23,26,23
"43052",1,30,31,30
"43053",1,43,44,43
"43054",2,1,3,2
"43055",5,20,25,23
"43056",4,29,33,30
"43057",5,17,22,19
"43058",2,6,8,7
"43059",6,6,12,11
"43060",6,45,51,50
"43061",1,8,9,8
"43062",7,14,21,18
"43063",9,12,21,20
"43064",19,53,72,70
"43065",1,31,32,31
"43066",1,17,18,17
"43067",3,17,20,17
"43068",1,5,6,5
"43069",1,6,7,6
"43070",2,33,35,34
"43071",1,6,7,6
"43072",3,9,12,10
"43073",1,8,9,8
"43074",1,11,12,11
"43075",1,36,37,36
"43076",4,32,36,34
"43077",8,21,29,28
"43078",2,37,39,37
"43079",1,10,11,10
"43080",31,31,62,31
"43081",21,21,42,41
"43082",3,23,26,23
"43083",12,12,24,12
"43084",37,53,90,89
"43085",17,30,47,45
"43086",26,14,40,39
"43087",4,4,8,4
"43088",176,176,352,176
"43089",40,13,53,50
"43090",8,8,16,8
"43091",21,7,28,27
"43092",30,30,60,30
"43093",1,18,19,18
"43094",1,9,10,9
"43095",1,5,6,5
"43096",2,26,28,26
"43097",5,32,37,35
"43098",11,30,41,37
"43099",4,10,14,12
"43100",2,26,28,27
"43101",1,5,6,5
"43102",4,15,19,16
"43103",1,5,6,5
"43104",2,23,25,24
"43105",12,18,30,29
"43106",9,9,18,9
"43107",11,14,25,21
"43108",1,8,9,8
"43109",2,8,10,9
"43110",2,4,6,4
"43111",4,6,10,7
"43112",7,1,8,7
"43113",1,32,33,32
"43114",11,1,12,11
"43115",5,25,30,28
"43116",3,15,18,17
"43117",2,1,3,2
"43118",12,14,26,24
"43119",12,9,21,19
"43120",1,33,34,33
"43121",24,15,39,33
"43122",12,10,22,21
"43123",36,2,38,36
"43124",7,30,37,34
"43125",5,10,15,12
"43126",1,10,11,10
"43127",1,24,25,24
"43128",1,26,27,26
"43129",1,6,7,6
"43130",4,24,28,24
"43131",4,13,17,15
"43132",6,24,30,29
"43133",1,5,6,5
"43134",28,8,36,34
"43135",7,7,14,7
"43136",2,2,4,3
"43137",1,8,9,8
"43138",7,27,34,32
"43139",2,19,21,19
"43140",2,17,19,18
"43141",1,4,5,4
"43142",1,2,3,2
"43143",2,13,15,13
"43144",3,3,6,4
"43145",1,22,23,22
"43146",3,27,30,27
"43147",10,19,29,25
"43148",1,1,2,1
"43149",3,29,32,29
"43150",1,27,28,27
"43151",18,40,58,57
"43152",2,1,3,2
"43153",1,1,2,1
"43154",1,4,5,4
"43155",3,18,21,18
"43156",1,6,7,6
"43157",2,26,28,26
"43158",3,9,12,11
"43159",2,57,59,58
"43160",20,13,33,31
"43161",4,10,14,13
"43162",2,17,19,17
"43163",3,13,16,14
"43164",2,2,4,3
"43165",12,31,43,41
"43166",1,8,9,8
"43167",2,6,8,7
"43168",2,3,5,4
"43169",3,13,16,15
"43170",7,28,35,33
"43171",4,7,11,10
"43172",5,21,26,24
"43173",7,16,23,19
"43174",2,2,4,3
"43175",5,24,29,25
"43176",2,8,10,9
"43177",2,4,6,4
"43178",1,10,11,10
"43179",5,14,19,17
"43180",4,20,24,22
"43181",2,7,9,7
"43182",2,30,32,31
"43183",3,13,16,15
"43184",2,8,10,9
"43185",1,15,16,15
"43186",13,8,21,19
"43187",14,14,28,14
"43188",2,11,13,11
"43189",3,7,10,8
"43190",2,7,9,7
"43191",1,25,26,25
"43192",1,15,16,15
"43193",1,1,2,1
"43194",2,23,25,23
"43195",2,4,6,5
"43196",4,35,39,38
"43197",9,21,30,26
"43198",1,22,23,22
"43199",1,8,9,8
"43200",10,9,19,18
"43201",8,25,33,31
"43202",1,9,10,9
"43203",1,3,4,3
"43204",2,3,5,3
"43205",3,18,21,18
"43206",1,18,19,18
"43207",6,29,35,34
"43208",7,19,26,24
"43209",3,14,17,14
"43210",3,176,179,178
"43211",6,176,182,178
"43212",5,32,37,34
"43213",1,26,27,26
"43214",1,3,4,3
"43215",2,25,27,26
"43216",5,15,20,17
"43217",2,14,16,15
"43218",2,13,15,14
"43219",3,9,12,11
"43220",1,4,5,4
"43221",2,5,7,5
"43222",4,17,21,18
"43223",24,2,26,24
"43224",1,23,24,23
"43225",2,22,24,22
"43226",3,7,10,9
"43227",1,1,2,1
"43228",1,26,27,26
"43229",4,23,27,24
"43230",1,13,14,13
"43231",3,51,54,52
"43232",3,15,18,17
"43233",1,17,18,17
"43234",1,13,14,13
"43235",2,27,29,27
"43236",5,6,11,8
"43237",39,11,50,43
"43238",1,26,27,26
"43239",5,12,17,16
"43240",1,32,33,32
"43241",1,19,20,19
"43242",1,6,7,6
"43243",1,6,7,6
"43244",3,18,21,19
"43245",6,23,29,26
"43246",1,3,4,3
"43247",5,8,13,11
"43248",16,15,31,28
"43249",3,16,19,17
"43250",2,13,15,14
"43251",1,20,21,20
"43252",1,8,9,8
"43253",2,36,38,36
"43254",1,3,4,3
"43255",3,11,14,13
"43256",1,5,6,5
"43257",3,45,48,46
"43258",3,20,23,21
"43259",6,24,30,28
"43260",4,25,29,28
"43261",9,26,35,34
"43262",1,15,16,15
"43263",1,23,24,23
"43264",4,30,34,31
"43265",1,9,10,9
"43266",2,33,35,34
"43267",1,1,2,1
"43268",7,26,33,30
"43269",1,38,39,38
"43270",1,6,7,6
"43271",4,20,24,22
"43272",2,24,26,25
"43273",4,4,8,4
"43274",2,30,32,31
"43275",1,5,6,5
"43276",2,12,14,12
"43277",1,10,11,10
"43278",2,25,27,26
"43279",2,19,21,19
"43280",2,9,11,9
"43281",5,29,34,32
"43282",1,4,5,4
"43283",3,14,17,16
"43284",6,4,10,8
"43285",36,48,84,82
"43286",1,9,10,9
"43287",5,10,15,13
"43288",2,12,14,12
"43289",1,3,4,3
"43290",1,17,18,17
"43291",1,6,7,6
"43292",2,17,19,18
"43293",1,10,11,10
"43294",6,9,15,14
"43295",2,17,19,18
"43296",13,4,17,16
"43297",18,19,37,32
"43298",2,26,28,27
"43299",18,32,50,48
"43300",5,36,41,38
"43301",2,22,24,22
"43302",3,26,29,27
"43303",4,34,38,37
"43304",2,4,6,5
"43305",6,8,14,12
"43306",1,10,11,10
"43307",6,5,11,9
"43308",27,4,31,29
"43309",1,11,12,11
"43310",2,12,14,12
"43311",1,1,2,1
"43312",1,7,8,7
"43313",1,3,4,3
"43314",3,4,7,6
"43315",15,15,30,15
"43316",7,66,73,72
"43317",2,24,26,25
"43318",11,21,32,28
"43319",27,18,45,44
"43320",4,16,20,18
"43321",17,17,34,17
"43322",1,1,2,1
"43323",4,36,40,38
"43324",2,18,20,19
"43325",1,18,19,18
"43326",3,53,56,55
"43327",6,23,29,28
"43328",1,9,10,9
"43329",2,9,11,10
"43330",1,16,17,16
"43331",1,8,9,8
"43332",14,9,23,20
"43333",1,2,3,2
"43334",1,5,6,5
"43335",4,27,31,27
"43336",3,1,4,3
"43337",2,9,11,10
"43338",2,10,12,11
"43339",3,16,19,17
"43340",4,21,25,22
"43341",3,14,17,14
"43342",3,20,23,22
"43343",2,16,18,17
"43344",15,5,20,18
"43345",1,32,33,32
"43346",1,4,5,4
"43347",1,1,2,1
"43348",2,2,4,3
"43349",1,22,23,22
"43350",5,5,10,9
"43351",1,8,9,8
"43352",2,7,9,8
"43353",5,28,33,30
"43354",1,31,32,31
"43355",3,31,34,31
"43356",1,7,8,7
"43357",27,12,39,37
"43358",16,13,29,28
"43359",4,24,28,25
"43360",36,16,52,51
"43361",13,4,17,15
"43362",2,5,7,5
"43363",1,4,5,4
"43364",2,43,45,44
"43365",1,7,8,7
"43366",2,9,11,9
"43367",5,31,36,35
"43368",4,24,28,26
"43369",2,1,3,2
"43370",3,20,23,21
"43371",3,43,46,44
"43372",8,32,40,38
"43373",1,25,26,25
"43374",4,14,18,17
"43375",1,7,8,7
"43376",4,12,16,13
"43377",1,2,3,2
"43378",1,22,23,22
"43379",3,22,25,24
"43380",1,4,5,4
"43381",3,19,22,20
"43382",5,36,41,40
"43383",3,2,5,3
"43384",2,24,26,25
"43385",1,6,7,6
"43386",1,3,4,3
"43387",4,32,36,34
"43388",2,51,53,51
"43389",4,23,27,25
"43390",4,81,85,82
"43391",3,42,45,44
"43392",1,14,15,14
"43393",4,34,38,35
"43394",10,16,26,25
"43395",25,1,26,25
"43396",3,15,18,16
"43397",7,3,10,7
"43398",17,3,20,18
"43399",1,14,15,14
"43400",36,10,46,45
"43401",8,8,16,8
"43402",5,13,18,15
"43403",3,22,25,23
"43404",20,20,40,20
"43405",14,1,15,14
"43406",19,3,22,19
"43407",40,13,53,49
"43408",14,1,15,14
"43409",1,1,2,1
"43410",11,10,21,17
"43411",7,19,26,23
"43412",1,19,20,19
"43413",7,16,23,21
"43414",2,43,45,44
"43415",1,3,4,3
"43416",2,36,38,37
"43417",1,23,24,23
"43418",4,13,17,13
"43419",1,5,6,5
"43420",15,16,31,27
"43421",2,6,8,7
"43422",23,23,46,23
"43423",1,36,37,36
"43424",1,23,24,23
"43425",2,9,11,10
"43426",2,51,53,52
"43427",1,20,21,20
"43428",7,2,9,8
"43429",5,24,29,27
"43430",2,1,3,2
"43431",2,12,14,12
"43432",8,25,33,32
"43433",4,26,30,27
"43434",1,2,3,2
"43435",4,14,18,16
"43436",1,11,12,11
"43437",1,3,4,3
"43438",4,11,15,14
"43439",6,51,57,56
"43440",1,12,13,12
"43441",5,32,37,34
"43442",33,2,35,33
"43443",2,31,33,31
"43444",5,7,12,9
"43445",2,2,4,3
"43446",1,9,10,9
"43447",2,18,20,19
"43448",1,2,3,2
"43449",1,2,3,2
"43450",9,24,33,28
"43451",7,22,29,28
"43452",3,11,14,12
"43453",4,4,8,4
"43454",38,16,54,53
"43455",2,35,37,35
"43456",33,10,43,42
"43457",1,10,11,10
"43458",1,1,2,1
"43459",1,27,28,27
"43460",1,7,8,7
"43461",3,12,15,14
"43462",13,8,21,19
"43463",9,13,22,21
"43464",3,39,42,40
"43465",2,18,20,19
"43466",2,21,23,22
"43467",19,19,38,19
"43468",35,35,70,35
"43469",1,3,4,3
"43470",2,6,8,7
"43471",4,7,11,10
"43472",1,3,4,3
"43473",2,3,5,3
"43474",2,32,34,32
"43475",4,81,85,84
"43476",21,11,32,30
"43477",7,10,17,15
"43478",2,14,16,14
"43479",2,11,13,12
"43480",4,21,25,21
"43481",1,18,19,18
"43482",1,16,17,16
"43483",3,3,6,4
"43484",1,42,43,42
"43485",4,27,31,28
"43486",3,3,6,5
"43487",4,16,20,18
"43488",1,13,14,13
"43489",6,13,19,18
"43490",19,37,56,55
"43491",2,27,29,27
"43492",3,12,15,13
"43493",1,1,2,1
"43494",3,37,40,39
"43495",3,8,11,10
"43496",11,66,77,74
"43497",9,7,16,15
"43498",4,57,61,57
"43499",1,4,5,4
"43500",5,14,19,17
"43501",21,7,28,25
"43502",5,24,29,28
"43503",12,1,13,12
"43504",2,7,9,8
"43505",6,26,32,30
"43506",1,6,7,6
"43507",1,22,23,22
"43508",3,18,21,18
"43509",8,16,24,21
"43510",4,13,17,15
"43511",1,1,2,1
"43512",8,8,16,8
"43513",1,23,24,23
"43514",3,10,13,12
"43515",6,11,17,16
"43516",5,47,52,51
"43517",16,28,44,43
"43518",1,32,33,32
"43519",3,10,13,10
"43520",2,9,11,10
"43521",2,8,10,9
"43522",2,5,7,6
"43523",29,2,31,29
"43524",5,15,20,17
"43525",1,2,3,2
"43526",1,7,8,7
"43527",2,12,14,13
"43528",1,1,2,1
"43529",2,10,12,10
"43530",23,13,36,35
"43531",1,6,7,6
"43532",3,39,42,41
"43533",4,15,19,18
"43534",2,12,14,12
"43535",9,11,20,17
"43536",2,29,31,29
"43537",1,11,12,11
"43538",2,9,11,10
"43539",11,36,47,45
"43540",2,5,7,6
"43541",8,30,38,37
"43542",4,23,27,25
"43543",8,3,11,9
"43544",1,31,32,31
"43545",5,41,46,41
"43546",1,15,16,15
"43547",2,9,11,10
"43548",3,23,26,24
"43549",5,11,16,14
"43550",1,6,7,6
"43551",2,19,21,19
"43552",6,7,13,11
"43553",9,18,27,24
"43554",9,2,11,9
"43555",2,11,13,12
"43556",1,13,14,13
"43557",4,6,10,8
"43558",5,15,20,17
"43559",1,19,20,19
"43560",5,24,29,27
"43561",3,17,20,18
"43562",3,14,17,15
"43563",3,12,15,12
"43564",9,39,48,47
"43565",2,32,34,33
"43566",1,20,21,20
"43567",1,8,9,8
"43568",2,2,4,3
"43569",1,7,8,7
"43570",1,8,9,8
"43571",2,13,15,14
"43572",5,2,7,6
"43573",1,5,6,5
"43574",4,4,8,6
"43575",2,51,53,51
"43576",15,32,47,44
"43577",1,9,10,9
"43578",2,1,3,2
"43579",2,7,9,7
"43580",2,12,14,12
"43581",1,15,16,15
"43582",3,1,4,3
"43583",2,29,31,29
"43584",1,1,2,1
"43585",4,9,13,11
"43586",2,36,38,36
"43587",2,23,25,24
"43588",7,12,19,18
"43589",3,4,7,5
"43590",5,10,15,14
"43591",1,13,14,13
"43592",1,13,14,13
"43593",6,2,8,7
"43594",4,27,31,27
"43595",1,14,15,14
"43596",3,12,15,14
"43597",3,4,7,6
"43598",5,33,38,37
"43599",1,20,21,20
"43600",1,30,31,30
"43601",2,2,4,3
"43602",7,14,21,18
"43603",4,40,44,42
"43604",4,30,34,33
"43605",11,11,22,11
"43606",2,48,50,48
"43607",1,2,3,2
"43608",1,6,7,6
"43609",2,23,25,24
"43610",3,15,18,17
"43611",1,34,35,34
"43612",1,10,11,10
"43613",5,8,13,11
"43614",1,6,7,6
"43615",35,17,52,48
"43616",24,2,26,24
"43617",35,35,70,35
"43618",9,31,40,39
"43619",1,7,8,7
"43620",4,21,25,23
"43621",1,10,11,10
"43622",1,29,30,29
"43623",2,12,14,13
"43624",2,6,8,6
"43625",2,10,12,10
"43626",1,8,9,8
"43627",1,2,3,2
"43628",7,16,23,19
"43629",6,21,27,25
"43630",10,14,24,22
"43631",10,10,20,10
"43632",1,2,3,2
"43633",6,18,24,23
"43634",3,26,29,28
"43635",3,26,29,28
"43636",2,23,25,24
"43637",1,28,29,28
"43638",3,31,34,31
"43639",4,8,12,10
"43640",6,36,42,41
"43641",2,11,13,12
"43642",2,7,9,7
"43643",7,3,10,9
"43644",6,7,13,10
"43645",1,26,27,26
"43646",2,5,7,5
"43647",1,6,7,6
"43648",1,25,26,25
"43649",4,11,15,13
"43650",1,18,19,18
"43651",1,7,8,7
"43652",3,36,39,37
"43653",1,6,7,6
"43654",1,2,3,2
"43655",4,20,24,22
"43656",2,14,16,15
"43657",1,13,14,13
"43658",2,51,53,51
"43659",3,7,10,7
"43660",1,3,4,3
"43661",1,25,26,25
"43662",1,25,26,25
"43663",2,25,27,26
"43664",4,17,21,18
"43665",5,37,42,38
"43666",10,29,39,36
"43667",1,8,9,8
"43668",1,1,2,1
"43669",5,31,36,33
"43670",3,2,5,4
"43671",6,12,18,17
"43672",3,5,8,7
"43673",12,6,18,15
"43674",4,33,37,36
"43675",1,24,25,24
"43676",5,13,18,15
"43677",2,2,4,3
"43678",1,51,52,51
"43679",1,4,5,4
"43680",3,15,18,17
"43681",4,11,15,13
"43682",5,35,40,39
"43683",2,14,16,15
"43684",1,6,7,6
"43685",1,1,2,1
"43686",9,6,15,14
"43687",36,14,50,48
"43688",1,17,18,17
"43689",2,2,4,3
"43690",2,6,8,7
"43691",1,11,12,11
"43692",1,3,4,3
"43693",9,5,14,13
"43694",9,2,11,10
"43695",1,10,11,10
"43696",1,3,4,3
"43697",1,11,12,11
"43698",3,3,6,5
"43699",1,3,4,3
"43700",5,21,26,25
"43701",1,13,14,13
"43702",1,9,10,9
"43703",3,4,7,6
"43704",5,7,12,10
"43705",4,11,15,14
"43706",1,8,9,8
"43707",1,19,20,19
"43708",4,10,14,10
"43709",1,6,7,6
"43710",1,2,3,2
"43711",8,11,19,17
"43712",12,10,22,21
"43713",7,19,26,24
"43714",3,6,9,8
"43715",3,13,16,14
"43716",32,13,45,39
"43717",1,10,11,10
"43718",1,4,5,4
"43719",2,4,6,4
"43720",1,4,5,4
"43721",3,13,16,14
"43722",3,4,7,6
"43723",1,4,5,4
"43724",13,16,29,28
"43725",9,20,29,28
"43726",2,3,5,4
"43727",5,19,24,23
"43728",4,17,21,20
"43729",2,8,10,8
"43730",1,3,4,3
"43731",1,25,26,25
"43732",2,20,22,20
"43733",2,3,5,4
"43734",1,24,25,24
"43735",6,4,10,8
"43736",1,15,16,15
"43737",14,41,55,47
"43738",2,18,20,19
"43739",1,26,27,26
"43740",1,19,20,19
"43741",5,12,17,14
"43742",1,11,12,11
"43743",2,32,34,32
"43744",6,3,9,7
"43745",1,12,13,12
"43746",12,11,23,22
"43747",2,1,3,2
"43748",1,32,33,32
"43749",1,11,12,11
"43750",2,22,24,22
"43751",1,24,25,24
"43752",1,8,9,8
"43753",1,28,29,28
"43754",4,15,19,18
"43755",5,4,9,8
"43756",9,45,54,53
"43757",4,43,47,46
"43758",3,18,21,20
"43759",3,6,9,8
"43760",1,12,13,12
"43761",2,25,27,26
"43762",5,24,29,28
"43763",3,23,26,25
"43764",5,22,27,24
"43765",5,53,58,57
"43766",5,24,29,27
"43767",10,34,44,41
"43768",3,39,42,41
"43769",10,8,18,17
"43770",48,11,59,56
"43771",3,14,17,16
"43772",5,2,7,6
"43773",1,10,11,10
"43774",2,36,38,36
"43775",5,10,15,12
"43776",1,2,3,2
"43777",4,11,15,13
"43778",1,22,23,22
"43779",11,21,32,28
"43780",8,3,11,9
"43781",1,2,3,2
"43782",1,9,10,9
"43783",3,5,8,7
"43784",9,5,14,12
"43785",3,6,9,8
"43786",11,2,13,11
"43787",2,18,20,18
"43788",1,24,25,24
"43789",5,4,9,7
"43790",2,14,16,14
"43791",5,31,36,35
"43792",40,13,53,50
"43793",2,13,15,14
"43794",4,15,19,18
"43795",1,26,27,26
"43796",2,3,5,4
"43797",1,8,9,8
"43798",1,7,8,7
"43799",3,20,23,21
"43800",3,3,6,5
"43801",3,9,12,11
"43802",6,4,10,7
"43803",9,1,10,9
"43804",1,13,14,13
"43805",2,25,27,25
"43806",2,5,7,6
"43807",7,5,12,10
"43808",6,3,9,7
"43809",3,44,47,46
"43810",4,19,23,20
"43811",3,19,22,20
"43812",8,1,9,8
"43813",2,7,9,7
"43814",5,32,37,36
"43815",1,13,14,13
"43816",1,8,9,8
"43817",2,8,10,9
"43818",6,20,26,23
"43819",2,7,9,8
"43820",1,2,3,2
"43821",2,13,15,14
"43822",11,17,28,26
"43823",2,7,9,8
"43824",5,32,37,34
"43825",1,35,36,35
"43826",2,18,20,18
"43827",7,7,14,7
"43828",1,6,7,6
"43829",1,9,10,9
"43830",3,36,39,38
"43831",1,9,10,9
"43832",1,15,16,15
"43833",3,15,18,15
"43834",1,8,9,8
"43835",2,43,45,44
"43836",3,38,41,40
"43837",5,32,37,34
"43838",3,12,15,12
"43839",1,17,18,17
"43840",1,11,12,11
"43841",7,22,29,28
"43842",15,7,22,20
"43843",3,9,12,11
"43844",1,3,4,3
"43845",1,42,43,42
"43846",3,48,51,50
"43847",3,21,24,22
"43848",5,16,21,17
"43849",3,30,33,31
"43850",8,23,31,28
"43851",2,25,27,25
"43852",6,15,21,20
"43853",5,16,21,20
"43854",2,23,25,24
"43855",3,12,15,14
"43856",4,6,10,9
"43857",1,5,6,5
"43858",2,3,5,4
"43859",9,9,18,9
"43860",3,11,14,13
"43861",20,14,34,32
"43862",1,15,16,15
"43863",4,8,12,9
"43864",1,11,12,11
"43865",1,3,4,3
"43866",1,5,6,5
"43867",4,7,11,8
"43868",2,11,13,11
"43869",5,30,35,32
"43870",6,38,44,43
"43871",8,31,39,35
"43872",2,176,178,177
"43873",2,5,7,6
"43874",7,6,13,12
"43875",1,9,10,9
"43876",4,24,28,26
"43877",1,16,17,16
"43878",1,14,15,14
"43879",2,18,20,19
"43880",2,36,38,36
"43881",3,13,16,14
"43882",8,24,32,31
"43883",3,16,19,16
"43884",3,29,32,31
"43885",21,176,197,191
"43886",2,51,53,51
"43887",2,26,28,27
"43888",1,12,13,12
"43889",1,4,5,4
"43890",5,27,32,30
"43891",2,1,3,2
"43892",1,29,30,29
"43893",2,6,8,7
"43894",10,10,20,10
"43895",2,10,12,10
"43896",8,1,9,8
"43897",2,14,16,15
"43898",2,24,26,24
"43899",4,9,13,11
"43900",5,43,48,46
"43901",1,28,29,28
"43902",2,9,11,9
"43903",1,1,2,1
"43904",1,7,8,7
"43905",1,8,9,8
"43906",2,22,24,23
"43907",7,32,39,38
"43908",6,10,16,15
"43909",4,14,18,15
"43910",31,176,207,203
"43911",2,10,12,11
"43912",2,2,4,2
"43913",12,33,45,42
"43914",4,30,34,31
"43915",1,5,6,5
"43916",1,8,9,8
"43917",2,22,24,23
"43918",2,5,7,5
"43919",10,1,11,10
"43920",1,2,3,2
"43921",3,4,7,6
"43922",3,3,6,5
"43923",2,3,5,4
"43924",4,15,19,18
"43925",4,14,18,16
"43926",2,12,14,13
"43927",4,23,27,24
"43928",2,48,50,49
"43929",4,10,14,10
"43930",1,8,9,8
"43931",3,23,26,23
"43932",1,43,44,43
"43933",5,7,12,9
"43934",18,32,50,48
"43935",4,33,37,36
"43936",4,43,47,46
"43937",2,25,27,25
"43938",7,1,8,7
"43939",12,23,35,33
"43940",2,2,4,2
"43941",3,13,16,14
"43942",2,45,47,45
"43943",1,3,4,3
"43944",4,47,51,50
"43945",1,20,21,20
"43946",1,19,20,19
"43947",18,11,29,27
"43948",7,27,34,32
"43949",4,12,16,13
"43950",1,23,24,23
"43951",1,11,12,11
"43952",2,66,68,67
"43953",1,24,25,24
"43954",4,3,7,6
"43955",5,17,22,20
"43956",8,15,23,22
"43957",1,12,13,12
"43958",4,1,5,4
"43959",4,17,21,19
"43960",10,10,20,10
"43961",17,25,42,41
"43962",5,19,24,21
"43963",6,32,38,36
"43964",2,13,15,14
"43965",3,6,9,8
"43966",1,5,6,5
"43967",19,32,51,49
"43968",25,25,50,25
"43969",1,11,12,11
"43970",2,5,7,5
"43971",1,47,48,47
"43972",1,4,5,4
"43973",2,29,31,29
"43974",1,2,3,2
"43975",1,6,7,6
"43976",5,28,33,31
"43977",6,81,87,86
"43978",1,18,19,18
"43979",3,7,10,9
"43980",5,22,27,26
"43981",3,14,17,16
"43982",15,33,48,46
"43983",6,12,18,17
"43984",2,27,29,27
"43985",1,5,6,5
"43986",1,24,25,24
"43987",1,7,8,7
"43988",1,6,7,6
"43989",1,6,7,6
"43990",1,17,18,17
"43991",11,36,47,45
"43992",9,38,47,46
"43993",2,13,15,14
"43994",3,57,60,59
"43995",13,3,16,14
"43996",14,14,28,14
"43997",4,26,30,27
"43998",7,24,31,28
"43999",1,3,4,3
"44000",3,18,21,19
"44001",1,8,9,8
"44002",2,18,20,19
"44003",3,26,29,26
"44004",5,5,10,8
"44005",5,3,8,7
"44006",4,16,20,18
"44007",13,18,31,29
"44008",1,23,24,23
"44009",41,14,55,47
"44010",11,21,32,31
"44011",1,6,7,6
"44012",1,5,6,5
"44013",1,18,19,18
"44014",3,13,16,15
"44015",4,36,40,38
"44016",4,42,46,43
"44017",2,29,31,29
"44018",2,9,11,10
"44019",2,18,20,19
"44020",1,24,25,24
"44021",3,14,17,15
"44022",1,6,7,6
"44023",1,8,9,8
"44024",14,5,19,18
"44025",1,7,8,7
"44026",1,9,10,9
"44027",1,6,7,6
"44028",1,12,13,12
"44029",3,21,24,22
"44030",4,9,13,10
"44031",2,17,19,17
"44032",13,14,27,26
"44033",13,7,20,19
"44034",10,10,20,10
"44035",30,6,36,32
"44036",1,17,18,17
"44037",2,5,7,5
"44038",12,13,25,22
"44039",1,9,10,9
"44040",2,26,28,27
"44041",7,22,29,28
"44042",4,39,43,41
"44043",8,19,27,26
"44044",6,9,15,12
"44045",6,15,21,18
"44046",6,6,12,6
"44047",8,14,22,21
"44048",1,36,37,36
"44049",2,8,10,9
"44050",6,1,7,6
"44051",1,14,15,14
"44052",1,6,7,6
"44053",2,14,16,14
"44054",4,34,38,36
"44055",5,30,35,34
"44056",2,57,59,57
"44057",1,12,13,12
"44058",7,14,21,15
"44059",36,1,37,36
"44060",1,8,9,8
"44061",1,4,5,4
"44062",1,10,11,10
"44063",1,7,8,7
"44064",2,3,5,4
"44065",1,25,26,25
"44066",4,24,28,26
"44067",2,12,14,13
"44068",1,16,17,16
"44069",1,1,2,1
"44070",3,2,5,4
"44071",11,2,13,11
"44072",2,16,18,16
"44073",19,1,20,19
"44074",1,19,20,19
"44075",9,3,12,11
"44076",1,14,15,14
"44077",3,15,18,15
"44078",4,19,23,20
"44079",2,8,10,8
"44080",10,12,22,21
"44081",5,14,19,16
"44082",2,2,4,3
"44083",32,34,66,65
"44084",6,32,38,36
"44085",8,5,13,12
"44086",2,4,6,4
"44087",2,51,53,51
"44088",11,29,40,38
"44089",2,23,25,23
"44090",3,15,18,16
"44091",4,29,33,29
"44092",42,42,84,82
"44093",7,21,28,25
"44094",5,25,30,28
"44095",1,4,5,4
"44096",1,2,3,2
"44097",4,8,12,11
"44098",3,13,16,15
"44099",1,1,2,1
"44100",1,6,7,6
"44101",8,15,23,20
"44102",6,24,30,27
"44103",2,31,33,32
"44104",12,17,29,28
"44105",6,1,7,6
"44106",1,11,12,11
"44107",2,8,10,8
"44108",6,13,19,18
"44109",8,8,16,8
"44110",3,19,22,20
"44111",43,9,52,51
"44112",15,1,16,15
"44113",7,7,14,7
"44114",1,23,24,23
"44115",19,19,38,19
"44116",3,4,7,6
"44117",1,8,9,8
"44118",3,12,15,12
"44119",2,23,25,23
"44120",5,19,24,19
"44121",4,34,38,35
"44122",17,24,41,38
"44123",1,11,12,11
"44124",1,4,5,4
"44125",27,12,39,38
"44126",6,26,32,29
"44127",3,13,16,15
"44128",7,33,40,39
"44129",6,33,39,38
"44130",1,13,14,13
"44131",1,3,4,3
"44132",2,8,10,9
"44133",1,9,10,9
"44134",1,10,11,10
"44135",3,10,13,12
"44136",13,6,19,18
"44137",3,38,41,40
"44138",4,41,45,44
"44139",2,23,25,23
"44140",2,34,36,34
"44141",2,38,40,38
"44142",6,26,32,31
"44143",1,5,6,5
"44144",1,14,15,14
"44145",1,19,20,19
"44146",7,17,24,21
"44147",1,6,7,6
"44148",5,37,42,38
"44149",7,26,33,31
"44150",1,6,7,6
"44151",8,17,25,23
"44152",6,14,20,18
"44153",1,4,5,4
"44154",8,8,16,8
"44155",18,43,61,59
"44156",4,29,33,31
"44157",1,36,37,36
"44158",1,1,2,1
"44159",4,10,14,13
"44160",2,5,7,6
"44161",3,42,45,44
"44162",7,66,73,72
"44163",2,12,14,13
"44164",8,21,29,27
"44165",3,17,20,19
"44166",2,3,5,4
"44167",3,11,14,13
"44168",38,13,51,50
"44169",4,1,5,4
"44170",1,23,24,23
"44171",3,22,25,24
"44172",3,16,19,17
"44173",2,3,5,4
"44174",1,11,12,11
"44175",3,10,13,12
"44176",1,6,7,6
"44177",2,53,55,54
"44178",4,4,8,6
"44179",1,22,23,22
"44180",2,26,28,26
"44181",9,11,20,18
"44182",10,1,11,10
"44183",1,11,12,11
"44184",1,1,2,1
"44185",1,25,26,25
"44186",3,26,29,28
"44187",3,33,36,35
"44188",15,15,30,15
"44189",2,5,7,6
"44190",4,24,28,24
"44191",14,14,28,14
"44192",7,17,24,21
"44193",8,4,12,11
"44194",10,10,20,10
"44195",3,40,43,42
"44196",1,15,16,15
"44197",2,6,8,6
"44198",1,1,2,1
"44199",4,27,31,27
"44200",4,23,27,24
"44201",2,1,3,2
"44202",1,22,23,22
"44203",10,66,76,72
"44204",2,9,11,9
"44205",2,25,27,25
"44206",3,11,14,13
"44207",7,10,17,15
"44208",1,14,15,14
"44209",1,9,10,9
"44210",2,30,32,31
"44211",7,18,25,23
"44212",1,3,4,3
"44213",3,24,27,24
"44214",1,2,3,2
"44215",5,30,35,32
"44216",10,24,34,33
"44217",2,48,50,49
"44218",4,7,11,10
"44219",1,22,23,22
"44220",2,5,7,6
"44221",3,17,20,19
"44222",11,31,42,41
"44223",1,10,11,10
"44224",1,7,8,7
"44225",2,3,5,3
"44226",1,1,2,1
"44227",2,8,10,8
"44228",2,14,16,14
"44229",3,14,17,15
"44230",7,8,15,14
"44231",18,19,37,32
"44232",2,7,9,8
"44233",10,45,55,52
"44234",4,5,9,8
"44235",2,16,18,17
"44236",3,43,46,45
"44237",2,32,34,32
"44238",3,27,30,28
"44239",1,13,14,13
"44240",1,1,2,1
"44241",2,22,24,22
"44242",2,5,7,6
"44243",4,24,28,27
"44244",1,9,10,9
"44245",3,14,17,15
"44246",1,30,31,30
"44247",2,13,15,13
"44248",3,13,16,14
"44249",11,11,22,21
"44250",5,43,48,47
"44251",3,14,17,16
"44252",2,3,5,4
"44253",1,36,37,36
"44254",2,7,9,8
"44255",1,1,2,1
"44256",4,31,35,34
"44257",11,7,18,16
"44258",1,10,11,10
"44259",2,6,8,7
"44260",2,25,27,25
"44261",9,28,37,36
"44262",1,32,33,32
"44263",1,5,6,5
"44264",2,5,7,6
"44265",3,16,19,17
"44266",7,34,41,39
"44267",1,8,9,8
"44268",1,21,22,21
"44269",2,6,8,6
"44270",2,10,12,11
"44271",1,12,13,12
"44272",2,19,21,19
"44273",1,10,11,10
"44274",12,9,21,19
"44275",18,18,36,18
"44276",20,2,22,20
"44277",5,14,19,14
"44278",2,41,43,41
"44279",4,51,55,54
"44280",7,34,41,39
"44281",18,30,48,46
"44282",5,28,33,32
"44283",2,28,30,28
"44284",2,8,10,9
"44285",7,20,27,24
"44286",4,40,44,42
"44287",1,28,29,28
"44288",1,1,2,1
"44289",1,3,4,3
"44290",1,26,27,26
"44291",3,2,5,4
"44292",5,43,48,46
"44293",2,28,30,28
"44294",1,3,4,3
"44295",4,12,16,15
"44296",9,48,57,54
"44297",2,4,6,4
"44298",4,10,14,12
"44299",7,16,23,22
"44300",6,16,22,20
"44301",4,13,17,16
"44302",53,32,85,84
"44303",26,43,69,68
"44304",31,31,62,31
"44305",5,1,6,5
"44306",3,18,21,20
"44307",4,32,36,33
"44308",16,1,17,16
"44309",3,14,17,16
"44310",42,42,84,42
"44311",16,7,23,20
"44312",1,1,2,1
"44313",29,7,36,34
"44314",10,10,20,10
"44315",7,22,29,27
"44316",43,43,86,43
"44317",2,20,22,21
"44318",1,3,4,3
"44319",2,5,7,5
"44320",2,4,6,4
"44321",3,10,13,11
"44322",1,14,15,14
"44323",1,12,13,12
"44324",1,6,7,6
"44325",8,16,24,21
"44326",11,42,53,52
"44327",19,32,51,49
"44328",11,11,22,21
"44329",24,17,41,37
"44330",4,9,13,12
"44331",1,18,19,18
"44332",7,15,22,20
"44333",1,23,24,23
"44334",3,19,22,19
"44335",1,7,8,7
"44336",4,1,5,4
"44337",4,6,10,9
"44338",8,5,13,12
"44339",1,3,4,3
"44340",4,4,8,7
"44341",4,13,17,15
"44342",1,2,3,2
"44343",2,14,16,14
"44344",3,18,21,18
"44345",1,2,3,2
"44346",3,6,9,6
"44347",1,6,7,6
"44348",4,17,21,18
"44349",1,14,15,14
"44350",3,7,10,8
"44351",3,13,16,14
"44352",5,6,11,10
"44353",7,16,23,20
"44354",2,17,19,17
"44355",2,10,12,11
"44356",2,17,19,18
"44357",11,23,34,23
"44358",3,29,32,30
"44359",7,38,45,43
"44360",1,7,8,7
"44361",1,40,41,40
"44362",8,18,26,25
"44363",12,12,24,12
"44364",1,2,3,2
"44365",3,9,12,10
"44366",7,31,38,37
"44367",2,13,15,14
"44368",5,36,41,39
"44369",6,51,57,55
"44370",7,20,27,26
"44371",5,5,10,8
"44372",24,25,49,48
"44373",3,4,7,5
"44374",2,9,11,10
"44375",3,17,20,19
"44376",2,5,7,6
"44377",3,26,29,26
"44378",2,5,7,5
"44379",5,2,7,6
"44380",1,17,18,17
"44381",1,3,4,3
"44382",7,27,34,31
"44383",2,14,16,14
"44384",4,66,70,67
"44385",2,18,20,18
"44386",2,14,16,15
"44387",1,3,4,3
"44388",8,53,61,60
"44389",1,21,22,21
"44390",1,11,12,11
"44391",1,1,2,1
"44392",6,34,40,38
"44393",2,9,11,10
"44394",1,7,8,7
"44395",5,4,9,8
"44396",1,12,13,12
"44397",4,5,9,7
"44398",1,12,13,12
"44399",1,2,3,2
"44400",1,10,11,10
"44401",1,3,4,3
"44402",1,3,4,3
"44403",1,12,13,12
"44404",1,18,19,18
"44405",3,48,51,49
"44406",9,14,23,22
"44407",2,6,8,7
"44408",10,21,31,28
"44409",3,10,13,11
"44410",3,19,22,20
"44411",6,43,49,48
"44412",14,53,67,66
"44413",4,11,15,14
"44414",1,17,18,17
"44415",1,6,7,6
"44416",11,3,14,13
"44417",1,2,3,2
"44418",1,15,16,15
"44419",40,2,42,40
"44420",7,26,33,30
"44421",2,13,15,14
"44422",3,10,13,11
"44423",21,176,197,191
"44424",6,6,12,6
"44425",2,11,13,11
"44426",2,8,10,9
"44427",1,2,3,2
"44428",1,3,4,3
"44429",6,12,18,14
"44430",8,30,38,32
"44431",3,31,34,31
"44432",9,10,19,17
"44433",10,8,18,10
"44434",2,7,9,8
"44435",8,9,17,16
"44436",3,4,7,5
"44437",6,13,19,16
"44438",3,43,46,45
"44439",1,26,27,26
"44440",5,11,16,14
"44441",6,47,53,51
"44442",5,16,21,18
"44443",2,38,40,39
"44444",5,38,43,42
"44445",10,23,33,30
"44446",3,11,14,11
"44447",1,13,14,13
"44448",12,2,14,13
"44449",7,55,62,58
"44450",5,15,20,19
"44451",4,11,15,13
"44452",2,6,8,7
"44453",2,14,16,14
"44454",2,36,38,36
"44455",14,23,37,34
"44456",4,24,28,26
"44457",2,2,4,3
"44458",1,7,8,7
"44459",3,5,8,7
"44460",6,81,87,86
"44461",7,9,16,13
"44462",3,5,8,7
"44463",2,23,25,24
"44464",2,15,17,15
"44465",1,36,37,36
"44466",1,20,21,20
"44467",1,13,14,13
"44468",4,6,10,9
"44469",1,1,2,1
"44470",6,4,10,8
"44471",1,11,12,11
"44472",2,22,24,22
"44473",1,34,35,34
"44474",4,176,180,176
"44475",5,40,45,42
"44476",2,12,14,12
"44477",1,4,5,4
"44478",2,7,9,8
"44479",2,11,13,11
"44480",1,9,10,9
"44481",1,3,4,3
"44482",1,20,21,20
"44483",4,11,15,13
"44484",1,5,6,5
"44485",1,25,26,25
"44486",15,18,33,30
"44487",6,17,23,22
"44488",2,26,28,27
"44489",1,1,2,1
"44490",1,7,8,7
"44491",1,5,6,5
"44492",4,26,30,26
"44493",2,17,19,17
"44494",2,4,6,5
"44495",1,7,8,7
"44496",3,4,7,5
"44497",1,9,10,9
"44498",5,17,22,21
"44499",3,11,14,12
"44500",13,40,53,52
"44501",2,2,4,2
"44502",2,20,22,20
"44503",2,14,16,14
"44504",1,23,24,23
"44505",7,15,22,19
"44506",1,15,16,15
"44507",4,27,31,30
"44508",3,3,6,3
"44509",2,10,12,10
"44510",3,29,32,31
"44511",2,43,45,44
"44512",20,20,40,20
"44513",14,23,37,36
"44514",13,18,31,29
"44515",1,25,26,25
"44516",8,8,16,15
"44517",4,30,34,33
"44518",1,7,8,7
"44519",2,9,11,10
"44520",1,25,26,25
"44521",35,29,64,63
"44522",1,43,44,43
"44523",5,37,42,41
"44524",4,8,12,10
"44525",2,9,11,10
"44526",10,8,18,17
"44527",8,8,16,8
"44528",5,20,25,23
"44529",2,17,19,18
"44530",12,22,34,29
"44531",1,3,4,3
"44532",1,10,11,10
"44533",2,5,7,5
"44534",2,47,49,48
"44535",5,11,16,11
"44536",2,24,26,24
"44537",1,10,11,10
"44538",2,11,13,11
"44539",1,34,35,34
"44540",17,1,18,17
"44541",40,40,80,40
"44542",5,5,10,5
"44543",4,19,23,21
"44544",1,22,23,22
"44545",1,10,11,10
"44546",1,18,19,18
"44547",1,2,3,2
"44548",1,9,10,9
"44549",2,17,19,18
"44550",6,8,14,12
"44551",6,30,36,34
"44552",1,11,12,11
"44553",1,8,9,8
"44554",4,9,13,12
"44555",3,12,15,13
"44556",4,21,25,23
"44557",3,3,6,5
"44558",13,13,26,13
"44559",2,6,8,7
"44560",8,8,16,13
"44561",1,3,4,3
"44562",2,6,8,6
"44563",1,3,4,3
"44564",2,1,3,2
"44565",1,31,32,31
"44566",1,5,6,5
"44567",14,13,27,22
"44568",6,1,7,6
"44569",2,6,8,7
"44570",2,14,16,14
"44571",4,35,39,37
"44572",2,14,16,14
"44573",5,31,36,35
"44574",14,1,15,14
"44575",1,4,5,4
"44576",1,3,4,3
"44577",2,32,34,32
"44578",6,25,31,30
"44579",12,13,25,22
"44580",2,12,14,12
"44581",5,22,27,24
"44582",4,1,5,4
"44583",2,9,11,9
"44584",2,9,11,9
"44585",4,33,37,36
"44586",1,1,2,1
"44587",1,10,11,10
"44588",1,40,41,40
"44589",29,30,59,57
"44590",1,9,10,9
"44591",18,18,36,18
"44592",10,3,13,12
"44593",2,43,45,43
"44594",1,31,32,31
"44595",1,25,26,25
"44596",2,23,25,23
"44597",1,11,12,11
"44598",8,8,16,8
"44599",2,8,10,9
"44600",1,8,9,8
"44601",1,23,24,23
"44602",3,5,8,6
"44603",8,15,23,20
"44604",2,11,13,12
"44605",3,39,42,41
"44606",11,5,16,14
"44607",4,13,17,16
"44608",51,51,102,51
"44609",1,11,12,11
"44610",7,6,13,12
"44611",12,26,38,37
"44612",13,36,49,48
"44613",3,3,6,3
"44614",3,23,26,23
"44615",13,13,26,13
"44616",1,4,5,4
"44617",18,3,21,18
"44618",19,22,41,39
"44619",24,51,75,74
"44620",23,23,46,23
"44621",2,12,14,13
"44622",4,1,5,4
"44623",8,8,16,8
"44624",1,4,5,4
"44625",1,1,2,1
"44626",3,9,12,11
"44627",2,8,10,8
"44628",3,8,11,10
"44629",1,8,9,8
"44630",1,1,2,1
"44631",4,5,9,8
"44632",5,18,23,22
"44633",1,6,7,6
"44634",1,25,26,25
"44635",11,5,16,13
"44636",3,5,8,7
"44637",5,10,15,14
"44638",2,12,14,12
"44639",1,7,8,7
"44640",5,11,16,15
"44641",8,17,25,24
"44642",2,6,8,7
"44643",2,27,29,27
"44644",2,14,16,15
"44645",3,21,24,22
"44646",10,8,18,17
"44647",12,24,36,35
"44648",1,11,12,11
"44649",1,2,3,2
"44650",8,11,19,17
"44651",4,13,17,15
"44652",2,29,31,30
"44653",3,24,27,25
"44654",1,16,17,16
"44655",31,31,62,31
"44656",16,16,32,16
"44657",5,7,12,9
"44658",1,1,2,1
"44659",1,4,5,4
"44660",1,12,13,12
"44661",4,44,48,46
"44662",3,43,46,45
"44663",3,16,19,18
"44664",10,25,35,33
"44665",5,32,37,34
"44666",41,19,60,55
"44667",8,2,10,8
"44668",13,13,26,13
"44669",1,3,4,3
"44670",2,21,23,21
"44671",2,35,37,35
"44672",6,3,9,7
"44673",4,17,21,19
"44674",1,38,39,38
"44675",13,14,27,25
"44676",15,32,47,45
"44677",1,37,38,37
"44678",13,8,21,20
"44679",14,10,24,23
"44680",1,26,27,26
"44681",2,30,32,31
"44682",7,16,23,20
"44683",2,10,12,10
"44684",1,7,8,7
"44685",1,9,10,9
"44686",1,4,5,4
"44687",8,21,29,28
"44688",5,35,40,35
"44689",1,25,26,25
"44690",2,12,14,12
"44691",2,17,19,18
"44692",16,19,35,33
"44693",1,3,4,3
"44694",2,2,4,2
"44695",1,15,16,15
"44696",4,14,18,14
"44697",4,4,8,7
"44698",6,17,23,22
"44699",5,30,35,34
"44700",1,4,5,4
"44701",23,7,30,28
"44702",8,38,46,45
"44703",7,8,15,13
"44704",1,8,9,8
"44705",5,28,33,31
"44706",5,2,7,6
"44707",21,176,197,191
"44708",2,4,6,4
"44709",5,10,15,14
"44710",2,25,27,25
"44711",1,8,9,8
"44712",1,26,27,26
"44713",2,12,14,13
"44714",3,10,13,11
"44715",2,14,16,14
"44716",3,29,32,31
"44717",7,27,34,31
"44718",2,7,9,7
"44719",3,4,7,5
"44720",2,6,8,6
"44721",4,29,33,31
"44722",2,22,24,22
"44723",8,3,11,10
"44724",13,15,28,26
"44725",2,2,4,2
"44726",5,36,41,40
"44727",1,4,5,4
"44728",3,19,22,19
"44729",1,13,14,13
"44730",2,5,7,5
"44731",2,81,83,81
"44732",7,14,21,19
"44733",3,13,16,14
"44734",10,32,42,41
"44735",6,6,12,10
"44736",12,6,18,17
"44737",1,4,5,4
"44738",17,10,27,26
"44739",5,13,18,17
"44740",1,6,7,6
"44741",5,14,19,17
"44742",1,8,9,8
"44743",1,25,26,25
"44744",3,33,36,35
"44745",4,30,34,30
"44746",7,4,11,10
"44747",3,29,32,31
"44748",6,26,32,29
"44749",1,15,16,15
"44750",3,13,16,14
"44751",1,1,2,1
"44752",1,32,33,32
"44753",2,3,5,4
"44754",1,12,13,12
"44755",10,8,18,17
"44756",7,18,25,24
"44757",4,11,15,12
"44758",6,13,19,17
"44759",5,19,24,23
"44760",4,16,20,18
"44761",17,10,27,24
"44762",2,11,13,12
"44763",6,9,15,12
"44764",3,7,10,9
"44765",4,2,6,5
"44766",2,21,23,21
"44767",1,26,27,26
"44768",5,12,17,15
"44769",2,4,6,5
"44770",8,16,24,21
"44771",2,30,32,31
"44772",1,25,26,25
"44773",13,38,51,50
"44774",17,2,19,17
"44775",38,38,76,38
"44776",2,16,18,17
"44777",1,5,6,5
"44778",1,2,3,2
"44779",2,41,43,41
"44780",1,26,27,26
"44781",7,26,33,32
"44782",2,4,6,4
"44783",1,14,15,14
"44784",2,3,5,4
"44785",4,22,26,25
"44786",22,48,70,67
"44787",3,2,5,3
"44788",4,18,22,21
"44789",3,28,31,28
"44790",31,176,207,203
"44791",6,16,22,20
"44792",5,1,6,5
"44793",7,7,14,7
"44794",10,5,15,14
"44795",1,31,32,31
"44796",1,2,3,2
"44797",2,2,4,3
"44798",4,11,15,13
"44799",2,22,24,22
"44800",3,2,5,4
"44801",4,17,21,20
"44802",16,20,36,34
"44803",4,13,17,16
"44804",3,29,32,30
"44805",4,29,33,29
"44806",1,2,3,2
"44807",1,7,8,7
"44808",1,4,5,4
"44809",1,28,29,28
"44810",4,27,31,28
"44811",1,1,2,1
"44812",3,6,9,8
"44813",3,6,9,6
"44814",3,6,9,6
"44815",11,45,56,55
"44816",7,15,22,21
"44817",27,35,62,60
"44818",1,1,2,1
"44819",1,5,6,5
"44820",1,6,7,6
"44821",2,11,13,11
"44822",1,4,5,4
"44823",1,3,4,3
"44824",4,19,23,22
"44825",3,5,8,5
"44826",5,23,28,26
"44827",1,23,24,23
"44828",9,1,10,9
"44829",16,14,30,26
"44830",13,7,20,19
"44831",2,17,19,18
"44832",2,21,23,21
"44833",7,7,14,7
"44834",11,9,20,18
"44835",1,53,54,53
"44836",1,22,23,22
"44837",2,11,13,12
"44838",1,11,12,11
"44839",1,8,9,8
"44840",10,24,34,30
"44841",4,13,17,16
"44842",1,7,8,7
"44843",2,14,16,15
"44844",13,39,52,48
"44845",6,1,7,6
"44846",3,21,24,22
"44847",3,51,54,52
"44848",4,17,21,20
"44849",1,24,25,24
"44850",1,1,2,1
"44851",1,6,7,6
"44852",6,15,21,20
"44853",1,18,19,18
"44854",1,43,44,43
"44855",1,26,27,26
"44856",4,9,13,11
"44857",10,22,32,31
"44858",5,7,12,10
"44859",13,20,33,31
"44860",9,6,15,12
"44861",2,4,6,4
"44862",2,3,5,4
"44863",1,2,3,2
"44864",14,23,37,34
"44865",2,13,15,13
"44866",1,6,7,6
"44867",12,42,54,53
"44868",1,1,2,1
"44869",11,9,20,19
"44870",6,24,30,27
"44871",14,32,46,42
"44872",2,4,6,5
"44873",10,33,43,42
"44874",10,18,28,24
"44875",1,19,20,19
"44876",4,4,8,4
"44877",3,3,6,3
"44878",11,2,13,12
"44879",4,8,12,11
"44880",1,9,10,9
"44881",1,26,27,26
"44882",1,21,22,21
"44883",2,6,8,6
"44884",1,12,13,12
"44885",2,47,49,47
"44886",4,13,17,16
"44887",3,6,9,8
"44888",5,13,18,13
"44889",18,26,44,43
"44890",4,11,15,14
"44891",3,29,32,30
"44892",1,1,2,1
"44893",5,5,10,5
"44894",9,4,13,12
"44895",8,24,32,30
"44896",4,14,18,16
"44897",3,3,6,4
"44898",2,15,17,16
"44899",3,26,29,27
"44900",1,3,4,3
"44901",2,29,31,29
"44902",4,66,70,67
"44903",8,34,42,40
"44904",1,32,33,32
"44905",3,11,14,13
"44906",9,40,49,45
"44907",4,14,18,17
"44908",10,13,23,21
"44909",4,52,56,54
"44910",7,13,20,19
"44911",8,12,20,17
"44912",4,7,11,10
"44913",3,36,39,37
"44914",2,3,5,3
"44915",2,7,9,7
"44916",1,32,33,32
"44917",6,9,15,13
"44918",10,8,18,16
"44919",1,3,4,3
"44920",6,12,18,14
"44921",4,17,21,20
"44922",7,22,29,27
"44923",1,10,11,10
"44924",2,13,15,13
"44925",3,26,29,27
"44926",30,30,60,30
"44927",1,30,31,30
"44928",7,11,18,16
"44929",1,1,2,1
"44930",1,1,2,1
"44931",1,1,2,1
"44932",1,22,23,22
"44933",3,6,9,6
"44934",1,29,30,29
"44935",5,11,16,13
"44936",1,13,14,13
"44937",5,32,37,36
"44938",2,5,7,5
"44939",6,51,57,55
"44940",9,43,52,51
"44941",13,3,16,14
"44942",6,7,13,11
"44943",8,26,34,28
"44944",4,32,36,34
"44945",3,21,24,22
"44946",10,8,18,17
"44947",5,35,40,37
"44948",5,1,6,5
"44949",7,3,10,8
"44950",9,26,35,33
"44951",3,7,10,9
"44952",4,11,15,13
"44953",4,36,40,39
"44954",1,11,12,11
"44955",8,23,31,30
"44956",8,31,39,38
"44957",1,4,5,4
"44958",4,30,34,33
"44959",4,32,36,34
"44960",10,14,24,23
"44961",1,7,8,7
"44962",2,15,17,15
"44963",2,10,12,11
"44964",2,15,17,16
"44965",25,17,42,40
"44966",2,17,19,18
"44967",20,20,40,20
"44968",18,18,36,18
"44969",16,13,29,27
"44970",11,34,45,44
"44971",17,28,45,43
"44972",16,13,29,28
"44973",16,16,32,16
"44974",8,3,11,8
"44975",7,3,10,8
"44976",3,10,13,12
"44977",2,38,40,38
"44978",24,38,62,59
"44979",1,5,6,5
"44980",8,3,11,10
"44981",2,12,14,12
"44982",2,9,11,10
"44983",6,6,12,11
"44984",23,23,46,23
"44985",3,2,5,3
"44986",1,39,40,39
"44987",5,17,22,18
"44988",4,25,29,27
"44989",9,48,57,54
"44990",14,33,47,46
"44991",4,7,11,10
"44992",1,5,6,5
"44993",1,13,14,13
"44994",1,4,5,4
"44995",9,6,15,13
"44996",10,31,41,39
"44997",2,7,9,8
"44998",4,6,10,8
"44999",2,32,34,33
"45000",5,1,6,5
"45001",1,28,29,28
"45002",2,8,10,9
"45003",11,2,13,12
"45004",9,9,18,9
"45005",1,14,15,14
"45006",15,23,38,35
"45007",3,20,23,20
"45008",1,1,2,1
"45009",1,10,11,10
"45010",2,14,16,15
"45011",2,2,4,3
"45012",2,9,11,10
"45013",5,13,18,17
"45014",1,1,2,1
"45015",7,1,8,7
"45016",1,18,19,18
"45017",15,14,29,27
"45018",3,18,21,20
"45019",5,36,41,39
"45020",2,26,28,26
"45021",17,5,22,20
"45022",1,6,7,6
"45023",2,6,8,6
"45024",4,2,6,5
"45025",2,13,15,14
"45026",2,15,17,16
"45027",3,16,19,16
"45028",2,15,17,16
"45029",6,29,35,33
"45030",3,3,6,3
"45031",1,27,28,27
"45032",4,12,16,15
"45033",2,5,7,6
"45034",6,12,18,16
"45035",7,43,50,49
"45036",6,6,12,6
"45037",9,26,35,34
"45038",8,36,44,42
"45039",1,3,4,3
"45040",4,27,31,30
"45041",1,17,18,17
"45042",2,32,34,32
"45043",2,11,13,11
"45044",9,12,21,19
"45045",2,11,13,12
"45046",4,1,5,4
"45047",2,22,24,23
"45048",9,176,185,183
"45049",9,7,16,15
"45050",3,11,14,11
"45051",14,7,21,20
"45052",5,45,50,48
"45053",33,1,34,33
"45054",1,24,25,24
"45055",2,10,12,11
"45056",1,34,35,34
"45057",2,16,18,16
"45058",1,13,14,13
"45059",1,26,27,26
"45060",1,1,2,1
"45061",5,11,16,11
"45062",5,28,33,31
"45063",14,1,15,14
"45064",1,6,7,6
"45065",8,22,30,29
"45066",1,2,3,2
"45067",7,4,11,10
"45068",5,5,10,5
"45069",21,2,23,21
"45070",10,10,20,10
"45071",2,1,3,2
"45072",3,1,4,3
"45073",1,2,3,2
"45074",2,21,23,21
"45075",1,4,5,4
"45076",4,22,26,25
"45077",1,19,20,19
"45078",2,6,8,6
"45079",3,10,13,11
"45080",11,5,16,14
"45081",1,37,38,37
"45082",17,56,73,68
"45083",29,30,59,57
"45084",11,13,24,23
"45085",16,7,23,20
"45086",10,10,20,10
"45087",8,21,29,28
"45088",2,4,6,4
"45089",4,26,30,28
"45090",2,16,18,17
"45091",1,24,25,24
"45092",1,1,2,1
"45093",1,6,7,6
"45094",1,10,11,10
"45095",1,3,4,3
"45096",2,4,6,5
"45097",1,29,30,29
"45098",3,23,26,24
"45099",1,4,5,4
"45100",25,10,35,34
"45101",1,1,2,1
"45102",3,33,36,35
"45103",3,4,7,6
"45104",1,9,10,9
"45105",4,36,40,38
"45106",3,12,15,14
"45107",5,22,27,24
"45108",6,29,35,33
"45109",19,66,85,80
"45110",6,3,9,6
"45111",1,2,3,2
"45112",6,23,29,28
"45113",1,3,4,3
"45114",7,14,21,20
"45115",1,6,7,6
"45116",1,1,2,1
"45117",4,18,22,21
"45118",5,36,41,39
"45119",1,8,9,8
"45120",1,3,4,3
"45121",1,18,19,18
"45122",2,4,6,4
"45123",9,21,30,28
"45124",3,6,9,8
"45125",2,21,23,21
"45126",10,25,35,33
"45127",1,19,20,19
"45128",16,14,30,27
"45129",21,38,59,57
"45130",4,21,25,23
"45131",4,7,11,9
"45132",5,23,28,27
"45133",2,6,8,6
"45134",2,18,20,18
"45135",2,26,28,26
"45136",1,4,5,4
"45137",1,13,14,13
"45138",2,4,6,5
"45139",4,32,36,34
"45140",2,17,19,18
"45141",3,38,41,40
"45142",8,7,15,13
"45143",27,35,62,60
"45144",14,29,43,41
"45145",1,5,6,5
"45146",2,12,14,13
"45147",8,12,20,17
"45148",2,33,35,33
"45149",6,2,8,7
"45150",1,2,3,2
"45151",4,29,33,29
"45152",2,3,5,4
"45153",5,5,10,8
"45154",2,11,13,11
"45155",4,10,14,13
"45156",2,37,39,38
"45157",6,6,12,6
"45158",81,9,90,89
"45159",1,11,12,11
"45160",3,51,54,51
"45161",3,22,25,24
"45162",3,5,8,7
"45163",1,1,2,1
"45164",2,15,17,16
"45165",2,1,3,2
"45166",1,11,12,11
"45167",5,8,13,12
"45168",21,35,56,52
"45169",15,18,33,30
"45170",5,16,21,19
"45171",5,24,29,26
"45172",1,13,14,13
"45173",7,7,14,13
"45174",4,26,30,29
"45175",3,13,16,14
"45176",9,6,15,13
"45177",8,37,45,42
"45178",5,4,9,5
"45179",5,16,21,18
"45180",3,17,20,17
"45181",3,25,28,27
"45182",3,12,15,14
"45183",1,10,11,10
"45184",9,6,15,12
"45185",7,31,38,36
"45186",2,5,7,6
"45187",1,26,27,26
"45188",7,4,11,10
"45189",6,25,31,29
"45190",2,4,6,4
"45191",3,10,13,10
"45192",13,66,79,74
"45193",3,13,16,15
"45194",4,4,8,7
"45195",31,176,207,203
"45196",1,43,44,43
"45197",1,1,2,1
"45198",1,2,3,2
"45199",1,7,8,7
"45200",1,4,5,4
"45201",3,17,20,19
"45202",7,15,22,20
"45203",1,9,10,9
"45204",1,29,30,29
"45205",4,12,16,13
"45206",3,4,7,6
"45207",4,22,26,24
"45208",1,33,34,33
"45209",22,176,198,186
"45210",2,4,6,5
"45211",32,32,64,32
"45212",36,28,64,62
"45213",7,16,23,22
"45214",1,5,6,5
"45215",2,33,35,33
"45216",1,4,5,4
"45217",19,3,22,21
"45218",6,33,39,37
"45219",30,48,78,77
"45220",4,16,20,18
"45221",1,37,38,37
"45222",2,40,42,40
"45223",6,5,11,9
"45224",1,18,19,18
"45225",1,9,10,9
"45226",11,1,12,11
"45227",14,23,37,34
"45228",1,7,8,7
"45229",1,26,27,26
"45230",1,26,27,26
"45231",1,2,3,2
"45232",3,19,22,20
"45233",1,3,4,3
"45234",1,2,3,2
"45235",14,32,46,43
"45236",15,5,20,19
"45237",2,4,6,5
"45238",2,1,3,2
"45239",5,23,28,27
"45240",1,23,24,23
"45241",1,3,4,3
"45242",7,15,22,19
"45243",1,1,2,1
"45244",6,19,25,23
"45245",7,12,19,16
"45246",1,6,7,6
"45247",5,15,20,19
"45248",1,1,2,1
"45249",13,13,26,13
"45250",6,11,17,15
"45251",2,18,20,19
"45252",4,27,31,28
"45253",2,9,11,9
"45254",3,2,5,4
"45255",1,4,5,4
"45256",1,7,8,7
"45257",1,17,18,17
"45258",7,27,34,31
"45259",11,11,22,11
"45260",15,24,39,33
"45261",4,53,57,55
"45262",4,17,21,19
"45263",13,22,35,34
"45264",7,30,37,34
"45265",29,8,37,36
"45266",3,10,13,11
"45267",3,20,23,20
"45268",1,18,19,18
"45269",1,12,13,12
"45270",4,19,23,20
"45271",1,5,6,5
"45272",1,19,20,19
"45273",6,25,31,29
"45274",5,11,16,15
"45275",1,33,34,33
"45276",1,9,10,9
"45277",1,5,6,5
"45278",9,19,28,22
"45279",1,3,4,3
"45280",2,14,16,15
"45281",21,21,42,21
"45282",21,39,60,58
"45283",1,7,8,7
"45284",5,28,33,31
"45285",4,12,16,13
"45286",6,18,24,21
"45287",1,9,10,9
"45288",2,9,11,10
"45289",1,5,6,5
"45290",18,3,21,20
"45291",3,13,16,14
"45292",7,8,15,13
"45293",19,17,36,33
"45294",15,2,17,15
"45295",12,28,40,39
"45296",2,12,14,13
"45297",6,6,12,6
"45298",3,7,10,9
"45299",2,8,10,8
"45300",2,1,3,2
"45301",1,17,18,17
"45302",2,25,27,25
"45303",3,10,13,11
"45304",1,6,7,6
"45305",1,22,23,22
"45306",5,26,31,29
"45307",4,12,16,13
"45308",6,11,17,15
"45309",6,13,19,17
"45310",5,14,19,17
"45311",1,9,10,9
"45312",22,22,44,22
"45313",7,2,9,7
"45314",11,1,12,11
"45315",1,3,4,3
"45316",1,19,20,19
"45317",1,12,13,12
"45318",15,23,38,35
"45319",4,26,30,29
"45320",1,1,2,1
"45321",11,12,23,21
"45322",6,4,10,6
"45323",8,30,38,36
"45324",4,26,30,28
"45325",2,5,7,5
"45326",3,4,7,6
"45327",12,14,26,23
"45328",7,12,19,18
"45329",1,2,3,2
"45330",3,4,7,6
"45331",2,26,28,27
"45332",3,17,20,19
"45333",1,17,18,17
"45334",2,10,12,10
"45335",1,13,14,13
"45336",6,8,14,13
"45337",2,16,18,17
"45338",3,4,7,4
"45339",5,38,43,41
"45340",15,32,47,46
"45341",9,14,23,20
"45342",10,30,40,37
"45343",12,5,17,13
"45344",5,36,41,39
"45345",13,3,16,15
"45346",11,5,16,15
"45347",12,2,14,13
"45348",1,9,10,9
"45349",3,5,8,7
"45350",1,7,8,7
"45351",2,14,16,14
"45352",1,1,2,1
"45353",5,5,10,9
"45354",10,13,23,22
"45355",24,10,34,30
"45356",3,11,14,12
"45357",10,43,53,50
"45358",4,14,18,16
"45359",21,2,23,21
"45360",7,8,15,14
"45361",1,11,12,11
"45362",3,3,6,4
"45363",2,3,5,3
"45364",3,3,6,5
"45365",4,18,22,21
"45366",2,31,33,31
"45367",4,19,23,22
"45368",5,5,10,6
"45369",14,5,19,18
"45370",3,12,15,12
"45371",13,2,15,13
"45372",27,45,72,69
"45373",4,10,14,13
"45374",5,17,22,20
"45375",4,4,8,4
"45376",1,1,2,1
"45377",1,10,11,10
"45378",4,13,17,13
"45379",18,43,61,59
"45380",6,9,15,14
"45381",1,18,19,18
"45382",1,11,12,11
"45383",3,13,16,13
"45384",8,23,31,30
"45385",10,29,39,35
"45386",5,29,34,31
"45387",6,11,17,15
"45388",2,2,4,2
"45389",17,7,24,21
"45390",4,8,12,10
"45391",1,2,3,2
"45392",2,21,23,22
"45393",3,12,15,14
"45394",2,32,34,32
"45395",2,24,26,25
"45396",1,25,26,25
"45397",23,51,74,73
"45398",3,30,33,31
"45399",6,7,13,11
"45400",1,29,30,29
"45401",2,31,33,32
"45402",6,22,28,26
"45403",32,2,34,32
"45404",1,9,10,9
"45405",1,4,5,4
"45406",1,1,2,1
"45407",2,23,25,24
"45408",3,21,24,21
"45409",2,26,28,27
"45410",4,51,55,54
"45411",4,48,52,51
"45412",2,11,13,11
"45413",18,36,54,53
"45414",3,1,4,3
"45415",36,36,72,36
"45416",2,12,14,13
"45417",2,10,12,11
"45418",4,13,17,16
"45419",1,8,9,8
"45420",8,31,39,38
"45421",9,16,25,24
"45422",6,4,10,8
"45423",1,6,7,6
"45424",9,51,60,57
"45425",5,17,22,21
"45426",7,26,33,30
"45427",1,13,14,13
"45428",4,4,8,4
"45429",31,31,62,31
"45430",16,38,54,52
"45431",1,7,8,7
"45432",4,10,14,10
"45433",1,12,13,12
"45434",1,3,4,3
"45435",2,6,8,7
"45436",3,15,18,17
"45437",5,36,41,40
"45438",4,22,26,22
"45439",1,3,4,3
"45440",1,16,17,16
"45441",20,14,34,33
"45442",2,1,3,2
"45443",1,22,23,22
"45444",2,28,30,28
"45445",34,176,210,206
"45446",3,4,7,6
"45447",8,11,19,15
"45448",1,1,2,1
"45449",2,10,12,10
"45450",2,13,15,14
"45451",1,34,35,34
"45452",11,13,24,23
"45453",1,2,3,2
"45454",2,4,6,5
"45455",1,24,25,24
"45456",1,10,11,10
"45457",5,23,28,27
"45458",4,2,6,4
"45459",6,47,53,51
"45460",2,9,11,9
"45461",1,22,23,22
"45462",3,5,8,7
"45463",1,7,8,7
"45464",2,1,3,2
"45465",2,23,25,23
"45466",17,24,41,38
"45467",17,24,41,38
"45468",4,16,20,18
"45469",6,8,14,13
"45470",2,13,15,14
"45471",9,3,12,11
"45472",1,10,11,10
"45473",1,1,2,1
"45474",31,31,62,31
"45475",8,2,10,9
"45476",6,1,7,6
"45477",4,21,25,23
"45478",5,19,24,22
"45479",3,14,17,15
"45480",1,31,32,31
"45481",3,17,20,19
"45482",5,10,15,13
"45483",13,4,17,16
"45484",1,15,16,15
"45485",1,24,25,24
"45486",3,11,14,12
"45487",1,10,11,10
"45488",3,5,8,7
"45489",19,25,44,42
"45490",1,1,2,1
"45491",3,3,6,5
"45492",13,19,32,30
"45493",4,32,36,35
"45494",1,10,11,10
"45495",9,9,18,9
"45496",1,19,20,19
"45497",5,5,10,5
"45498",3,4,7,5
"45499",3,10,13,10
"45500",9,9,18,9
"45501",5,25,30,29
"45502",1,8,9,8
"45503",3,31,34,31
"45504",3,19,22,19
"45505",1,5,6,5
"45506",1,17,18,17
"45507",2,26,28,26
"45508",2,4,6,4
"45509",2,22,24,22
"45510",3,10,13,10
"45511",7,21,28,27
"45512",19,66,85,80
"45513",2,30,32,30
"45514",1,1,2,1
"45515",9,2,11,10
"45516",12,3,15,14
"45517",7,11,18,17
"45518",3,6,9,6
"45519",6,4,10,8
"45520",18,1,19,18
"45521",1,10,11,10
"45522",8,27,35,34
"45523",3,18,21,20
"45524",1,8,9,8
"45525",3,9,12,11
"45526",1,2,3,2
"45527",4,41,45,42
"45528",12,43,55,52
"45529",2,12,14,12
"45530",3,7,10,9
"45531",1,7,8,7
"45532",11,2,13,12
"45533",7,1,8,7
"45534",5,5,10,9
"45535",5,28,33,32
"45536",22,176,198,186
"45537",34,34,68,34
"45538",11,11,22,11
"45539",1,1,2,1
"45540",2,25,27,26
"45541",1,1,2,1
"45542",2,31,33,32
"45543",11,9,20,19
"45544",1,6,7,6
"45545",1,4,5,4
"45546",1,26,27,26
"45547",1,14,15,14
"45548",4,14,18,17
"45549",15,32,47,44
"45550",2,11,13,12
"45551",1,7,8,7
"45552",7,9,16,14
"45553",12,21,33,30
"45554",4,1,5,4
"45555",12,4,16,14
"45556",4,13,17,16
"45557",5,10,15,11
"45558",9,11,20,17
"45559",1,10,11,10
"45560",6,56,62,60
"45561",1,45,46,45
"45562",5,5,10,5
"45563",1,11,12,11
"45564",10,27,37,36
"45565",9,38,47,46
"45566",2,28,30,28
"45567",1,2,3,2
"45568",4,43,47,46
"45569",2,24,26,25
"45570",14,27,41,40
"45571",1,2,3,2
"45572",1,17,18,17
"45573",1,12,13,12
"45574",1,5,6,5
"45575",1,8,9,8
"45576",15,36,51,48
"45577",1,2,3,2
"45578",1,5,6,5
"45579",11,11,22,11
"45580",8,47,55,54
"45581",6,19,25,21
"45582",1,18,19,18
"45583",3,31,34,33
"45584",9,3,12,10
"45585",2,22,24,22
"45586",3,2,5,3
"45587",13,66,79,74
"45588",4,16,20,18
"45589",4,17,21,20
"45590",3,40,43,41
"45591",47,47,94,47
"45592",5,1,6,5
"45593",1,3,4,3
"45594",25,6,31,30
"45595",1,1,2,1
"45596",2,11,13,12
"45597",6,12,18,14
"45598",1,26,27,26
"45599",1,45,46,45
"45600",2,10,12,10
"45601",5,2,7,6
"45602",15,23,38,35
"45603",2,16,18,16
"45604",1,8,9,8
"45605",2,25,27,26
"45606",21,21,42,41
"45607",5,27,32,30
"45608",6,32,38,37
"45609",23,23,46,23
"45610",3,32,35,32
"45611",6,6,12,6
"45612",3,22,25,24
"45613",3,10,13,11
"45614",1,1,2,1
"45615",14,32,46,42
"45616",1,3,4,3
"45617",12,8,20,19
"45618",2,52,54,53
"45619",1,1,2,1
"45620",5,7,12,11
"45621",15,32,47,44
"45622",3,19,22,21
"45623",3,10,13,10
"45624",1,8,9,8
"45625",10,18,28,27
"45626",3,20,23,20
"45627",1,1,2,1
"45628",1,2,3,2
"45629",1,2,3,2
"45630",2,6,8,6
"45631",1,3,4,3
"45632",1,25,26,25
"45633",1,2,3,2
"45634",5,8,13,11
"45635",2,29,31,29
"45636",6,30,36,35
"45637",3,7,10,8
"45638",1,12,13,12
"45639",2,15,17,15
"45640",7,30,37,34
"45641",14,16,30,28
"45642",40,40,80,40
"45643",7,4,11,10
"45644",2,26,28,26
"45645",6,6,12,6
"45646",2,3,5,3
"45647",9,18,27,26
"45648",6,6,12,6
"45649",2,15,17,15
"45650",1,8,9,8
"45651",3,34,37,35
"45652",5,26,31,30
"45653",1,1,2,1
"45654",1,15,16,15
"45655",3,13,16,14
"45656",2,12,14,12
"45657",3,3,6,5
"45658",7,2,9,8
"45659",2,23,25,23
"45660",9,18,27,24
"45661",3,6,9,7
"45662",2,42,44,43
"45663",4,18,22,20
"45664",5,34,39,38
"45665",3,31,34,31
"45666",8,8,16,8
"45667",13,13,26,13
"45668",13,21,34,32
"45669",21,4,25,23
"45670",6,2,8,7
"45671",2,10,12,10
"45672",2,8,10,8
"45673",1,10,11,10
"45674",2,3,5,3
"45675",2,4,6,5
"45676",8,22,30,28
"45677",14,51,65,63
"45678",3,9,12,10
"45679",9,6,15,13
"45680",1,3,4,3
"45681",8,13,21,19
"45682",13,39,52,48
"45683",1,1,2,1
"45684",3,21,24,21
"45685",19,66,85,80
"45686",1,10,11,10
"45687",21,21,42,21
"45688",1,7,8,7
"45689",8,24,32,28
"45690",7,10,17,15
"45691",1,26,27,26
"45692",3,5,8,6
"45693",1,3,4,3
"45694",5,11,16,11
"45695",2,6,8,6
"45696",5,5,10,5
"45697",16,14,30,29
"45698",7,26,33,31
"45699",36,36,72,36
"45700",1,35,36,35
"45701",9,22,31,28
"45702",7,7,14,7
"45703",2,27,29,27
"45704",1,11,12,11
"45705",3,12,15,13
"45706",6,42,48,47
"45707",1,8,9,8
"45708",1,43,44,43
"45709",5,27,32,31
"45710",3,30,33,31
"45711",3,30,33,32
"45712",5,36,41,38
"45713",2,1,3,2
"45714",16,14,30,26
"45715",12,14,26,23
"45716",14,1,15,14
"45717",6,11,17,15
"45718",2,1,3,2
"45719",7,12,19,16
"45720",3,38,41,40
"45721",9,9,18,9
"45722",1,1,2,1
"45723",1,17,18,17
"45724",5,18,23,22
"45725",1,7,8,7
"45726",14,1,15,14
"45727",1,36,37,36
"45728",13,20,33,32
"45729",6,27,33,31
"45730",5,1,6,5
"45731",1,5,6,5
"45732",6,5,11,10
"45733",3,32,35,34
"45734",1,15,16,15
"45735",1,11,12,11
"45736",12,32,44,43
"45737",3,13,16,14
"45738",7,11,18,17
"45739",4,3,7,6
"45740",11,19,30,29
"45741",1,10,11,10
"45742",4,7,11,8
"45743",30,30,60,30
"45744",1,1,2,1
"45745",36,36,72,36
"45746",28,25,53,50
"45747",2,2,4,3
"45748",1,13,14,13
"45749",1,11,12,11
"45750",1,3,4,3
"45751",5,5,10,9
"45752",3,7,10,9
"45753",1,1,2,1
"45754",1,26,27,26
"45755",3,13,16,14
"45756",29,3,32,31
"45757",3,51,54,53
"45758",3,7,10,9
"45759",9,29,38,36
"45760",7,26,33,30
"45761",9,25,34,31
"45762",1,81,82,81
"45763",5,19,24,23
"45764",17,2,19,17
"45765",5,5,10,5
"45766",5,5,10,5
"45767",11,12,23,21
"45768",3,36,39,37
"45769",3,13,16,15
"45770",11,10,21,18
"45771",3,26,29,27
"45772",1,1,2,1
"45773",1,27,28,27
"45774",6,19,25,24
"45775",11,22,33,32
"45776",13,32,45,44
"45777",6,13,19,17
"45778",3,21,24,21
"45779",18,18,36,18
"45780",2,3,5,4
"45781",6,12,18,16
"45782",7,14,21,20
"45783",14,16,30,28
"45784",10,10,20,10
"45785",5,1,6,5
"45786",21,1,22,21
"45787",2,32,34,32
"45788",15,32,47,44
"45789",15,36,51,48
"45790",15,9,24,23
"45791",2,31,33,31
"45792",2,21,23,21
"45793",1,11,12,11
"45794",1,5,6,5
"45795",1,19,20,19
"45796",4,21,25,21
"45797",1,11,12,11
"45798",2,1,3,2
"45799",1,6,7,6
"45800",7,6,13,10
"45801",1,32,33,32
"45802",2,18,20,19
"45803",3,9,12,11
"45804",8,36,44,43
"45805",4,4,8,4
"45806",13,13,26,13
"45807",2,2,4,2
"45808",5,3,8,7
"45809",9,1,10,9
"45810",4,26,30,26
"45811",1,4,5,4
"45812",1,1,2,1
"45813",1,14,15,14
"45814",2,10,12,11
"45815",4,19,23,20
"45816",5,19,24,22
"45817",2,2,4,3
"45818",2,7,9,8
"45819",7,43,50,49
"45820",1,4,5,4
"45821",1,1,2,1
"45822",1,11,12,11
"45823",1,14,15,14
"45824",5,34,39,38
"45825",9,14,23,20
"45826",5,11,16,15
"45827",5,1,6,5
"45828",27,27,54,27
"45829",2,14,16,14
"45830",2,10,12,10
"45831",2,29,31,29
"45832",2,24,26,25
"45833",3,7,10,9
"45834",1,13,14,13
"45835",1,3,4,3
"45836",1,8,9,8
"45837",2,1,3,2
"45838",1,24,25,24
"45839",2,19,21,20
"45840",19,3,22,21
"45841",8,14,22,21
"45842",3,3,6,3
"45843",39,2,41,40
"45844",5,3,8,5
"45845",2,19,21,19
"45846",4,1,5,4
"45847",3,23,26,25
"45848",1,6,7,6
"45849",3,47,50,48
"45850",23,5,28,25
"45851",3,2,5,3
"45852",2,14,16,14
"45853",13,13,26,13
"45854",13,13,26,13
"45855",25,25,50,25
"45856",7,7,14,7
"45857",5,24,29,27
"45858",1,1,2,1
"45859",36,14,50,48
"45860",4,4,8,4
"45861",17,17,34,17
"45862",23,23,46,23
"45863",1,1,2,1
"45864",3,20,23,21
"45865",6,11,17,16
"45866",2,12,14,13
"45867",10,13,23,22
"45868",2,7,9,7
"45869",1,17,18,17
"45870",9,6,15,14
"45871",1,2,3,2
"45872",8,51,59,56
"45873",8,24,32,31
"45874",7,22,29,28
"45875",3,11,14,13
"45876",1,14,15,14
"45877",12,38,50,49
"45878",2,8,10,8
"45879",1,2,3,2
"45880",4,36,40,38
"45881",7,7,14,7
"45882",20,20,40,20
"45883",6,17,23,20
"45884",2,3,5,3
"45885",1,19,20,19
"45886",3,13,16,15
"45887",1,11,12,11
"45888",1,47,48,47
"45889",8,8,16,15
"45890",6,9,15,13
"45891",3,28,31,28
"45892",11,15,26,25
"45893",3,1,4,3
"45894",2,12,14,12
"45895",2,20,22,21
"45896",1,23,24,23
"45897",5,9,14,13
"45898",1,9,10,9
"45899",1,1,2,1
"45900",16,14,30,26
"45901",7,7,14,7
"45902",28,32,60,58
"45903",3,28,31,29
"45904",12,3,15,12
"45905",3,3,6,3
"45906",1,4,5,4
"45907",3,13,16,15
"45908",4,4,8,7
"45909",1,26,27,26
"45910",5,1,6,5
"45911",20,35,55,52
"45912",8,31,39,37
"45913",1,5,6,5
"45914",1,19,20,19
"45915",2,5,7,5
"45916",3,12,15,14
"45917",3,27,30,28
"45918",1,9,10,9
"45919",16,16,32,16
"45920",8,1,9,8
"45921",4,15,19,15
"45922",22,22,44,22
"45923",10,10,20,10
"45924",25,25,50,46
"45925",14,5,19,18
"45926",2,14,16,14
"45927",4,5,9,7
"45928",4,4,8,4
"45929",1,3,4,3
"45930",2,1,3,2
"45931",5,11,16,15
"45932",2,28,30,29
"45933",3,28,31,29
"45934",5,17,22,20
"45935",3,34,37,35
"45936",1,14,15,14
"45937",1,5,6,5
"45938",24,6,30,29
"45939",8,8,16,8
"45940",2,2,4,2
"45941",31,31,62,31
"45942",1,1,2,1
"45943",3,18,21,20
"45944",1,5,6,5
"45945",6,10,16,15
"45946",3,13,16,14
"45947",25,4,29,28
"45948",2,25,27,26
"45949",2,15,17,16
"45950",6,14,20,18
"45951",1,2,3,2
"45952",2,22,24,22
"45953",7,1,8,7
"45954",1,1,2,1
"45955",2,5,7,5
"45956",1,1,2,1
"45957",3,32,35,33
"45958",3,51,54,51
"45959",2,25,27,25
"45960",4,13,17,16
"45961",6,22,28,27
"45962",2,6,8,7
"45963",2,22,24,23
"45964",2,27,29,27
"45965",51,53,104,101
"45966",19,19,38,19
"45967",1,18,19,18
"45968",7,7,14,7
"45969",42,6,48,45
"45970",5,10,15,14
"45971",11,32,43,42
"45972",3,3,6,4
"45973",4,3,7,6
"45974",9,28,37,36
"45975",1,8,9,8
"45976",1,31,32,31
"45977",1,12,13,12
"45978",3,25,28,27
"45979",3,10,13,12
"45980",1,1,2,1
"45981",2,22,24,22
"45982",1,8,9,8
"45983",24,24,48,24
"45984",3,5,8,5
"45985",19,24,43,42
"45986",24,24,48,24
"45987",16,16,32,16
"45988",4,4,8,4
"45989",4,4,8,4
"45990",6,34,40,36
"45991",6,10,16,15
"45992",28,28,56,28
"45993",4,32,36,35
"45994",1,1,2,1
"45995",5,24,29,26
"45996",1,1,2,1
"45997",4,38,42,40
"45998",3,1,4,3
"45999",3,13,16,14
"46000",13,28,41,40
"46001",35,1,36,35
"46002",12,43,55,52
"46003",5,17,22,21
"46004",3,2,5,4
"46005",4,23,27,24
"46006",1,10,11,10
"46007",1,11,12,11
"46008",2,4,6,5
"46009",1,1,2,1
"46010",26,26,52,26
"46011",13,13,26,13
"46012",15,15,30,15
"46013",11,10,21,20
"46014",22,22,44,22
"46015",16,6,22,19
"46016",32,32,64,32
"46017",5,1,6,5
"46018",1,1,2,1
"46019",3,31,34,31
"46020",2,23,25,24
"46021",9,17,26,25
"46022",1,7,8,7
"46023",2,8,10,9
"46024",25,14,39,38
"46025",6,2,8,7
"46026",1,3,4,3
"46027",11,12,23,19
"46028",1,23,24,23
"46029",8,15,23,21
"46030",4,12,16,13
"46031",3,4,7,5
"46032",19,19,38,19
"46033",10,43,53,50
"46034",40,40,80,40
"46035",2,2,4,2
"46036",3,25,28,27
"46037",4,3,7,5
"46038",48,15,63,62
"46039",3,3,6,3
"46040",22,11,33,31
"46041",15,36,51,48
"46042",2,17,19,17
"46043",1,1,2,1
"46044",6,47,53,51
"46045",1,24,25,24
"46046",1,9,10,9
"46047",1,27,28,27
"46048",1,26,27,26
"46049",1,14,15,14
"46050",1,9,10,9
"46051",5,11,16,14
"46052",1,16,17,16
"46053",3,21,24,22
"46054",27,17,44,43
"46055",6,10,16,15
"46056",3,4,7,5
"46057",2,2,4,2
"46058",2,3,5,4
"46059",10,13,23,21
"46060",17,25,42,40
"46061",32,32,64,32
"46062",1,4,5,4
"46063",4,34,38,37
"46064",1,1,2,1
"46065",10,26,36,34
"46066",5,11,16,13
"46067",5,11,16,13
"46068",3,6,9,8
"46069",2,23,25,23
"46070",2,23,25,23
"46071",2,42,44,42
"46072",13,19,32,30
"46073",2,32,34,33
"46074",14,33,47,45
"46075",1,29,30,29
"46076",12,1,13,12
"46077",4,22,26,24
"46078",26,26,52,26
"46079",18,18,36,18
"46080",20,20,40,20
"46081",12,10,22,20
"46082",3,9,12,10
"46083",1,9,10,9
"46084",2,32,34,32
"46085",2,12,14,12
"46086",3,16,19,16
"46087",3,3,6,5
"46088",7,9,16,14
"46089",3,1,4,3
"46090",23,5,28,25
"46091",2,4,6,4
"46092",6,23,29,27
"46093",2,28,30,28
"46094",6,42,48,47
"46095",17,18,35,34
"46096",7,7,14,13
"46097",16,7,23,22
"46098",1,1,2,1
"46099",9,3,12,11
"46100",9,2,11,10
"46101",3,27,30,28
"46102",4,26,30,26
"46103",7,34,41,37
"46104",11,10,21,18
"46105",1,28,29,28
"46106",1,3,4,3
"46107",6,9,15,13
"46108",1,1,2,1
"46109",2,2,4,2
"46110",5,17,22,20
"46111",9,4,13,10
"46112",3,26,29,28
"46113",19,28,47,45
"46114",5,26,31,30
"46115",1,3,4,3
"46116",2,51,53,51
"46117",1,5,6,5
"46118",3,13,16,15
"46119",6,1,7,6
"46120",6,12,18,16
"46121",30,17,47,45
"46122",1,1,2,1
"46123",25,25,50,25
"46124",1,1,2,1
"46125",14,14,28,14
"46126",8,8,16,8
"46127",11,11,22,11
"46128",3,3,6,3
"46129",5,5,10,9
"46130",12,1,13,12
"46131",4,17,21,20
"46132",3,10,13,10
"46133",1,26,27,26
"46134",6,3,9,8
"46135",2,10,12,11
"46136",4,3,7,6
"46137",3,42,45,44
"46138",9,22,31,30
"46139",2,41,43,41
"46140",1,3,4,3
"46141",11,19,30,28
"46142",6,14,20,18
"46143",1,2,3,2
"46144",3,47,50,48
"46145",14,32,46,45
"46146",1,42,43,42
"46147",34,9,43,42
"46148",14,22,36,34
"46149",3,12,15,12
"46150",1,21,22,21
"46151",1,2,3,2
"46152",3,7,10,9
"46153",7,7,14,7
"46154",13,13,26,13
"46155",3,28,31,28
"46156",2,31,33,32
"46157",3,19,22,20
"46158",2,25,27,26
"46159",2,25,27,25
"46160",1,6,7,6
"46161",19,25,44,42
"46162",10,28,38,37
"46163",39,11,50,43
"46164",2,9,11,10
"46165",2,1,3,2
"46166",2,2,4,3
"46167",1,38,39,38
"46168",10,32,42,41
"46169",11,53,64,63
"46170",12,12,24,12
"46171",2,5,7,6
"46172",6,34,40,36
"46173",23,7,30,28
"46174",2,20,22,20
"46175",6,19,25,24
"46176",2,36,38,37
"46177",7,7,14,7
"46178",27,27,54,27
"46179",2,2,4,2
"46180",14,3,17,16
"46181",2,22,24,22
"46182",1,34,35,34
"46183",4,16,20,19
"46184",2,30,32,30
"46185",8,6,14,13
"46186",14,19,33,29
"46187",2,21,23,22
"46188",2,13,15,14
"46189",1,22,23,22
"46190",16,4,20,19
"46191",2,4,6,5
"46192",1,9,10,9
"46193",1,1,2,1
"46194",4,23,27,26
"46195",7,38,45,44
"46196",3,51,54,51
"46197",4,3,7,6
"46198",9,8,17,15
"46199",20,4,24,22
"46200",25,1,26,25
"46201",7,1,8,7
"46202",3,11,14,13
"46203",7,34,41,39
"46204",9,15,24,23
"46205",6,9,15,13
"46206",21,19,40,39
"46207",3,3,6,5
"46208",15,2,17,15
"46209",1,26,27,26
"46210",1,42,43,42
"46211",17,7,24,23
"46212",23,5,28,25
"46213",22,30,52,49
"46214",8,51,59,56
"46215",1,42,43,42
"46216",19,19,38,19
"46217",17,17,34,17
"46218",5,39,44,40
"46219",1,1,2,1
"46220",2,3,5,4
"46221",1,11,12,11
"46222",3,31,34,31
"46223",3,7,10,9
"46224",1,8,9,8
"46225",8,22,30,28
"46226",1,1,2,1
"46227",3,11,14,12
"46228",1,6,7,6
"46229",1,1,2,1
"46230",1,12,13,12
"46231",4,38,42,38
"46232",14,32,46,42
"46233",20,35,55,52
"46234",2,11,13,11
"46235",2,12,14,12
"46236",2,11,13,11
"46237",2,31,33,31
"46238",7,10,17,15
"46239",2,14,16,15
"46240",6,13,19,18
"46241",38,4,42,40
"46242",21,32,53,50
"46243",1,10,11,10
"46244",1,8,9,8
"46245",11,19,30,28
"46246",3,15,18,16
"46247",6,4,10,9
"46248",1,5,6,5
"46249",1,6,7,6
"46250",1,22,23,22
"46251",2,19,21,20
"46252",3,21,24,22
"46253",34,32,66,65
"46254",6,17,23,21
"46255",3,5,8,6
"46256",2,13,15,14
"46257",1,24,25,24
"46258",1,6,7,6
"46259",1,3,4,3
"46260",1,23,24,23
"46261",4,1,5,4
"46262",29,3,32,30
"46263",5,5,10,5
"46264",4,14,18,17
"46265",2,7,9,7
"46266",2,11,13,11
"46267",2,14,16,15
"46268",1,14,15,14
"46269",1,11,12,11
"46270",1,2,3,2
"46271",5,11,16,11
"46272",5,31,36,35
"46273",8,19,27,25
"46274",13,169,182,178
"46275",3,14,17,16
"46276",1,13,14,13
"46277",1,10,11,10
"46278",4,17,21,18
"46279",2,9,11,9
"46280",1,1,2,1
"46281",1,14,15,14
"46282",2,3,5,4
"46283",2,25,27,26
"46284",11,11,22,11
"46285",21,15,36,35
"46286",4,5,9,8
"46287",3,3,6,5
"46288",3,3,6,3
"46289",4,42,46,44
"46290",4,51,55,54
"46291",2,33,35,33
"46292",1,23,24,23
"46293",5,19,24,19
"46294",24,16,40,39
"46295",11,7,18,16
"46296",4,14,18,17
"46297",4,4,8,7
"46298",9,21,30,29
"46299",1,4,5,4
"46300",4,27,31,28
"46301",17,1,18,17
"46302",1,23,24,23
"46303",1,11,12,11
"46304",2,23,25,24
"46305",24,24,48,24
"46306",2,1,3,2
"46307",1,1,2,1
"46308",3,1,4,3
"46309",1,38,39,38
"46310",16,31,47,45
"46311",1,9,10,9
"46312",17,3,20,19
"46313",20,20,40,20
"46314",1,22,23,22
"46315",7,33,40,39
"46316",5,39,44,40
"46317",1,15,16,15
"46318",2,7,9,7
"46319",1,10,11,10
"46320",2,12,14,13
"46321",1,14,15,14
"46322",3,3,6,3
"46323",11,11,22,11
"46324",1,2,3,2
"46325",29,43,72,71
"46326",2,8,10,9
"46327",4,22,26,24
"46328",1,2,3,2
"46329",6,2,8,7
"46330",34,19,53,52
"46331",2,14,16,15
"46332",9,4,13,12
"46333",43,28,71,70
"46334",1,7,8,7
"46335",36,17,53,50
"46336",2,29,31,29
"46337",4,17,21,20
"46338",1,16,17,16
"46339",23,23,46,23
"46340",7,7,14,7
"46341",1,1,2,1
"46342",15,7,22,21
"46343",2,2,4,2
"46344",1,3,4,3
"46345",2,13,15,14
"46346",2,18,20,19
"46347",1,26,27,26
"46348",10,6,16,15
"46349",2,9,11,9
"46350",4,3,7,6
"46351",10,17,27,25
"46352",5,25,30,29
"46353",1,24,25,24
"46354",10,36,46,43
"46355",15,21,36,35
"46356",3,26,29,26
"46357",9,9,18,9
"46358",1,1,2,1
"46359",17,17,34,17
"46360",22,26,48,47
"46361",22,22,44,22
"46362",8,8,16,15
"46363",17,2,19,18
"46364",5,18,23,22
"46365",1,27,28,27
"46366",12,43,55,52
"46367",1,24,25,24
"46368",1,13,14,13
"46369",1,19,20,19
"46370",1,23,24,23
"46371",1,17,18,17
"46372",23,30,53,50
"46373",4,53,57,56
"46374",1,12,13,12
"46375",1,8,9,8
"46376",1,1,2,1
"46377",2,2,4,2
"46378",10,2,12,11
"46379",12,13,25,24
"46380",9,9,18,9
"46381",9,9,18,9
"46382",4,11,15,14
"46383",1,5,6,5
"46384",1,7,8,7
"46385",9,23,32,31
"46386",2,8,10,9
"46387",13,33,46,44
"46388",1,8,9,8
"46389",1,2,3,2
"46390",1,2,3,2
"46391",2,15,17,16
"46392",1,17,18,17
"46393",3,24,27,26
"46394",21,44,65,63
"46395",2,12,14,12
"46396",2,21,23,21
"46397",1,23,24,23
"46398",5,7,12,9
"46399",1,15,16,15
"46400",2,7,9,8
"46401",2,2,4,3
"46402",2,17,19,18
"46403",3,27,30,27
"46404",1,9,10,9
"46405",2,43,45,43
"46406",4,18,22,21
"46407",1,21,22,21
"46408",19,4,23,22
"46409",7,22,29,28
"46410",24,29,53,50
"46411",6,17,23,21
"46412",1,14,15,14
"46413",9,21,30,28
"46414",1,1,2,1
"46415",3,21,24,22
"46416",4,18,22,21
"46417",53,51,104,101
"46418",5,5,10,5
"46419",42,42,84,42
"46420",4,5,9,7
"46421",3,21,24,22
"46422",2,5,7,6
"46423",1,16,17,16
"46424",1,16,17,16
"46425",4,26,30,26
"46426",36,17,53,50
"46427",2,7,9,7
"46428",9,12,21,20
"46429",17,32,49,47
"46430",1,23,24,23
"46431",11,31,42,41
"46432",1,22,23,22
"46433",15,4,19,17
"46434",3,5,8,5
"46435",8,51,59,56
"46436",14,5,19,18
"46437",1,12,13,12
"46438",3,1,4,3
"46439",35,9,44,42
"46440",6,6,12,6
"46441",1,1,2,1
"46442",1,28,29,28
"46443",1,5,6,5
"46444",1,16,17,16
"46445",1,12,13,12
"46446",22,16,38,37
"46447",18,32,50,49
"46448",1,5,6,5
"46449",11,1,12,11
"46450",11,3,14,12
"46451",15,10,25,23
"46452",2,2,4,3
"46453",2,34,36,35
"46454",24,31,55,54
"46455",1,2,3,2
"46456",1,6,7,6
"46457",5,12,17,15
"46458",1,3,4,3
"46459",1,8,9,8
"46460",19,6,25,24
"46461",6,27,33,31
"46462",3,11,14,11
"46463",7,27,34,33
"46464",1,14,15,14
"46465",1,3,4,3
"46466",2,16,18,16
"46467",2,4,6,5
"46468",5,19,24,22
"46469",2,6,8,6
"46470",1,11,12,11
"46471",1,17,18,17
"46472",3,19,22,20
"46473",1,6,7,6
"46474",1,19,20,19
"46475",3,9,12,10
"46476",1,1,2,1
"46477",1,15,16,15
"46478",3,4,7,6
"46479",2,33,35,33
"46480",13,13,26,13
"46481",1,6,7,6
"46482",34,34,68,34
"46483",1,1,2,1
"46484",3,5,8,6
"46485",4,2,6,5
"46486",9,38,47,45
"46487",5,38,43,42
"46488",1,2,3,2
"46489",5,18,23,21
"46490",2,10,12,10
"46491",6,4,10,9
"46492",8,51,59,58
"46493",32,32,64,32
"46494",6,23,29,27
"46495",2,22,24,22
"46496",3,6,9,7
"46497",1,1,2,1
"46498",8,8,16,8
"46499",1,1,2,1
"46500",2,1,3,2
"46501",2,5,7,5
"46502",14,3,17,15
"46503",10,1,11,10
"46504",10,9,19,17
"46505",10,24,34,32
"46506",7,34,41,37
"46507",7,51,58,56
"46508",2,43,45,44
"46509",1,1,2,1
"46510",47,47,94,47
"46511",2,2,4,2
"46512",35,1,36,35
"46513",1,1,2,1
"46514",2,10,12,11
"46515",15,6,21,20
"46516",2,10,12,10
"46517",1,4,5,4
"46518",18,23,41,39
"46519",2,6,8,7
"46520",2,32,34,33
"46521",4,22,26,25
"46522",24,29,53,52
"46523",11,8,19,16
"46524",11,8,19,16
"46525",22,22,44,22
"46526",17,17,34,17
"46527",18,5,23,22
"46528",5,48,53,52
"46529",3,3,6,3
"46530",1,10,11,10
"46531",1,31,32,31
"46532",3,4,7,6
"46533",3,4,7,6
"46534",2,18,20,19
"46535",1,8,9,8
"46536",9,47,56,55
"46537",1,10,11,10
"46538",1,4,5,4
"46539",1,12,13,12
"46540",6,1,7,6
"46541",1,2,3,2
"46542",16,16,32,16
"46543",26,26,52,26
"46544",8,7,15,14
"46545",1,4,5,4
"46546",6,19,25,23
"46547",2,8,10,8
"46548",1,5,6,5
"46549",3,6,9,7
"46550",1,29,30,29
"46551",19,53,72,70
"46552",2,21,23,21
"46553",8,10,18,16
"46554",1,3,4,3
"46555",3,19,22,20
"46556",1,17,18,17
"46557",1,2,3,2
"46558",1,1,2,1
"46559",19,19,38,19
"46560",12,12,24,12
"46561",1,3,4,3
"46562",1,43,44,43
"46563",2,10,12,10
"46564",1,19,20,19
"46565",30,18,48,47
"46566",3,10,13,10
"46567",1,27,28,27
"46568",1,7,8,7
"46569",3,6,9,8
"46570",1,4,5,4
"46571",24,11,35,34
"46572",2,10,12,10
"46573",19,6,25,24
"46574",4,1,5,4
"46575",22,22,44,22
"46576",2,2,4,2
"46577",12,12,24,12
"46578",10,9,19,17
"46579",9,25,34,33
"46580",3,13,16,14
"46581",1,4,5,4
"46582",2,5,7,6
"46583",1,14,15,14
"46584",3,25,28,26
"46585",1,10,11,10
"46586",1,26,27,26
"46587",2,6,8,7
"46588",2,7,9,7
"46589",4,1,5,4
"46590",3,15,18,16
"46591",1,25,26,25
"46592",5,25,30,29
"46593",30,14,44,43
"46594",3,1,4,3
"46595",6,6,12,6
"46596",10,10,20,10
"46597",25,2,27,25
"46598",8,8,16,8
"46599",2,10,12,11
"46600",1,27,28,27
"46601",3,20,23,20
"46602",29,16,45,44
"46603",9,13,22,21
"46604",5,19,24,19
"46605",5,19,24,19
"46606",3,5,8,7
"46607",1,11,12,11
"46608",8,31,39,38
"46609",6,7,13,12
"46610",19,1,20,19
"46611",1,3,4,3
"46612",1,1,2,1
"46613",1,29,30,29
"46614",3,21,24,22
"46615",1,1,2,1
"46616",1,21,22,21
"46617",9,38,47,45
"46618",3,5,8,7
"46619",51,51,102,51
"46620",5,5,10,5
"46621",2,2,4,2
"46622",2,14,16,15
"46623",2,2,4,3
"46624",4,9,13,12
"46625",17,1,18,17
"46626",6,17,23,21
"46627",6,17,23,21
"46628",36,17,53,50
"46629",2,10,12,11
"46630",1,26,27,26
"46631",1,1,2,1
"46632",1,6,7,6
"46633",1,14,15,14
"46634",3,2,5,3
"46635",1,4,5,4
"46636",1,24,25,24
"46637",24,12,36,35
"46638",4,36,40,38
"46639",6,16,22,20
"46640",4,4,8,4
"46641",16,16,32,16
"46642",15,15,30,15
"46643",10,10,20,10
"46644",47,4,51,50
"46645",7,13,20,18
"46646",1,1,2,1
"46647",2,5,7,6
"46648",1,10,11,10
"46649",6,1,7,6
"46650",1,3,4,3
"46651",21,2,23,21
"46652",8,7,15,14
"46653",32,32,64,32
"46654",11,32,43,41
"46655",1,13,14,13
"46656",1,2,3,2
"46657",13,12,25,23
"46658",1,16,17,16
"46659",16,7,23,22
"46660",1,1,2,1
"46661",2,2,4,2
"46662",17,17,34,17
"46663",5,5,10,5
"46664",1,12,13,12
"46665",1,3,4,3
"46666",2,13,15,14
"46667",7,27,34,32
"46668",2,14,16,14
"46669",29,1,30,29
"46670",6,26,32,28
"46671",2,2,4,3
"46672",4,39,43,42
"46673",5,39,44,43
"46674",1,5,6,5
"46675",1,32,33,32
"46676",9,23,32,31
"46677",5,34,39,36
"46678",2,2,4,2
"46679",2,1,3,2
"46680",1,5,6,5
"46681",2,8,10,8
"46682",4,18,22,20
"46683",3,18,21,20
"46684",1,7,8,7
"46685",1,5,6,5
"46686",1,5,6,5
"46687",7,21,28,27
"46688",20,51,71,70
"46689",1,10,11,10
"46690",22,21,43,41
"46691",2,24,26,25
"46692",3,25,28,27
"46693",1,7,8,7
"46694",4,22,26,24
"46695",3,21,24,23
"46696",1,1,2,1
"46697",7,7,14,7
"46698",17,17,34,17
"46699",5,5,10,5
"46700",14,25,39,38
"46701",25,1,26,25
"46702",7,7,14,13
"46703",1,13,14,13
"46704",1,10,11,10
"46705",4,31,35,33
"46706",5,38,43,41
"46707",1,51,52,51
"46708",1,12,13,12
"46709",1,8,9,8
"46710",14,42,56,55
"46711",1,2,3,2
"46712",19,23,42,41
"46713",2,24,26,25
"46714",34,17,51,50
"46715",5,4,9,8
"46716",14,14,28,14
"46717",81,81,162,81
"46718",12,12,24,12
"46719",17,21,38,37
"46720",3,3,6,4
"46721",9,1,10,9
"46722",6,6,12,6
"46723",4,6,10,8
"46724",6,13,19,18
"46725",1,42,43,42
"46726",3,10,13,10
"46727",6,34,40,36
"46728",2,31,33,31
"46729",5,1,6,5
"46730",1,2,3,2
"46731",1,2,3,2
"46732",4,36,40,36
"46733",3,6,9,7
"46734",1,1,2,1
"46735",2,19,21,20
"46736",1,6,7,6
"46737",2,2,4,2
"46738",10,10,20,10
"46739",33,19,52,51
"46740",9,9,18,9
"46741",1,9,10,9
"46742",4,6,10,8
"46743",14,1,15,14
"46744",1,3,4,3
"46745",1,3,4,3
"46746",1,30,31,30
"46747",2,51,53,51
"46748",1,5,6,5
"46749",10,11,21,20
"46750",1,53,54,53
"46751",4,9,13,10
"46752",1,19,20,19
"46753",1,4,5,4
"46754",3,9,12,10
"46755",2,3,5,4
"46756",7,1,8,7
"46757",13,13,26,13
"46758",9,9,18,9
"46759",24,24,48,24
"46760",1,1,2,1
"46761",13,2,15,14
"46762",2,3,5,4
"46763",3,3,6,5
"46764",1,31,32,31
"46765",3,25,28,26
"46766",5,5,10,5
"46767",6,2,8,7
"46768",4,5,9,8
"46769",2,9,11,9
"46770",1,4,5,4
"46771",8,6,14,13
"46772",4,4,8,4
"46773",4,38,42,38
"46774",1,12,13,12
"46775",30,34,64,62
"46776",4,4,8,7
"46777",1,45,46,45
"46778",2,2,4,2
"46779",10,1,11,10
"46780",21,3,24,22
"46781",13,33,46,44
"46782",14,11,25,23
"46783",17,17,34,17
"46784",1,16,17,16
"46785",1,1,2,1
"46786",1,2,3,2
"46787",4,3,7,6
"46788",3,10,13,12
"46789",1,1,2,1
"46790",11,1,12,11
"46791",1,13,14,13
"46792",4,26,30,29
"46793",8,6,14,12
"46794",2,24,26,25
"46795",2,10,12,10
"46796",7,23,30,29
"46797",1,8,9,8
"46798",1,5,6,5
"46799",24,30,54,53
"46800",1,17,18,17
"46801",1,8,9,8
"46802",1,1,2,1
"46803",1,3,4,3
"46804",2,2,4,2
"46805",26,26,52,26
"46806",6,5,11,10
"46807",8,8,16,8
"46808",16,16,32,16
"46809",15,10,25,23
"46810",6,1,7,6
"46811",5,15,20,19
"46812",2,1,3,2
"46813",3,11,14,13
"46814",1,28,29,28
"46815",14,29,43,41
"46816",13,23,36,35
"46817",2,5,7,5
"46818",1,4,5,4
"46819",2,8,10,9
"46820",1,31,32,31
"46821",3,1,4,3
"46822",3,3,6,3
"46823",8,20,28,27
"46824",1,7,8,7
"46825",5,2,7,6
"46826",1,1,2,1
"46827",1,11,12,11
"46828",31,31,62,31
"46829",5,5,10,5
"46830",2,2,4,2
"46831",3,6,9,8
"46832",1,31,32,31
"46833",8,16,24,23
"46834",1,10,11,10
"46835",7,18,25,24
"46836",1,1,2,1
"46837",5,13,18,17
"46838",2,13,15,14
"46839",5,4,9,8
"46840",3,20,23,20
"46841",1,6,7,6
"46842",3,29,32,31
"46843",1,2,3,2
"46844",32,32,64,32
"46845",5,3,8,7
"46846",1,2,3,2
"46847",15,27,42,41
"46848",11,26,37,35
"46849",10,1,11,10
"46850",2,7,9,8
"46851",2,11,13,12
"46852",3,3,6,3
"46853",9,9,18,9
"46854",19,5,24,19
"46855",22,3,25,24
"46856",8,2,10,8
"46857",21,31,52,51
"46858",19,1,20,19
"46859",7,27,34,32
"46860",17,32,49,47
"46861",1,8,9,8
"46862",2,32,34,33
"46863",24,23,47,46
"46864",3,1,4,3
"46865",4,6,10,9
"46866",22,30,52,49
"46867",9,6,15,14
"46868",1,29,30,29
"46869",1,26,27,26
"46870",11,26,37,36
"46871",1,1,2,1
"46872",2,1,3,2
"46873",1,1,2,1
"46874",3,7,10,8
"46875",2,2,4,3
"46876",1,1,2,1
"46877",8,8,16,8
"46878",3,3,6,3
"46879",23,23,46,23
"46880",9,18,27,26
"46881",7,7,14,7
"46882",2,3,5,4
"46883",1,5,6,5
"46884",10,22,32,31
"46885",2,1,3,2
"46886",1,14,15,14
"46887",1,6,7,6
"46888",1,1,2,1
"46889",1,3,4,3
"46890",1,18,19,18
"46891",24,2,26,25
"46892",6,1,7,6
"46893",5,2,7,6
"46894",6,32,38,36
"46895",10,5,15,14
"46896",2,3,5,4
"46897",11,8,19,16
"46898",2,9,11,10
"46899",1,2,3,2
"46900",17,17,34,17
"46901",11,4,15,13
"46902",9,9,18,9
"46903",9,24,33,32
"46904",3,31,34,31
"46905",6,22,28,27
"46906",1,3,4,3
"46907",1,1,2,1
"46908",2,5,7,6
"46909",1,11,12,11
"46910",3,6,9,7
"46911",2,6,8,6
"46912",3,12,15,14
"46913",1,1,2,1
"46914",15,23,38,37
"46915",2,19,21,19
"46916",24,4,28,27
"46917",3,66,69,68
"46918",2,43,45,44
"46919",1,2,3,2
"46920",5,5,10,8
"46921",8,5,13,10
"46922",2,1,3,2
"46923",11,27,38,37
"46924",1,1,2,1
"46925",10,3,13,10
"46926",1,2,3,2
"46927",1,2,3,2
"46928",2,1,3,2
"46929",1,19,20,19
"46930",2,28,30,28
"46931",1,26,27,26
"46932",1,1,2,1
"46933",2,1,3,2
"46934",7,5,12,11
"46935",1,8,9,8
"46936",1,7,8,7
"46937",4,1,5,4
"46938",1,1,2,1
"46939",3,6,9,7
"46940",2,53,55,53
"46941",19,53,72,70
"46942",24,24,48,47
"46943",2,5,7,5
"46944",9,15,24,22
"46945",5,4,9,8
"46946",2,16,18,16
"46947",32,32,64,32
"46948",4,4,8,4
"46949",1,22,23,22
"46950",3,11,14,11
"46951",1,1,2,1
"46952",1,3,4,3
"46953",3,27,30,28
"46954",1,4,5,4
"46955",23,33,56,55
"46956",4,10,14,12
"46957",2,2,4,3
"46958",3,32,35,33
"46959",8,37,45,43
"46960",2,7,9,8
"46961",30,1,31,30
"46962",5,3,8,7
"46963",6,29,35,32
"46964",1,29,30,29
"46965",1,4,5,4
"46966",2,5,7,5
"46967",1,1,2,1
"46968",6,7,13,12
"46969",3,2,5,4
"46970",26,9,35,34
"46971",12,2,14,12
"46972",4,2,6,5
"46973",2,16,18,17
"46974",1,2,3,2
"46975",10,6,16,15
"46976",6,19,25,23
"46977",2,2,4,3
"46978",1,7,8,7
"46979",3,2,5,4
"46980",1,25,26,25
"46981",1,7,8,7
"46982",11,13,24,23
"46983",1,1,2,1
"46984",1,18,19,18
"46985",1,14,15,14
"46986",21,24,45,44
"46987",1,1,2,1
"46988",4,1,5,4
"46989",2,9,11,9
"46990",8,8,16,8
"46991",1,1,2,1
"46992",3,1,4,3
"46993",4,18,22,20
"46994",5,2,7,6
"46995",5,9,14,12
"46996",1,22,23,22
"46997",3,13,16,14
"46998",1,1,2,1
"46999",22,21,43,41
"47000",2,15,17,15
"47001",1,1,2,1
"47002",1,17,18,17
"47003",8,5,13,10
"47004",12,3,15,14
"47005",1,10,11,10
"47006",11,26,37,35
"47007",1,1,2,1
"47008",1,9,10,9
"47009",7,3,10,8
"47010",1,13,14,13
"47011",3,25,28,27
"47012",4,28,32,31
"47013",4,18,22,21
"47014",1,19,20,19
"47015",2,17,19,18
"47016",2,2,4,2
"47017",1,8,9,8
"47018",1,32,33,32
"47019",1,2,3,2
"47020",1,3,4,3
"47021",3,3,6,3
"47022",1,1,2,1
"47023",23,2,25,24
"47024",2,26,28,26
"47025",2,12,14,13
"47026",1,3,4,3
"47027",5,15,20,18
"47028",2,13,15,14
"47029",5,12,17,15
"47030",1,7,8,7
"47031",9,6,15,12
"47032",23,23,46,23
"47033",1,11,12,11
"47034",1,47,48,47
"47035",1,1,2,1
"47036",1,2,3,2
"47037",11,1,12,11
"47038",1,1,2,1
"47039",1,32,33,32
"47040",1,17,18,17
"47041",1,5,6,5
"47042",4,27,31,30
"47043",3,14,17,16
"47044",2,1,3,2
"47045",3,8,11,10
"47046",1,1,2,1
"47047",1,2,3,2
"47048",1,4,5,4
"47049",1,1,2,1
"47050",1,1,2,1
"47051",4,22,26,24
"47052",4,19,23,19
"47053",11,11,22,11
"47054",1,23,24,23
"47055",1,9,10,9
"47056",3,1,4,3
"47057",1,16,17,16
"47058",3,6,9,7
"47059",1,3,4,3
"47060",2,19,21,19
"47061",1,1,2,1
"47062",1,2,3,2
"47063",4,3,7,6
"47064",1,2,3,2
"47065",2,11,13,12
"47066",1,13,14,13
"47067",44,25,69,68
"47068",1,1,2,1
"47069",3,10,13,12
"47070",2,38,40,39
"47071",3,18,21,18
"47072",1,25,26,25
"47073",1,3,4,3
"47074",6,2,8,7
"47075",1,1,2,1
"47076",1,1,2,1
"47077",33,22,55,54
"47078",8,6,14,13
"47079",2,6,8,7
"47080",1,17,18,17
"47081",5,2,7,6
"47082",1,2,3,2
"47083",3,3,6,5
"47084",1,14,15,14
"47085",14,5,19,18
"47086",1,6,7,6
"47087",5,13,18,16
"47088",5,13,18,16
"47089",6,7,13,12
"47090",2,1,3,2
"47091",1,17,18,17
"47092",1,7,8,7
"47093",1,1,2,1
"47094",3,17,20,17
"47095",1,4,5,4
"47096",5,1,6,5
"47097",1,4,5,4
"47098",6,1,7,6
"47099",2,15,17,16
"47100",1,2,3,2
"47101",1,4,5,4
"47102",1,4,5,4
"47103",1,3,4,3
"47104",1,6,7,6
"47105",1,2,3,2
"47106",1,2,3,2
"47107",1,3,4,3
"47108",2,3,5,4
"47109",4,6,10,9
"47110",3,13,16,14
"47111",2,1,3,2
"47112",4,1,5,4
"47113",4,6,10,8
"47114",2,1,3,2
"47115",4,21,25,21
"47116",1,3,4,3
"47117",1,20,21,20
"47118",1,4,5,4
"47119",1,3,4,3
"47120",1,1,2,1
"47121",2,6,8,7
"47122",1,4,5,4
"47123",2,3,5,4
"47124",1,11,12,11
"47125",2,3,5,3
"47126",1,2,3,2
"47127",1,9,10,9
"47128",1,6,7,6
"47129",1,17,18,17
"47130",2,5,7,6
"47131",2,6,8,7
"47132",3,1,4,3
"47133",6,7,13,11
"47134",3,2,5,4
"47135",1,1,2,1
"47136",2,11,13,12
"47137",1,1,2,1
"47138",1,4,5,4
"47139",5,2,7,6
"47140",1,5,6,5
"47141",11,4,15,11
"47142",1,10,11,10
"47143",1,4,5,4
"47144",3,14,17,16
"47145",2,12,14,13
"47146",2,4,6,5
"47147",4,7,11,10
"47148",1,1,2,1
"47149",2,3,5,4
"47150",1,6,7,6
"47151",5,1,6,5
"47152",1,6,7,6
"47153",1,1,2,1
"47154",3,4,7,4
"47155",2,12,14,13
"47156",3,21,24,23
"47157",1,7,8,7
"47158",2,2,4,2
"47159",1,4,5,4
"47160",1,7,8,7
"47161",1,7,8,7
"47162",4,9,13,12
"47163",3,40,43,40
"47164",2,18,20,18
"47165",1,2,3,2
"47166",1,1,2,1
"47167",1,8,9,8
"47168",1,1,2,1
"47169",1,6,7,6
"47170",1,11,12,11
"47171",1,22,23,22
"47172",1,5,6,5
"47173",1,12,13,12
"47174",1,2,3,2
"47175",3,4,7,6
"47176",1,4,5,4
"47177",1,6,7,6
"47178",2,14,16,15
"47179",2,15,17,15
"47180",8,8,16,8
"47181",15,5,20,19
"47182",10,2,12,11
"47183",6,3,9,7
"47184",2,3,5,4
"47185",3,4,7,5
"47186",7,1,8,7
"47187",8,8,16,8
"47188",5,5,10,5
"47189",7,6,13,12
"47190",15,15,30,15
"47191",1,22,23,22
"47192",8,2,10,9
"47193",36,16,52,51
"47194",6,1,7,6
"47195",4,1,5,4
"47196",5,8,13,12
"47197",3,4,7,5
"47198",4,7,11,9
"47199",1,6,7,6
"47200",1,1,2,1
"47201",6,4,10,9
"47202",1,8,9,8
"47203",2,7,9,8
"47204",6,10,16,14
"47205",1,16,17,16
"47206",1,11,12,11
"47207",1,8,9,8
"47208",3,5,8,7
"47209",1,6,7,6
"47210",1,22,23,22
"47211",2,4,6,5
"47212",1,1,2,1
"47213",1,16,17,16
"47214",4,3,7,5
"47215",2,14,16,14
"47216",1,1,2,1
"47217",2,6,8,7
"47218",4,5,9,6
"47219",3,7,10,9
"47220",4,7,11,10
"47221",2,1,3,2
"47222",1,1,2,1
"47223",1,3,4,3
"47224",1,6,7,6
"47225",1,15,16,15
"47226",1,4,5,4
"47227",1,9,10,9
"47228",1,7,8,7
"47229",2,4,6,5
"47230",2,23,25,23
"47231",1,2,3,2
"47232",1,4,5,4
"47233",1,16,17,16
"47234",2,25,27,25
"47235",4,21,25,21
"47236",1,1,2,1
"47237",5,27,32,27
"47238",1,1,2,1
"47239",1,1,2,1
"47240",2,11,13,12
"47241",1,6,7,6
"47242",2,10,12,11
"47243",6,29,35,31
"47244",1,34,35,34
"47245",2,4,6,5
"47246",1,5,6,5
"47247",2,5,7,6
"47248",8,35,43,38
"47249",1,2,3,2
"47250",8,42,50,48
"47251",1,8,9,8
"47252",1,1,2,1
"47253",1,1,2,1
"47254",1,20,21,20
"47255",2,2,4,3
"47256",5,15,20,17
"47257",1,20,21,20
"47258",2,5,7,6
"47259",1,2,3,2
"47260",1,9,10,9
"47261",1,1,2,1
"47262",1,1,2,1
"47263",3,20,23,21
"47264",3,1,4,3
"47265",3,1,4,3
"47266",1,6,7,6
"47267",6,28,34,32
"47268",1,7,8,7
"47269",1,1,2,1
"47270",2,6,8,7
"47271",1,5,6,5
"47272",5,29,34,30
"47273",1,1,2,1
"47274",1,3,4,3
"47275",2,6,8,6
"47276",1,2,3,2
"47277",3,7,10,7
"47278",1,10,11,10
"47279",10,35,45,42
"47280",1,3,4,3
"47281",7,6,13,10
"47282",4,61,65,63
"47283",10,19,29,20
"47284",1,12,13,12
"47285",2,16,18,16
"47286",3,1,4,3
"47287",3,5,8,5
"47288",1,3,4,3
"47289",3,3,6,4
"47290",3,169,172,171
"47291",1,28,29,28
"47292",2,20,22,21
"47293",1,42,43,42
"47294",1,13,14,13
"47295",3,11,14,13
"47296",7,7,14,7
"47297",3,5,8,5
"47298",11,1,12,11
"47299",3,3,6,3
"47300",1,1,2,1
"47301",11,2,13,11
"47302",4,11,15,12
"47303",1,8,9,8
"47304",1,13,14,13
"47305",6,20,26,25
"47306",1,4,5,4
"47307",1,13,14,13
"47308",3,16,19,17
"47309",1,1,2,1
"47310",1,3,4,3
"47311",3,12,15,14
"47312",2,16,18,16
"47313",6,9,15,12
"47314",1,9,10,9
"47315",1,29,30,29
"47316",16,1,17,16
"47317",2,8,10,8
"47318",11,11,22,11
"47319",3,22,25,22
"47320",1,11,12,11
"47321",4,5,9,8
"47322",1,6,7,6
"47323",12,36,48,44
"47324",4,17,21,20
"47325",1,22,23,22
"47326",7,35,42,40
"47327",7,35,42,40
"47328",4,4,8,4
"47329",1,4,5,4
"47330",5,29,34,32
"47331",2,1,3,2
"47332",4,4,8,4
"47333",3,3,6,3
"47334",10,36,46,42
"47335",3,39,42,41
"47336",5,6,11,9
"47337",4,28,32,29
"47338",10,7,17,16
"47339",16,3,19,18
"47340",1,1,2,1
"47341",2,61,63,61
"47342",3,61,64,62
"47343",3,24,27,25
"47344",1,5,6,5
"47345",1,4,5,4
"47346",1,6,7,6
"47347",4,46,50,48
"47348",1,2,3,2
"47349",2,5,7,5
"47350",10,11,21,20
"47351",2,6,8,6
"47352",1,18,19,18
"47353",1,1,2,1
"47354",1,12,13,12
"47355",2,5,7,6
"47356",1,5,6,5
"47357",2,16,18,17
"47358",1,3,4,3
"47359",1,2,3,2
"47360",1,11,12,11
"47361",3,6,9,8
"47362",3,11,14,13
"47363",2,16,18,16
"47364",1,1,2,1
"47365",3,11,14,11
"47366",2,9,11,10
"47367",1,1,2,1
"47368",1,4,5,4
"47369",1,13,14,13
"47370",1,7,8,7
"47371",1,7,8,7
"47372",3,16,19,18
"47373",3,4,7,6
"47374",1,15,16,15
"47375",3,26,29,26
"47376",1,2,3,2
"47377",4,2,6,5
"47378",1,1,2,1
"47379",5,7,12,9
"47380",2,61,63,61
"47381",1,2,3,2
"47382",1,25,26,25
"47383",4,5,9,8
"47384",2,21,23,21
"47385",2,4,6,5
"47386",1,7,8,7
"47387",2,2,4,3
"47388",2,2,4,2
"47389",1,1,2,1
"47390",8,3,11,10
"47391",3,4,7,6
"47392",1,21,22,21
"47393",1,8,9,8
"47394",2,7,9,7
"47395",1,5,6,5
"47396",15,6,21,16
"47397",1,30,31,30
"47398",5,8,13,11
"47399",1,6,7,6
"47400",1,10,11,10
"47401",1,5,6,5
"47402",1,3,4,3
"47403",1,2,3,2
"47404",1,3,4,3
"47405",1,8,9,8
"47406",7,3,10,7
"47407",2,2,4,2
"47408",1,20,21,20
"47409",1,1,2,1
"47410",3,7,10,9
"47411",1,1,2,1
"47412",1,7,8,7
"47413",1,3,4,3
"47414",4,3,7,5
"47415",1,2,3,2
"47416",7,7,14,13
"47417",3,11,14,11
"47418",1,1,2,1
"47419",1,6,7,6
"47420",1,6,7,6
"47421",1,2,3,2
"47422",1,2,3,2
"47423",3,35,38,37
"47424",3,1,4,3
"47425",1,2,3,2
"47426",5,3,8,5
"47427",5,21,26,23
"47428",2,24,26,24
"47429",1,1,2,1
"47430",1,16,17,16
"47431",2,5,7,6
"47432",15,1,16,15
"47433",1,4,5,4
"47434",2,2,4,2
"47435",9,5,14,12
"47436",3,20,23,20
"47437",3,11,14,13
"47438",1,6,7,6
"47439",1,1,2,1
"47440",1,12,13,12
"47441",1,4,5,4
"47442",1,2,3,2
"47443",1,3,4,3
"47444",1,4,5,4
"47445",1,2,3,2
"47446",2,1,3,2
"47447",1,16,17,16
"47448",2,12,14,12
"47449",1,12,13,12
"47450",1,4,5,4
"47451",3,29,32,29
"47452",1,15,16,15
"47453",1,11,12,11
"47454",4,1,5,4
"47455",1,19,20,19
"47456",7,2,9,8
"47457",1,35,36,35
"47458",2,7,9,7
"47459",1,3,4,3
"47460",1,31,32,31
"47461",1,1,2,1
"47462",1,15,16,15
"47463",5,9,14,11
"47464",2,16,18,17
"47465",1,1,2,1
"47466",2,4,6,4
"47467",8,42,50,48
"47468",1,5,6,5
"47469",1,8,9,8
"47470",1,5,6,5
"47471",2,6,8,7
"47472",1,25,26,25
"47473",4,7,11,9
"47474",1,10,11,10
"47475",3,16,19,16
"47476",1,2,3,2
"47477",2,1,3,2
"47478",1,3,4,3
"47479",2,2,4,2
"47480",1,4,5,4
"47481",2,11,13,11
"47482",3,7,10,7
"47483",1,1,2,1
"47484",5,2,7,6
"47485",1,5,6,5
"47486",3,1,4,3
"47487",1,2,3,2
"47488",1,4,5,4
"47489",1,2,3,2
"47490",2,20,22,20
"47491",1,3,4,3
"47492",1,1,2,1
"47493",1,8,9,8
"47494",2,12,14,12
"47495",2,3,5,3
"47496",2,1,3,2
"47497",1,9,10,9
"47498",1,3,4,3
"47499",3,9,12,11
"47500",1,15,16,15
"47501",3,7,10,7
"47502",1,2,3,2
"47503",1,11,12,11
"47504",1,3,4,3
"47505",2,11,13,12
"47506",1,2,3,2
"47507",1,14,15,14
"47508",3,7,10,7
"47509",1,1,2,1
"47510",1,1,2,1
"47511",2,25,27,26
"47512",1,10,11,10
"47513",2,6,8,6
"47514",2,29,31,30
"47515",2,4,6,4
"47516",3,17,20,17
"47517",2,3,5,4
"47518",1,2,3,2
"47519",1,18,19,18
"47520",1,13,14,13
"47521",10,10,20,10
"47522",3,10,13,12
"47523",5,42,47,42
"47524",2,25,27,25
"47525",3,12,15,13
"47526",1,4,5,4
"47527",1,2,3,2
"47528",2,11,13,11
"47529",2,1,3,2
"47530",1,5,6,5
"47531",3,14,17,16
"47532",5,20,25,24
"47533",1,1,2,1
"47534",1,5,6,5
"47535",1,12,13,12
"47536",5,6,11,10
"47537",2,10,12,10
"47538",1,6,7,6
"47539",1,35,36,35
"47540",1,18,19,18
"47541",1,4,5,4
"47542",1,1,2,1
"47543",2,30,32,31
"47544",1,2,3,2
"47545",4,12,16,15
"47546",2,18,20,19
"47547",1,3,4,3
"47548",1,5,6,5
"47549",1,6,7,6
"47550",1,9,10,9
"47551",1,14,15,14
"47552",1,8,9,8
"47553",4,12,16,15
"47554",1,2,3,2
"47555",1,24,25,24
"47556",1,1,2,1
"47557",4,9,13,12
"47558",1,1,2,1
"47559",2,3,5,3
"47560",1,1,2,1
"47561",3,1,4,3
"47562",3,17,20,18
"47563",2,38,40,38
"47564",2,1,3,2
"47565",2,2,4,2
"47566",1,2,3,2
"47567",1,11,12,11
"47568",1,5,6,5
"47569",2,23,25,23
"47570",1,1,2,1
"47571",1,3,4,3
"47572",1,11,12,11
"47573",1,11,12,11
"47574",3,15,18,16
"47575",2,15,17,15
"47576",2,4,6,4
"47577",8,3,11,10
"47578",1,9,10,9
"47579",1,2,3,2
"47580",1,1,2,1
"47581",3,32,35,33
"47582",3,4,7,6
"47583",1,1,2,1
"47584",1,10,11,10
"47585",2,4,6,4
"47586",1,1,2,1
"47587",1,3,4,3
"47588",1,4,5,4
"47589",3,7,10,8
"47590",1,1,2,1
"47591",1,3,4,3
"47592",1,1,2,1
"47593",2,2,4,2
"47594",1,9,10,9
"47595",2,27,29,28
"47596",1,1,2,1
"47597",1,1,2,1
"47598",6,10,16,14
"47599",2,10,12,10
"47600",2,1,3,2
"47601",28,1,29,28
"47602",1,5,6,5
"47603",1,14,15,14
"47604",1,7,8,7
"47605",1,4,5,4
"47606",5,11,16,15
"47607",1,2,3,2
"47608",1,9,10,9
"47609",2,25,27,26
"47610",1,10,11,10
"47611",3,24,27,24
"47612",3,17,20,17
"47613",1,4,5,4
"47614",1,3,4,3
"47615",1,8,9,8
"47616",1,11,12,11
"47617",1,14,15,14
"47618",1,6,7,6
"47619",1,13,14,13
"47620",1,20,21,20
"47621",4,16,20,17
"47622",1,176,177,176
"47623",2,1,3,2
"47624",1,14,15,14
"47625",1,6,7,6
"47626",2,2,4,3
"47627",1,8,9,8
"47628",1,8,9,8
"47629",1,2,3,2
"47630",2,8,10,8
"47631",1,10,11,10
"47632",2,2,4,3
"47633",3,3,6,5
"47634",3,8,11,8
"47635",1,37,38,37
"47636",2,15,17,16
"47637",2,7,9,7
"47638",3,9,12,11
"47639",1,11,12,11
"47640",4,2,6,5
"47641",5,29,34,30
"47642",1,1,2,1
"47643",1,7,8,7
"47644",2,27,29,27
"47645",3,2,5,4
"47646",3,24,27,25
"47647",2,1,3,2
"47648",1,8,9,8
"47649",4,4,8,4
"47650",9,8,17,16
"47651",6,20,26,21
"47652",5,14,19,18
"47653",1,20,21,20
"47654",14,6,20,19
"47655",1,2,3,2
"47656",1,6,7,6
"47657",3,14,17,16
"47658",6,1,7,6
"47659",2,5,7,5
"47660",6,15,21,16
"47661",4,8,12,9
"47662",1,2,3,2
"47663",2,2,4,2
"47664",2,22,24,23
"47665",1,5,6,5
"47666",2,12,14,13
"47667",2,1,3,2
"47668",2,7,9,8
"47669",1,1,2,1
"47670",2,5,7,6
"47671",7,10,17,16
"47672",2,4,6,5
"47673",7,7,14,7
"47674",4,5,9,8
"47675",1,4,5,4
"47676",1,4,5,4
"47677",6,1,7,6
"47678",2,30,32,30
"47679",2,3,5,3
"47680",2,3,5,4
"47681",3,23,26,25
"47682",1,4,5,4
"47683",2,14,16,14
"47684",3,5,8,5
"47685",1,1,2,1
"47686",2,2,4,2
"47687",1,4,5,4
"47688",2,8,10,9
"47689",1,13,14,13
"47690",1,1,2,1
"47691",1,1,2,1
"47692",1,3,4,3
"47693",3,14,17,15
"47694",1,2,3,2
"47695",2,6,8,6
"47696",1,6,7,6
"47697",1,2,3,2
"47698",2,9,11,10
"47699",1,3,4,3
"47700",1,1,2,1
"47701",2,1,3,2
"47702",4,11,15,14
"47703",3,18,21,18
"47704",1,1,2,1
"47705",8,8,16,8
"47706",2,4,6,5
"47707",1,1,2,1
"47708",3,5,8,7
"47709",1,4,5,4
"47710",1,1,2,1
"47711",1,13,14,13
"47712",1,1,2,1
"47713",2,2,4,3
"47714",2,10,12,10
"47715",2,14,16,14
"47716",1,4,5,4
"47717",2,12,14,13
"47718",2,1,3,2
"47719",1,1,2,1
"47720",1,3,4,3
"47721",2,7,9,8
"47722",5,7,12,9
"47723",1,1,2,1
"47724",2,11,13,12
"47725",2,5,7,5
"47726",1,1,2,1
"47727",4,15,19,17
"47728",3,7,10,7
"47729",7,1,8,7
"47730",3,20,23,20
"47731",5,36,41,39
"47732",1,1,2,1
"47733",1,14,15,14
"47734",2,35,37,35
"47735",3,1,4,3
"47736",12,1,13,12
"47737",1,5,6,5
"47738",1,35,36,35
"47739",2,12,14,13
"47740",1,7,8,7
"47741",2,3,5,4
"47742",1,22,23,22
"47743",1,6,7,6
"47744",2,5,7,6
"47745",2,17,19,17
"47746",2,16,18,17
"47747",1,8,9,8
"47748",2,1,3,2
"47749",1,2,3,2
"47750",3,5,8,7
"47751",1,7,8,7
"47752",2,1,3,2
"47753",2,1,3,2
"47754",13,1,14,13
"47755",1,32,33,32
"47756",2,2,4,3
"47757",3,4,7,6
"47758",1,3,4,3
"47759",5,7,12,9
"47760",1,1,2,1
"47761",1,4,5,4
"47762",2,4,6,4
"47763",3,10,13,11
"47764",1,10,11,10
"47765",2,8,10,9
"47766",1,3,4,3
"47767",2,10,12,11
"47768",1,9,10,9
"47769",1,22,23,22
"47770",2,28,30,29
"47771",2,10,12,11
"47772",1,15,16,15
"47773",1,2,3,2
"47774",2,3,5,4
"47775",1,10,11,10
"47776",1,5,6,5
"47777",3,10,13,12
"47778",6,1,7,6
"47779",1,10,11,10
"47780",1,2,3,2
"47781",1,1,2,1
"47782",5,15,20,19
"47783",3,24,27,24
"47784",2,18,20,18
"47785",1,20,21,20
"47786",2,7,9,8
"47787",2,8,10,8
"47788",1,11,12,11
"47789",1,2,3,2
"47790",1,4,5,4
"47791",37,12,49,48
"47792",1,8,9,8
"47793",2,10,12,10
"47794",6,20,26,21
"47795",2,17,19,17
"47796",2,37,39,37
"47797",5,9,14,12
"47798",1,5,6,5
"47799",6,1,7,6
"47800",1,1,2,1
"47801",1,1,2,1
"47802",1,1,2,1
"47803",1,1,2,1
"47804",1,3,4,3
"47805",1,1,2,1
"47806",1,10,11,10
"47807",35,7,42,38
"47808",1,7,8,7
"47809",5,5,10,7
"47810",1,1,2,1
"47811",1,1,2,1
"47812",3,12,15,14
"47813",1,5,6,5
"47814",1,2,3,2
"47815",2,20,22,21
"47816",1,4,5,4
"47817",1,17,18,17
"47818",1,1,2,1
"47819",2,22,24,22
"47820",1,16,17,16
"47821",3,1,4,3
"47822",8,3,11,10
"47823",1,13,14,13
"47824",2,6,8,7
"47825",1,8,9,8
"47826",1,9,10,9
"47827",1,7,8,7
"47828",4,3,7,6
"47829",2,35,37,36
"47830",12,7,19,16
"47831",3,14,17,15
"47832",1,6,7,6
"47833",3,15,18,16
"47834",2,13,15,13
"47835",4,4,8,7
"47836",1,15,16,15
"47837",1,5,6,5
"47838",2,5,7,5
"47839",1,3,4,3
"47840",1,14,15,14
"47841",1,10,11,10
"47842",1,24,25,24
"47843",7,1,8,7
"47844",3,17,20,17
"47845",2,42,44,42
"47846",1,29,30,29
"47847",2,16,18,16
"47848",1,14,15,14
"47849",16,4,20,17
"47850",1,8,9,8
"47851",13,13,26,13
"47852",1,1,2,1
"47853",1,6,7,6
"47854",1,15,16,15
"47855",2,4,6,4
"47856",6,7,13,12
"47857",7,13,20,19
"47858",2,2,4,3
"47859",29,29,58,29
"47860",1,12,13,12
"47861",1,1,2,1
"47862",3,3,6,3
"47863",2,6,8,6
"47864",2,3,5,3
"47865",8,2,10,9
"47866",3,10,13,12
"47867",7,7,14,7
"47868",1,6,7,6
"47869",10,2,12,11
"47870",10,36,46,45
"47871",1,3,4,3
"47872",1,10,11,10
"47873",12,7,19,18
"47874",10,19,29,20
"47875",7,29,36,32
"47876",3,13,16,14
"47877",1,12,13,12
"47878",1,7,8,7
"47879",1,10,11,10
"47880",2,6,8,7
"47881",4,6,10,9
"47882",1,4,5,4
"47883",1,2,3,2
"47884",2,3,5,4
"47885",1,3,4,3
"47886",1,1,2,1
"47887",1,1,2,1
"47888",1,18,19,18
"47889",2,23,25,23
"47890",1,6,7,6
"47891",1,6,7,6
"47892",2,5,7,6
"47893",3,8,11,8
"47894",1,14,15,14
"47895",1,10,11,10
"47896",1,9,10,9
"47897",1,11,12,11
"47898",3,6,9,6
"47899",1,3,4,3
"47900",3,2,5,4
"47901",1,3,4,3
"47902",1,4,5,4
"47903",2,1,3,2
"47904",2,8,10,8
"47905",1,33,34,33
"47906",1,7,8,7
"47907",3,15,18,17
"47908",3,27,30,28
"47909",2,7,9,7
"47910",1,16,17,16
"47911",1,2,3,2
"47912",1,3,4,3
"47913",2,5,7,6
"47914",1,6,7,6
"47915",1,4,5,4
"47916",3,14,17,15
"47917",1,2,3,2
"47918",3,6,9,7
"47919",1,2,3,2
"47920",4,5,9,6
"47921",1,20,21,20
"47922",1,4,5,4
"47923",1,9,10,9
"47924",1,4,5,4
"47925",1,6,7,6
"47926",1,12,13,12
"47927",5,9,14,13
"47928",4,24,28,26
"47929",1,1,2,1
"47930",2,55,57,56
"47931",1,3,4,3
"47932",1,10,11,10
"47933",1,1,2,1
"47934",1,4,5,4
"47935",1,5,6,5
"47936",1,13,14,13
"47937",3,7,10,7
"47938",1,38,39,38
"47939",1,19,20,19
"47940",1,17,18,17
"47941",1,36,37,36
"47942",1,16,17,16
"47943",1,19,20,19
"47944",2,10,12,10
"47945",2,6,8,7
"47946",1,6,7,6
"47947",2,2,4,2
"47948",1,2,3,2
"47949",2,40,42,40
"47950",2,18,20,19
"47951",1,2,3,2
"47952",1,2,3,2
"47953",3,6,9,8
"47954",4,1,5,4
"47955",1,12,13,12
"47956",2,6,8,6
"47957",2,22,24,23
"47958",1,4,5,4
"47959",1,13,14,13
"47960",1,20,21,20
"47961",1,1,2,1
"47962",1,2,3,2
"47963",4,4,8,7
"47964",1,8,9,8
"47965",3,22,25,22
"47966",1,35,36,35
"47967",2,3,5,4
"47968",1,6,7,6
"47969",3,10,13,12
"47970",2,12,14,12
"47971",1,14,15,14
"47972",5,12,17,15
"47973",9,28,37,36
"47974",1,10,11,10
"47975",1,3,4,3
"47976",3,21,24,23
"47977",3,13,16,15
"47978",1,7,8,7
"47979",1,2,3,2
"47980",1,6,7,6
"47981",1,37,38,37
"47982",6,3,9,8
"47983",3,7,10,7
"47984",3,12,15,12
"47985",19,13,32,28
"47986",1,7,8,7
"47987",4,4,8,6
"47988",2,7,9,8
"47989",1,14,15,14
"47990",1,7,8,7
"47991",1,4,5,4
"47992",1,8,9,8
"47993",3,10,13,12
"47994",1,14,15,14
"47995",7,7,14,7
"47996",5,6,11,10
"47997",5,14,19,17
"47998",3,10,13,10
"47999",1,30,31,30
"48000",3,4,7,6
"48001",3,10,13,10
"48002",3,7,10,8
"48003",2,14,16,14
"48004",2,12,14,13
"48005",7,6,13,11
"48006",1,2,3,2
"48007",5,2,7,6
"48008",2,5,7,6
"48009",1,3,4,3
"48010",1,5,6,5
"48011",17,4,21,19
"48012",1,9,10,9
"48013",1,1,2,1
"48014",2,12,14,13
"48015",3,18,21,19
"48016",1,5,6,5
"48017",1,2,3,2
"48018",1,5,6,5
"48019",1,11,12,11
"48020",1,13,14,13
"48021",4,14,18,16
"48022",1,1,2,1
"48023",1,8,9,8
"48024",1,3,4,3
"48025",2,6,8,7
"48026",4,16,20,17
"48027",3,12,15,13
"48028",1,61,62,61
"48029",1,18,19,18
"48030",2,12,14,12
"48031",1,6,7,6
"48032",1,12,13,12
"48033",1,15,16,15
"48034",2,14,16,15
"48035",2,3,5,4
"48036",1,7,8,7
"48037",1,2,3,2
"48038",2,3,5,3
"48039",1,16,17,16
"48040",1,19,20,19
"48041",1,1,2,1
"48042",2,24,26,25
"48043",1,3,4,3
"48044",1,7,8,7
"48045",1,4,5,4
"48046",1,10,11,10
"48047",1,4,5,4
"48048",1,2,3,2
"48049",2,1,3,2
"48050",14,9,23,15
"48051",4,2,6,4
"48052",7,16,23,19
"48053",1,2,3,2
"48054",3,5,8,5
"48055",2,18,20,18
"48056",2,7,9,7
"48057",1,11,12,11
"48058",1,3,4,3
"48059",4,1,5,4
"48060",1,1,2,1
"48061",2,7,9,8
"48062",1,2,3,2
"48063",1,12,13,12
"48064",3,13,16,14
"48065",1,1,2,1
"48066",4,24,28,25
"48067",1,4,5,4
"48068",1,20,21,20
"48069",1,3,4,3
"48070",1,1,2,1
"48071",5,9,14,11
"48072",1,2,3,2
"48073",4,4,8,7
"48074",2,3,5,4
"48075",3,24,27,25
"48076",1,2,3,2
"48077",1,9,10,9
"48078",1,11,12,11
"48079",2,1,3,2
"48080",1,13,14,13
"48081",1,4,5,4
"48082",1,5,6,5
"48083",1,4,5,4
"48084",1,6,7,6
"48085",2,1,3,2
"48086",2,10,12,11
"48087",2,17,19,18
"48088",1,2,3,2
"48089",10,3,13,10
"48090",2,15,17,15
"48091",1,18,19,18
"48092",1,15,16,15
"48093",2,7,9,7
"48094",1,5,6,5
"48095",1,8,9,8
"48096",5,8,13,12
"48097",1,4,5,4
"48098",3,2,5,3
"48099",3,11,14,11
"48100",1,4,5,4
"48101",3,6,9,6
"48102",2,5,7,6
"48103",4,15,19,17
"48104",3,5,8,6
"48105",2,18,20,18
"48106",1,2,3,2
"48107",2,3,5,4
"48108",1,1,2,1
"48109",1,12,13,12
"48110",2,8,10,8
"48111",2,2,4,2
"48112",3,3,6,5
"48113",1,3,4,3
"48114",3,8,11,9
"48115",4,4,8,4
"48116",1,13,14,13
"48117",6,1,7,6
"48118",5,22,27,25
"48119",5,35,40,36
"48120",4,1,5,4
"48121",2,13,15,13
"48122",3,22,25,23
"48123",2,15,17,15
"48124",3,14,17,16
"48125",3,176,179,176
"48126",2,1,3,2
"48127",2,9,11,9
"48128",2,15,17,15
"48129",1,8,9,8
"48130",1,5,6,5
"48131",1,2,3,2
"48132",1,6,7,6
"48133",1,12,13,12
"48134",2,5,7,6
"48135",1,6,7,6
"48136",1,3,4,3
"48137",1,5,6,5
"48138",1,17,18,17
"48139",4,13,17,16
"48140",2,5,7,5
"48141",1,2,3,2
"48142",11,7,18,16
"48143",1,3,4,3
"48144",1,12,13,12
"48145",3,56,59,58
"48146",1,9,10,9
"48147",1,9,10,9
"48148",2,3,5,4
"48149",1,3,4,3
"48150",2,18,20,19
"48151",3,7,10,7
"48152",1,9,10,9
"48153",2,3,5,3
"48154",5,10,15,12
"48155",1,3,4,3
"48156",2,35,37,35
"48157",3,1,4,3
"48158",1,6,7,6
"48159",1,5,6,5
"48160",2,1,3,2
"48161",1,4,5,4
"48162",1,4,5,4
"48163",1,20,21,20
"48164",3,9,12,11
"48165",10,18,28,23
"48166",3,3,6,4
"48167",2,4,6,5
"48168",1,42,43,42
"48169",1,7,8,7
"48170",1,13,14,13
"48171",1,7,8,7
"48172",2,8,10,8
"48173",1,11,12,11
"48174",2,13,15,13
"48175",1,1,2,1
"48176",3,1,4,3
"48177",1,6,7,6
"48178",1,7,8,7
"48179",1,14,15,14
"48180",1,20,21,20
"48181",2,4,6,4
"48182",1,6,7,6
"48183",5,11,16,14
"48184",1,2,3,2
"48185",1,19,20,19
"48186",2,2,4,3
"48187",1,2,3,2
"48188",1,1,2,1
"48189",1,14,15,14
"48190",1,4,5,4
"48191",5,1,6,5
"48192",1,5,6,5
"48193",1,2,3,2
"48194",2,36,38,37
"48195",2,18,20,18
"48196",1,4,5,4
"48197",1,3,4,3
"48198",1,17,18,17
"48199",3,8,11,8
"48200",1,3,4,3
"48201",1,13,14,13
"48202",9,6,15,12
"48203",1,10,11,10
"48204",3,4,7,6
"48205",1,1,2,1
"48206",4,6,10,9
"48207",3,3,6,4
"48208",2,8,10,9
"48209",1,15,16,15
"48210",2,5,7,6
"48211",2,14,16,14
"48212",4,11,15,12
"48213",1,1,2,1
"48214",2,1,3,2
"48215",1,9,10,9
"48216",1,3,4,3
"48217",1,11,12,11
"48218",2,37,39,37
"48219",3,6,9,7
"48220",2,1,3,2
"48221",2,11,13,12
"48222",3,5,8,5
"48223",1,1,2,1
"48224",1,2,3,2
"48225",2,23,25,23
"48226",1,35,36,35
"48227",1,1,2,1
"48228",4,4,8,7
"48229",1,34,35,34
"48230",8,26,34,32
"48231",13,2,15,14
"48232",2,15,17,16
"48233",8,31,39,32
"48234",1,1,2,1
"48235",1,22,23,22
"48236",5,10,15,12
"48237",6,10,16,15
"48238",1,4,5,4
"48239",1,2,3,2
"48240",1,4,5,4
"48241",2,4,6,5
"48242",4,29,33,30
"48243",4,5,9,6
"48244",2,15,17,16
"48245",7,1,8,7
"48246",3,2,5,4
"48247",18,1,19,18
"48248",3,3,6,4
"48249",1,7,8,7
"48250",11,2,13,11
"48251",1,1,2,1
"48252",2,17,19,17
"48253",1,24,25,24
"48254",2,4,6,4
"48255",1,10,11,10
"48256",1,5,6,5
"48257",3,6,9,8
"48258",1,1,2,1
"48259",3,27,30,27
"48260",1,1,2,1
"48261",1,12,13,12
"48262",2,14,16,14
"48263",1,2,3,2
"48264",1,4,5,4
"48265",2,9,11,9
"48266",2,5,7,6
"48267",1,6,7,6
"48268",3,8,11,8
"48269",1,7,8,7
"48270",3,11,14,11
"48271",1,14,15,14
"48272",1,2,3,2
"48273",1,10,11,10
"48274",2,7,9,7
"48275",1,1,2,1
"48276",1,19,20,19
"48277",1,22,23,22
"48278",1,2,3,2
"48279",2,3,5,3
"48280",6,3,9,8
"48281",14,10,24,20
"48282",3,5,8,7
"48283",2,14,16,15
"48284",10,1,11,10
"48285",1,24,25,24
"48286",1,17,18,17
"48287",2,18,20,18
"48288",1,4,5,4
"48289",1,12,13,12
"48290",3,4,7,4
"48291",1,1,2,1
"48292",4,1,5,4
"48293",3,8,11,8
"48294",2,31,33,31
"48295",2,8,10,8
"48296",2,10,12,11
"48297",1,56,57,56
"48298",1,13,14,13
"48299",3,6,9,8
"48300",2,3,5,4
"48301",2,7,9,8
"48302",1,5,6,5
"48303",1,1,2,1
"48304",1,13,14,13
"48305",1,4,5,4
"48306",2,2,4,2
"48307",1,4,5,4
"48308",6,13,19,17
"48309",1,5,6,5
"48310",1,6,7,6
"48311",2,4,6,4
"48312",2,7,9,8
"48313",2,20,22,21
"48314",1,2,3,2
"48315",1,12,13,12
"48316",2,11,13,11
"48317",1,12,13,12
"48318",10,16,26,22
"48319",2,2,4,2
"48320",3,10,13,11
"48321",1,1,2,1
"48322",7,1,8,7
"48323",1,1,2,1
"48324",1,3,4,3
"48325",2,14,16,14
"48326",5,12,17,16
"48327",5,10,15,12
"48328",1,4,5,4
"48329",1,3,4,3
"48330",1,5,6,5
"48331",1,21,22,21
"48332",1,3,4,3
"48333",1,2,3,2
"48334",1,1,2,1
"48335",1,8,9,8
"48336",3,17,20,17
"48337",2,6,8,6
"48338",2,2,4,3
"48339",5,4,9,8
"48340",2,23,25,23
"48341",1,3,4,3
"48342",2,21,23,21
"48343",2,5,7,6
"48344",1,20,21,20
"48345",1,11,12,11
"48346",2,4,6,5
"48347",5,18,23,22
"48348",2,16,18,17
"48349",2,4,6,4
"48350",2,2,4,3
"48351",2,7,9,8
"48352",1,38,39,38
"48353",3,12,15,14
"48354",1,28,29,28
"48355",3,7,10,8
"48356",2,9,11,10
"48357",2,2,4,3
"48358",7,9,16,9
"48359",1,2,3,2
"48360",15,10,25,23
"48361",1,14,15,14
"48362",2,1,3,2
"48363",5,1,6,5
"48364",5,36,41,39
"48365",7,1,8,7
"48366",2,4,6,5
"48367",1,4,5,4
"48368",2,8,10,8
"48369",4,6,10,9
"48370",11,11,22,11
"48371",7,15,22,18
"48372",15,15,30,29
"48373",1,14,15,14
"48374",6,35,41,39
"48375",10,36,46,42
"48376",3,11,14,11
"48377",6,7,13,12
"48378",6,2,8,6
"48379",1,2,3,2
"48380",1,12,13,12
"48381",3,1,4,3
"48382",2,8,10,8
"48383",1,4,5,4
"48384",6,4,10,9
"48385",1,1,2,1
"48386",2,3,5,4
"48387",2,169,171,170
"48388",1,1,2,1
"48389",1,35,36,35
"48390",1,1,2,1
"48391",1,10,11,10
"48392",1,4,5,4
"48393",2,12,14,13
"48394",3,4,7,6
"48395",1,1,2,1
"48396",2,5,7,6
"48397",7,1,8,7
"48398",1,1,2,1
"48399",1,13,14,13
"48400",2,8,10,8
"48401",2,11,13,12
"48402",1,2,3,2
"48403",2,1,3,2
"48404",2,1,3,2
"48405",1,9,10,9
"48406",3,19,22,20
"48407",9,6,15,13
"48408",2,7,9,8
"48409",5,1,6,5
"48410",3,15,18,17
"48411",1,8,9,8
"48412",1,16,17,16
"48413",5,3,8,7
"48414",4,1,5,4
"48415",1,10,11,10
"48416",1,1,2,1
"48417",1,1,2,1
"48418",4,46,50,48
"48419",6,4,10,8
"48420",1,15,16,15
"48421",1,3,4,3
"48422",2,11,13,11
"48423",6,3,9,7
"48424",1,1,2,1
"48425",3,36,39,37
"48426",2,27,29,27
"48427",1,13,14,13
"48428",2,1,3,2
"48429",1,12,13,12
"48430",2,2,4,2
"48431",6,15,21,20
"48432",2,1,3,2
"48433",16,54,70,54
"48434",2,16,18,17
"48435",13,1,14,13
"48436",1,2,3,2
"48437",2,12,14,13
"48438",3,3,6,4
"48439",1,2,3,2
"48440",2,10,12,10
"48441",1,5,6,5
"48442",1,4,5,4
"48443",2,4,6,4
"48444",3,2,5,4
"48445",2,10,12,11
"48446",2,56,58,56
"48447",1,9,10,9
"48448",18,2,20,18
"48449",13,5,18,16
"48450",2,14,16,15
"48451",1,14,15,14
"48452",1,13,14,13
"48453",6,16,22,16
"48454",2,4,6,5
"48455",1,3,4,3
"48456",1,2,3,2
"48457",35,7,42,38
"48458",2,30,32,30
"48459",1,1,2,1
"48460",2,11,13,12
"48461",2,10,12,11
"48462",3,32,35,32
"48463",1,5,6,5
"48464",1,26,27,26
"48465",2,1,3,2
"48466",2,1,3,2
"48467",2,4,6,5
"48468",1,3,4,3
"48469",1,4,5,4
"48470",12,6,18,16
"48471",3,1,4,3
"48472",6,1,7,6
"48473",3,2,5,3
"48474",1,8,9,8
"48475",1,1,2,1
"48476",2,5,7,6
"48477",2,8,10,8
"48478",3,3,6,4
"48479",1,14,15,14
"48480",1,4,5,4
"48481",1,8,9,8
"48482",1,7,8,7
"48483",3,20,23,20
"48484",2,12,14,13
"48485",2,3,5,3
"48486",2,16,18,17
"48487",2,7,9,7
"48488",1,16,17,16
"48489",1,13,14,13
"48490",1,4,5,4
"48491",2,6,8,6
"48492",4,15,19,18
"48493",3,20,23,22
"48494",1,29,30,29
"48495",2,3,5,3
"48496",32,3,35,33
"48497",2,3,5,3
"48498",1,1,2,1
"48499",1,16,17,16
"48500",1,13,14,13
"48501",2,8,10,8
"48502",1,1,2,1
"48503",2,22,24,22
"48504",5,7,12,11
"48505",3,15,18,16
"48506",3,5,8,7
"48507",1,8,9,8
"48508",5,13,18,15
"48509",1,12,13,12
"48510",1,10,11,10
"48511",3,6,9,7
"48512",7,1,8,7
"48513",2,3,5,3
"48514",1,5,6,5
"48515",2,20,22,20
"48516",6,7,13,12
"48517",1,24,25,24
"48518",9,14,23,15
"48519",4,8,12,9
"48520",1,3,4,3
"48521",1,17,18,17
"48522",4,5,9,7
"48523",1,5,6,5
"48524",2,6,8,6
"48525",1,16,17,16
"48526",1,14,15,14
"48527",3,19,22,20
"48528",1,20,21,20
"48529",5,12,17,13
"48530",1,13,14,13
"48531",1,5,6,5
"48532",6,7,13,12
"48533",4,2,6,5
"48534",4,1,5,4
"48535",1,3,4,3
"48536",2,2,4,2
"48537",1,2,3,2
"48538",3,6,9,6
"48539",1,12,13,12
"48540",1,17,18,17
"48541",1,1,2,1
"48542",11,1,12,11
"48543",5,21,26,25
"48544",5,8,13,11
"48545",3,7,10,8
"48546",2,28,30,28
"48547",3,42,45,44
"48548",8,5,13,12
"48549",2,1,3,2
"48550",3,4,7,6
"48551",1,5,6,5
"48552",1,20,21,20
"48553",3,2,5,3
"48554",1,6,7,6
"48555",2,7,9,8
"48556",2,15,17,15
"48557",1,1,2,1
"48558",4,1,5,4
"48559",1,2,3,2
"48560",3,4,7,6
"48561",1,29,30,29
"48562",1,1,2,1
"48563",4,5,9,8
"48564",1,22,23,22
"48565",1,3,4,3
"48566",1,13,14,13
"48567",5,15,20,17
"48568",3,11,14,11
"48569",2,9,11,10
"48570",1,29,30,29
"48571",1,2,3,2
"48572",1,10,11,10
"48573",1,37,38,37
"48574",2,9,11,10
"48575",2,2,4,2
"48576",1,6,7,6
"48577",1,4,5,4
"48578",2,10,12,10
"48579",4,1,5,4
"48580",2,5,7,5
"48581",1,22,23,22
"48582",1,2,3,2
"48583",10,16,26,22
"48584",1,4,5,4
"48585",1,2,3,2
"48586",1,14,15,14
"48587",3,4,7,4
"48588",1,4,5,4
"48589",2,13,15,14
"48590",1,1,2,1
"48591",5,4,9,8
"48592",3,9,12,11
"48593",1,15,16,15
"48594",16,6,22,20
"48595",2,9,11,10
"48596",1,1,2,1
"48597",3,11,14,11
"48598",4,4,8,4
"48599",5,36,41,39
"48600",4,9,13,12
"48601",2,2,4,3
"48602",2,16,18,16
"48603",1,2,3,2
"48604",7,10,17,14
"48605",1,5,6,5
"48606",2,11,13,11
"48607",1,7,8,7
"48608",1,20,21,20
"48609",4,5,9,6
"48610",3,1,4,3
"48611",2,14,16,14
"48612",4,14,18,15
"48613",1,2,3,2
"48614",1,4,5,4
"48615",1,10,11,10
"48616",1,3,4,3
"48617",1,3,4,3
"48618",2,5,7,6
"48619",4,1,5,4
"48620",1,4,5,4
"48621",3,8,11,10
"48622",1,2,3,2
"48623",6,9,15,14
"48624",3,10,13,10
"48625",17,10,27,26
"48626",1,1,2,1
"48627",1,5,6,5
"48628",7,4,11,10
"48629",2,2,4,3
"48630",2,6,8,6
"48631",1,6,7,6
"48632",4,4,8,7
"48633",2,60,62,61
"48634",1,5,6,5
"48635",1,6,7,6
"48636",1,9,10,9
"48637",2,5,7,5
"48638",4,20,24,22
"48639",1,2,3,2
"48640",3,15,18,17
"48641",6,33,39,38
"48642",1,4,5,4
"48643",1,2,3,2
"48644",1,7,8,7
"48645",2,12,14,12
"48646",8,8,16,8
"48647",1,4,5,4
"48648",1,9,10,9
"48649",1,3,4,3
"48650",1,3,4,3
"48651",4,36,40,37
"48652",1,7,8,7
"48653",5,20,25,24
"48654",1,14,15,14
"48655",1,6,7,6
"48656",1,10,11,10
"48657",2,2,4,2
"48658",6,6,12,10
"48659",16,11,27,21
"48660",2,8,10,8
"48661",1,35,36,35
"48662",2,7,9,8
"48663",3,12,15,13
"48664",1,5,6,5
"48665",1,6,7,6
"48666",1,14,15,14
"48667",2,3,5,3
"48668",2,4,6,5
"48669",2,1,3,2
"48670",16,11,27,21
"48671",3,1,4,3
"48672",5,7,12,9
"48673",3,3,6,4
"48674",1,4,5,4
"48675",2,1,3,2
"48676",1,3,4,3
"48677",1,7,8,7
"48678",1,7,8,7
"48679",1,2,3,2
"48680",1,3,4,3
"48681",3,6,9,7
"48682",3,18,21,18
"48683",3,20,23,20
"48684",4,7,11,10
"48685",2,3,5,3
"48686",1,5,6,5
"48687",4,3,7,5
"48688",1,4,5,4
"48689",1,4,5,4
"48690",1,4,5,4
"48691",1,5,6,5
"48692",1,3,4,3
"48693",35,7,42,38
"48694",1,2,3,2
"48695",2,9,11,9
"48696",3,14,17,16
"48697",1,1,2,1
"48698",4,8,12,9
"48699",2,9,11,9
"48700",2,13,15,13
"48701",1,4,5,4
"48702",1,1,2,1
"48703",4,1,5,4
"48704",1,13,14,13
"48705",5,15,20,15
"48706",2,6,8,7
"48707",3,6,9,8
"48708",5,2,7,6
"48709",8,169,177,172
"48710",1,1,2,1
"48711",1,12,13,12
"48712",1,3,4,3
"48713",2,9,11,9
"48714",2,9,11,10
"48715",1,6,7,6
"48716",3,24,27,25
"48717",2,4,6,4
"48718",1,1,2,1
"48719",2,5,7,6
"48720",6,14,20,16
"48721",2,2,4,2
"48722",2,169,171,170
"48723",1,4,5,4
"48724",1,20,21,20
"48725",1,1,2,1
"48726",3,35,38,36
"48727",1,9,10,9
"48728",1,1,2,1
"48729",1,9,10,9
"48730",11,18,29,28
"48731",2,9,11,10
"48732",1,2,3,2
"48733",5,18,23,22
"48734",4,28,32,29
"48735",1,8,9,8
"48736",5,1,6,5
"48737",4,5,9,8
"48738",5,15,20,15
"48739",2,8,10,9
"48740",1,23,24,23
"48741",1,3,4,3
"48742",1,3,4,3
"48743",2,2,4,3
"48744",2,2,4,2
"48745",4,21,25,21
"48746",2,9,11,9
"48747",1,1,2,1
"48748",1,16,17,16
"48749",1,4,5,4
"48750",2,6,8,6
"48751",1,4,5,4
"48752",1,11,12,11
"48753",1,23,24,23
"48754",3,13,16,14
"48755",2,34,36,34
"48756",3,31,34,33
"48757",1,3,4,3
"48758",3,13,16,15
"48759",2,22,24,22
"48760",1,5,6,5
"48761",1,12,13,12
"48762",1,5,6,5
"48763",1,1,2,1
"48764",1,8,9,8
"48765",1,3,4,3
"48766",1,4,5,4
"48767",2,24,26,24
"48768",2,6,8,6
"48769",1,2,3,2
"48770",1,1,2,1
"48771",1,2,3,2
"48772",5,9,14,11
"48773",1,11,12,11
"48774",1,5,6,5
"48775",3,24,27,24
"48776",1,1,2,1
"48777",3,15,18,17
"48778",3,12,15,12
"48779",1,4,5,4
"48780",2,4,6,5
"48781",2,54,56,54
"48782",3,2,5,3
"48783",1,61,62,61
"48784",1,13,14,13
"48785",3,18,21,18
"48786",2,61,63,61
"48787",7,13,20,18
"48788",3,12,15,14
"48789",38,14,52,43
"48790",1,10,11,10
"48791",1,61,62,61
"48792",8,1,9,8
"48793",2,1,3,2
"48794",2,4,6,5
"48795",1,3,4,3
"48796",2,12,14,12
"48797",14,28,42,38
"48798",1,9,10,9
"48799",2,19,21,19
"48800",1,7,8,7
"48801",2,16,18,16
"48802",1,8,9,8
"48803",2,38,40,38
"48804",3,61,64,63
"48805",16,6,22,21
"48806",60,5,65,64
"48807",3,1,4,3
"48808",2,14,16,14
"48809",4,17,21,19
"48810",1,11,12,11
"48811",4,29,33,30
"48812",3,18,21,19
"48813",1,2,3,2
"48814",1,7,8,7
"48815",1,1,2,1
"48816",2,26,28,26
"48817",2,8,10,8
"48818",1,1,2,1
"48819",3,40,43,40
"48820",1,16,17,16
"48821",1,4,5,4
"48822",1,13,14,13
"48823",5,5,10,9
"48824",1,18,19,18
"48825",3,46,49,46
"48826",9,2,11,9
"48827",1,5,6,5
"48828",36,5,41,38
"48829",1,19,20,19
"48830",25,1,26,25
"48831",5,4,9,8
"48832",1,4,5,4
"48833",1,15,16,15
"48834",3,8,11,10
"48835",1,8,9,8
"48836",1,2,3,2
"48837",1,17,18,17
"48838",1,3,4,3
"48839",1,14,15,14
"48840",4,5,9,8
"48841",2,16,18,16
"48842",1,2,3,2
"48843",1,6,7,6
"48844",8,31,39,32
"48845",1,3,4,3
"48846",1,35,36,35
"48847",10,10,20,19
"48848",1,4,5,4
"48849",32,32,64,32
"48850",6,7,13,9
"48851",3,7,10,7
"48852",1,7,8,7
"48853",1,7,8,7
"48854",2,12,14,13
"48855",1,10,11,10
"48856",2,1,3,2
"48857",1,3,4,3
"48858",3,39,42,40
"48859",1,13,14,13
"48860",2,8,10,8
"48861",3,40,43,41
"48862",1,5,6,5
"48863",3,20,23,21
"48864",1,1,2,1
"48865",1,9,10,9
"48866",1,3,4,3
"48867",1,16,17,16
"48868",1,1,2,1
"48869",1,4,5,4
"48870",1,8,9,8
"48871",3,44,47,45
"48872",1,16,17,16
"48873",1,11,12,11
"48874",6,5,11,10
"48875",2,2,4,2
"48876",5,1,6,5
"48877",1,3,4,3
"48878",2,24,26,24
"48879",1,2,3,2
"48880",3,16,19,16
"48881",3,29,32,29
"48882",4,24,28,27
"48883",1,2,3,2
"48884",1,22,23,22
"48885",2,13,15,13
"48886",1,1,2,1
"48887",4,1,5,4
"48888",1,2,3,2
"48889",16,11,27,21
"48890",5,11,16,14
"48891",2,1,3,2
"48892",1,15,16,15
"48893",2,16,18,16
"48894",8,28,36,33
"48895",1,1,2,1
"48896",1,6,7,6
"48897",3,24,27,25
"48898",2,6,8,7
"48899",6,10,16,14
"48900",7,18,25,24
"48901",3,6,9,7
"48902",3,2,5,4
"48903",2,5,7,5
"48904",1,3,4,3
"48905",4,7,11,10
"48906",1,2,3,2
"48907",1,4,5,4
"48908",2,9,11,10
"48909",8,5,13,12
"48910",4,12,16,14
"48911",3,6,9,6
"48912",3,4,7,6
"48913",6,16,22,16
"48914",1,8,9,8
"48915",2,2,4,2
"48916",2,9,11,9
"48917",4,6,10,7
"48918",2,6,8,6
"48919",1,5,6,5
"48920",3,27,30,27
"48921",3,3,6,3
"48922",1,15,16,15
"48923",4,1,5,4
"48924",1,12,13,12
"48925",7,6,13,10
"48926",1,1,2,1
"48927",1,2,3,2
"48928",2,3,5,3
"48929",1,11,12,11
"48930",2,2,4,3
"48931",2,5,7,6
"48932",1,1,2,1
"48933",7,1,8,7
"48934",1,4,5,4
"48935",3,6,9,6
"48936",1,3,4,3
"48937",1,1,2,1
"48938",1,4,5,4
"48939",1,4,5,4
"48940",1,5,6,5
"48941",3,12,15,13
"48942",1,5,6,5
"48943",1,34,35,34
"48944",1,2,3,2
"48945",6,11,17,16
"48946",3,56,59,57
"48947",2,6,8,6
"48948",1,3,4,3
"48949",1,9,10,9
"48950",16,16,32,16
"48951",2,5,7,5
"48952",3,3,6,5
"48953",1,15,16,15
"48954",1,2,3,2
"48955",2,4,6,4
"48956",2,4,6,4
"48957",2,5,7,5
"48958",2,23,25,23
"48959",1,5,6,5
"48960",1,10,11,10
"48961",4,42,46,44
"48962",1,6,7,6
"48963",1,56,57,56
"48964",2,1,3,2
"48965",3,9,12,10
"48966",5,2,7,6
"48967",2,13,15,13
"48968",10,36,46,42
"48969",2,4,6,4
"48970",1,6,7,6
"48971",5,35,40,38
"48972",1,12,13,12
"48973",1,8,9,8
"48974",2,9,11,10
"48975",13,11,24,21
"48976",7,42,49,46
"48977",1,6,7,6
"48978",1,2,3,2
"48979",2,22,24,23
"48980",1,26,27,26
"48981",2,4,6,5
"48982",2,4,6,5
"48983",3,5,8,7
"48984",3,3,6,3
"48985",1,2,3,2
"48986",3,8,11,8
"48987",2,3,5,4
"48988",1,12,13,12
"48989",1,4,5,4
"48990",7,3,10,9
"48991",2,2,4,3
"48992",1,10,11,10
"48993",1,7,8,7
"48994",1,3,4,3
"48995",3,16,19,16
"48996",2,10,12,10
"48997",5,17,22,21
"48998",1,1,2,1
"48999",3,42,45,42
"49000",1,3,4,3
"49001",1,1,2,1
"49002",2,3,5,3
"49003",1,5,6,5
"49004",3,3,6,3
"49005",1,6,7,6
"49006",2,3,5,4
"49007",1,11,12,11
"49008",1,4,5,4
"49009",1,1,2,1
"49010",2,10,12,10
"49011",4,4,8,7
"49012",1,4,5,4
"49013",2,7,9,7
"49014",2,3,5,4
"49015",1,3,4,3
"49016",1,1,2,1
"49017",1,16,17,16
"49018",4,3,7,6
"49019",2,10,12,10
"49020",3,20,23,22
"49021",1,4,5,4
"49022",2,1,3,2
"49023",2,15,17,15
"49024",2,9,11,10
"49025",4,17,21,18
"49026",3,11,14,12
"49027",1,9,10,9
"49028",3,13,16,15
"49029",3,4,7,6
"49030",3,2,5,4
"49031",2,14,16,15
"49032",1,21,22,21
"49033",7,13,20,19
"49034",1,2,3,2
"49035",3,12,15,14
"49036",1,1,2,1
"49037",1,1,2,1
"49038",1,1,2,1
"49039",6,9,15,12
"49040",1,3,4,3
"49041",1,7,8,7
"49042",2,3,5,4
"49043",3,12,15,13
"49044",1,6,7,6
"49045",1,1,2,1
"49046",1,3,4,3
"49047",1,31,32,31
"49048",1,3,4,3
"49049",3,29,32,29
"49050",1,10,11,10
"49051",1,4,5,4
"49052",4,10,14,11
"49053",2,31,33,31
"49054",4,13,17,16
"49055",1,1,2,1
"49056",2,10,12,10
"49057",3,2,5,4
"49058",1,5,6,5
"49059",1,10,11,10
"49060",10,9,19,17
"49061",4,12,16,12
"49062",1,20,21,20
"49063",2,13,15,13
"49064",3,16,19,17
"49065",3,5,8,7
"49066",4,3,7,6
"49067",3,8,11,8
"49068",3,14,17,14
"49069",3,11,14,12
"49070",1,2,3,2
"49071",2,1,3,2
"49072",3,12,15,12
"49073",37,1,38,37
"49074",1,3,4,3
"49075",1,2,3,2
"49076",3,17,20,17
"49077",1,18,19,18
"49078",2,1,3,2
"49079",2,16,18,16
"49080",1,2,3,2
"49081",1,5,6,5
"49082",2,9,11,9
"49083",4,41,45,42
"49084",1,11,12,11
"49085",1,12,13,12
"49086",4,6,10,7
"49087",1,2,3,2
"49088",9,1,10,9
"49089",1,2,3,2
"49090",1,2,3,2
"49091",1,2,3,2
"49092",3,24,27,25
"49093",1,4,5,4
"49094",3,2,5,4
"49095",4,27,31,30
"49096",14,10,24,20
"49097",2,3,5,3
"49098",5,14,19,16
"49099",1,1,2,1
"49100",1,12,13,12
"49101",1,3,4,3
"49102",2,7,9,7
"49103",2,10,12,11
"49104",3,8,11,8
"49105",1,7,8,7
"49106",4,1,5,4
"49107",1,6,7,6
"49108",3,19,22,20
"49109",1,3,4,3
"49110",2,8,10,8
"49111",3,4,7,6
"49112",1,2,3,2
"49113",1,15,16,15
"49114",1,17,18,17
"49115",2,20,22,21
"49116",1,35,36,35
"49117",4,7,11,10
"49118",1,1,2,1
"49119",2,56,58,56
"49120",1,4,5,4
"49121",2,2,4,3
"49122",6,22,28,24
"49123",3,176,179,177
"49124",1,9,10,9
"49125",3,1,4,3
"49126",2,8,10,8
"49127",1,3,4,3
"49128",1,23,24,23
"49129",11,3,14,11
"49130",1,7,8,7
"49131",1,5,6,5
"49132",4,8,12,11
"49133",1,8,9,8
"49134",1,4,5,4
"49135",1,24,25,24
"49136",2,12,14,12
"49137",8,6,14,13
"49138",6,16,22,16
"49139",1,6,7,6
"49140",3,1,4,3
"49141",1,3,4,3
"49142",4,3,7,6
"49143",5,35,40,39
"49144",5,9,14,11
"49145",2,4,6,4
"49146",4,6,10,9
"49147",1,1,2,1
"49148",1,5,6,5
"49149",1,11,12,11
"49150",1,25,26,25
"49151",1,9,10,9
"49152",4,2,6,4
"49153",2,2,4,2
"49154",1,3,4,3
"49155",3,42,45,42
"49156",3,46,49,46
"49157",1,1,2,1
"49158",1,7,8,7
"49159",1,56,57,56
"49160",2,6,8,7
"49161",1,14,15,14
"49162",3,2,5,4
"49163",1,12,13,12
"49164",2,10,12,10
"49165",3,1,4,3
"49166",1,12,13,12
"49167",2,18,20,18
"49168",1,11,12,11
"49169",8,3,11,10
"49170",1,10,11,10
"49171",1,2,3,2
"49172",1,3,4,3
"49173",2,6,8,7
"49174",11,11,22,20
"49175",2,4,6,4
"49176",2,4,6,4
"49177",1,7,8,7
"49178",2,42,44,42
"49179",1,2,3,2
"49180",3,16,19,18
"49181",4,2,6,5
"49182",1,4,5,4
"49183",1,1,2,1
"49184",16,20,36,33
"49185",2,12,14,12
"49186",1,25,26,25
"49187",1,17,18,17
"49188",4,13,17,15
"49189",2,12,14,12
"49190",2,7,9,7
"49191",3,36,39,38
"49192",1,5,6,5
"49193",2,14,16,14
"49194",2,16,18,16
"49195",2,7,9,8
"49196",1,9,10,9
"49197",2,61,63,61
"49198",3,2,5,4
"49199",1,18,19,18
"49200",4,15,19,18
"49201",7,1,8,7
"49202",1,2,3,2
"49203",1,2,3,2
"49204",4,16,20,18
"49205",1,5,6,5
"49206",1,1,2,1
"49207",10,4,14,12
"49208",1,14,15,14
"49209",3,14,17,15
"49210",2,5,7,5
"49211",2,6,8,6
"49212",2,1,3,2
"49213",1,4,5,4
"49214",4,8,12,9
"49215",3,7,10,8
"49216",3,6,9,8
"49217",3,10,13,11
"49218",1,12,13,12
"49219",1,11,12,11
"49220",1,8,9,8
"49221",2,14,16,15
"49222",5,8,13,12
"49223",4,8,12,10
"49224",2,11,13,12
"49225",1,7,8,7
"49226",2,11,13,11
"49227",3,20,23,20
"49228",3,3,6,4
"49229",1,8,9,8
"49230",2,6,8,6
"49231",3,15,18,17
"49232",2,13,15,13
"49233",3,18,21,18
"49234",16,54,70,54
"49235",4,5,9,5
"49236",3,15,18,17
"49237",1,5,6,5
"49238",2,5,7,5
"49239",1,16,17,16
"49240",2,3,5,4
"49241",3,3,6,3
"49242",4,14,18,17
"49243",5,16,21,19
"49244",1,54,55,54
"49245",1,11,12,11
"49246",2,7,9,8
"49247",2,2,4,3
"49248",1,4,5,4
"49249",4,3,7,6
"49250",7,1,8,7
"49251",7,9,16,12
"49252",1,10,11,10
"49253",2,2,4,2
"49254",1,5,6,5
"49255",2,11,13,11
"49256",1,4,5,4
"49257",1,4,5,4
"49258",1,7,8,7
"49259",4,10,14,12
"49260",2,4,6,4
"49261",1,3,4,3
"49262",2,1,3,2
"49263",1,2,3,2
"49264",1,6,7,6
"49265",1,1,2,1
"49266",2,169,171,170
"49267",2,6,8,6
"49268",3,6,9,6
"49269",1,8,9,8
"49270",2,13,15,13
"49271",1,3,4,3
"49272",2,12,14,12
"49273",5,13,18,14
"49274",1,4,5,4
"49275",1,17,18,17
"49276",3,1,4,3
"49277",4,10,14,11
"49278",5,10,15,11
"49279",2,2,4,2
"49280",5,8,13,12
"49281",1,4,5,4
"49282",1,1,2,1
"49283",1,1,2,1
"49284",1,5,6,5
"49285",6,21,27,22
"49286",1,1,2,1
"49287",2,8,10,8
"49288",28,12,40,31
"49289",3,11,14,11
"49290",1,3,4,3
"49291",4,3,7,5
"49292",1,2,3,2
"49293",1,13,14,13
"49294",3,3,6,5
"49295",4,1,5,4
"49296",3,18,21,18
"49297",1,1,2,1
"49298",2,6,8,7
"49299",2,12,14,12
"49300",1,1,2,1
"49301",6,19,25,22
"49302",4,21,25,21
"49303",1,5,6,5
"49304",4,4,8,4
"49305",17,19,36,29
"49306",6,15,21,20
"49307",8,6,14,13
"49308",2,28,30,29
"49309",1,4,5,4
"49310",2,10,12,10
"49311",2,5,7,5
"49312",2,1,3,2
"49313",2,19,21,20
"49314",4,12,16,15
"49315",1,9,10,9
"49316",2,28,30,29
"49317",1,1,2,1
"49318",1,27,28,27
"49319",2,14,16,14
"49320",1,5,6,5
"49321",4,14,18,16
"49322",1,16,17,16
"49323",2,12,14,13
"49324",1,2,3,2
"49325",1,3,4,3
"49326",1,6,7,6
"49327",6,15,21,19
"49328",1,1,2,1
"49329",12,14,26,25
"49330",3,12,15,13
"49331",2,2,4,3
"49332",1,5,6,5
"49333",2,4,6,5
"49334",3,2,5,4
"49335",2,5,7,5
"49336",3,9,12,10
"49337",1,19,20,19
"49338",1,8,9,8
"49339",1,1,2,1
"49340",2,13,15,14
"49341",1,3,4,3
"49342",2,6,8,7
"49343",1,4,5,4
"49344",1,4,5,4
"49345",1,1,2,1
"49346",1,5,6,5
"49347",8,28,36,33
"49348",3,27,30,28
"49349",2,9,11,9
"49350",7,7,14,7
"49351",1,4,5,4
"49352",6,3,9,6
"49353",3,8,11,9
"49354",2,17,19,18
"49355",1,10,11,10
"49356",5,4,9,5
"49357",2,2,4,2
"49358",1,2,3,2
"49359",3,3,6,5
"49360",1,9,10,9
"49361",8,56,64,61
"49362",3,17,20,17
"49363",8,1,9,8
"49364",4,4,8,6
"49365",2,25,27,25
"49366",2,3,5,3
"49367",2,2,4,3
"49368",3,5,8,6
"49369",2,8,10,9
"49370",2,13,15,14
"49371",1,35,36,35
"49372",1,6,7,6
"49373",4,56,60,58
"49374",1,12,13,12
"49375",1,14,15,14
"49376",2,25,27,25
"49377",1,8,9,8
"49378",1,7,8,7
"49379",3,22,25,23
"49380",1,4,5,4
"49381",6,1,7,6
"49382",5,7,12,9
"49383",10,6,16,14
"49384",2,3,5,4
"49385",1,12,13,12
"49386",1,4,5,4
"49387",1,1,2,1
"49388",4,13,17,16
"49389",1,4,5,4
"49390",1,13,14,13
"49391",6,14,20,16
"49392",1,9,10,9
"49393",1,5,6,5
"49394",3,5,8,7
"49395",1,5,6,5
"49396",3,1,4,3
"49397",3,176,179,177
"49398",2,29,31,30
"49399",3,2,5,3
"49400",2,4,6,5
"49401",2,60,62,61
"49402",1,5,6,5
"49403",4,15,19,18
"49404",1,1,2,1
"49405",1,7,8,7
"49406",1,4,5,4
"49407",1,8,9,8
"49408",1,9,10,9
"49409",1,3,4,3
"49410",1,1,2,1
"49411",3,5,8,7
"49412",2,2,4,3
"49413",1,21,22,21
"49414",5,13,18,17
"49415",2,2,4,2
"49416",3,2,5,3
"49417",1,2,3,2
"49418",1,2,3,2
"49419",1,1,2,1
"49420",1,42,43,42
"49421",1,2,3,2
"49422",27,9,36,35
"49423",6,29,35,32
"49424",3,6,9,8
"49425",1,9,10,9
"49426",169,6,175,170
"49427",1,1,2,1
"49428",1,3,4,3
"49429",1,10,11,10
"49430",3,3,6,4
"49431",1,10,11,10
"49432",1,1,2,1
"49433",1,1,2,1
"49434",2,18,20,18
"49435",6,28,34,32
"49436",1,2,3,2
"49437",1,1,2,1
"49438",11,37,48,47
"49439",3,37,40,39
"49440",1,6,7,6
"49441",2,3,5,3
"49442",5,12,17,13
"49443",1,38,39,38
"49444",9,14,23,15
"49445",2,3,5,4
"49446",1,6,7,6
"49447",1,10,11,10
"49448",8,35,43,38
"49449",1,2,3,2
"49450",1,4,5,4
"49451",5,36,41,39
"49452",5,17,22,19
"49453",2,3,5,3
"49454",2,5,7,5
"49455",4,14,18,15
"49456",1,5,6,5
"49457",1,8,9,8
"49458",1,12,13,12
"49459",1,5,6,5
"49460",1,8,9,8
"49461",1,9,10,9
"49462",4,12,16,13
"49463",3,13,16,15
"49464",11,1,12,11
"49465",2,2,4,2
"49466",2,3,5,4
"49467",1,9,10,9
"49468",8,7,15,14
"49469",13,4,17,16
"49470",3,14,17,16
"49471",2,19,21,20
"49472",1,15,16,15
"49473",2,22,24,23
"49474",1,1,2,1
"49475",2,17,19,18
"49476",3,24,27,25
"49477",1,1,2,1
"49478",2,3,5,4
"49479",4,8,12,11
"49480",1,4,5,4
"49481",1,3,4,3
"49482",1,1,2,1
"49483",2,7,9,8
"49484",3,17,20,17
"49485",2,21,23,22
"49486",2,13,15,14
"49487",3,11,14,11
"49488",2,11,13,11
"49489",1,4,5,4
"49490",1,2,3,2
"49491",2,4,6,5
"49492",7,6,13,10
"49493",2,2,4,3
"49494",3,5,8,7
"49495",1,6,7,6
"49496",6,18,24,23
"49497",1,6,7,6
"49498",1,30,31,30
"49499",2,14,16,14
"49500",6,13,19,16
"49501",2,6,8,7
"49502",2,4,6,5
"49503",6,32,38,37
"49504",1,5,6,5
"49505",1,11,12,11
"49506",3,11,14,11
"49507",5,8,13,11
"49508",1,1,2,1
"49509",4,5,9,7
"49510",13,1,14,13
"49511",3,15,18,16
"49512",1,20,21,20
"49513",3,16,19,18
"49514",2,8,10,8
"49515",3,1,4,3
"49516",2,18,20,18
"49517",1,4,5,4
"49518",2,2,4,3
"49519",1,5,6,5
"49520",3,4,7,6
"49521",4,46,50,49
"49522",1,18,19,18
"49523",2,24,26,24
"49524",2,3,5,3
"49525",2,4,6,5
"49526",2,6,8,6
"49527",2,4,6,4
"49528",1,1,2,1
"49529",1,13,14,13
"49530",10,15,25,24
"49531",1,13,14,13
"49532",2,9,11,10
"49533",1,8,9,8
"49534",3,24,27,24
"49535",3,11,14,12
"49536",2,38,40,38
"49537",1,4,5,4
"49538",2,9,11,9
"49539",2,15,17,16
"49540",3,1,4,3
"49541",6,21,27,26
"49542",2,21,23,21
"49543",1,176,177,176
"49544",1,1,2,1
"49545",1,1,2,1
"49546",4,2,6,5
"49547",2,2,4,3
"49548",1,10,11,10
"49549",2,1,3,2
"49550",2,16,18,16
"49551",1,4,5,4
"49552",2,4,6,4
"49553",6,15,21,16
"49554",1,3,4,3
"49555",1,9,10,9
"49556",1,52,53,52
"49557",1,9,10,9
"49558",1,5,6,5
"49559",2,19,21,20
"49560",1,6,7,6
"49561",1,6,7,6
"49562",3,4,7,6
"49563",3,18,21,18
"49564",1,1,2,1
"49565",3,1,4,3
"49566",2,3,5,3
"49567",2,11,13,11
"49568",1,12,13,12
"49569",1,4,5,4
"49570",1,7,8,7
"49571",5,10,15,13
"49572",1,8,9,8
"49573",3,7,10,8
"49574",4,6,10,9
"49575",2,7,9,7
"49576",1,1,2,1
"49577",1,8,9,8
"49578",1,7,8,7
"49579",1,2,3,2
"49580",1,25,26,25
"49581",2,8,10,8
"49582",1,7,8,7
"49583",1,3,4,3
"49584",1,4,5,4
"49585",1,4,5,4
"49586",13,11,24,21
"49587",2,12,14,12
"49588",3,20,23,20
"49589",1,5,6,5
"49590",3,7,10,8
"49591",2,169,171,169
"49592",4,5,9,6
"49593",7,6,13,11
"49594",4,38,42,40
"49595",1,3,4,3
"49596",1,3,4,3
"49597",5,13,18,15
"49598",3,32,35,32
"49599",5,22,27,25
"49600",1,8,9,8
"49601",1,15,16,15
"49602",2,4,6,5
"49603",1,3,4,3
"49604",5,14,19,16
"49605",1,1,2,1
"49606",3,17,20,17
"49607",4,1,5,4
"49608",1,7,8,7
"49609",2,11,13,11
"49610",1,3,4,3
"49611",1,14,15,14
"49612",1,25,26,25
"49613",3,6,9,7
"49614",1,8,9,8
"49615",2,1,3,2
"49616",1,4,5,4
"49617",5,2,7,6
"49618",1,13,14,13
"49619",9,2,11,9
"49620",1,8,9,8
"49621",1,8,9,8
"49622",2,2,4,2
"49623",1,2,3,2
"49624",1,20,21,20
"49625",7,20,27,25
"49626",1,13,14,13
"49627",3,3,6,3
"49628",1,3,4,3
"49629",4,6,10,8
"49630",3,18,21,18
"49631",2,8,10,9
"49632",4,11,15,13
"49633",1,4,5,4
"49634",1,5,6,5
"49635",5,11,16,13
"49636",4,5,9,8
"49637",1,4,5,4
"49638",1,17,18,17
"49639",6,23,29,25
"49640",1,10,11,10
"49641",1,3,4,3
"49642",2,16,18,16
"49643",1,6,7,6
"49644",1,2,3,2
"49645",3,4,7,4
"49646",2,1,3,2
"49647",1,22,23,22
"49648",10,1,11,10
"49649",2,1,3,2
"49650",1,1,2,1
"49651",1,5,6,5
"49652",2,34,36,34
"49653",1,23,24,23
"49654",1,1,2,1
"49655",1,18,19,18
"49656",2,19,21,20
"49657",3,2,5,4
"49658",2,13,15,14
"49659",6,6,12,11
"49660",15,5,20,19
"49661",1,1,2,1
"49662",1,2,3,2
"49663",1,6,7,6
"49664",1,3,4,3
"49665",2,18,20,18
"49666",1,4,5,4
"49667",1,4,5,4
"49668",1,22,23,22
"49669",1,3,4,3
"49670",1,8,9,8
"49671",5,2,7,6
"49672",2,3,5,4
"49673",1,6,7,6
"49674",10,3,13,12
"49675",2,14,16,15
"49676",1,23,24,23
"49677",13,1,14,13
"49678",2,12,14,12
"49679",1,2,3,2
"49680",1,1,2,1
"49681",4,1,5,4
"49682",1,7,8,7
"49683",1,3,4,3
"49684",1,2,3,2
"49685",1,3,4,3
"49686",3,5,8,6
"49687",3,10,13,10
"49688",1,7,8,7
"49689",3,7,10,9
"49690",1,1,2,1
"49691",1,1,2,1
"49692",1,7,8,7
"49693",5,17,22,19
"49694",3,1,4,3
"49695",2,4,6,5
"49696",1,55,56,55
"49697",1,61,62,61
"49698",1,9,10,9
"49699",1,4,5,4
"49700",1,10,11,10
"49701",1,4,5,4
"49702",4,13,17,16
"49703",14,8,22,18
"49704",3,16,19,16
"49705",2,11,13,11
"49706",1,13,14,13
"49707",3,15,18,17
"49708",6,6,12,10
"49709",6,28,34,33
"49710",13,1,14,13
"49711",2,55,57,55
"49712",2,1,3,2
"49713",1,9,10,9
"49714",1,46,47,46
"49715",1,13,14,13
"49716",1,32,33,32
"49717",14,38,52,43
"49718",19,2,21,19
"49719",1,5,6,5
"49720",4,18,22,21
"49721",3,11,14,11
"49722",2,8,10,9
"49723",5,36,41,38
"49724",4,37,41,40
"49725",1,2,3,2
"49726",1,10,11,10
"49727",3,16,19,17
"49728",4,9,13,11
"49729",3,24,27,24
"49730",4,24,28,25
"49731",1,8,9,8
"49732",1,5,6,5
"49733",1,7,8,7
"49734",1,5,6,5
"49735",4,16,20,17
"49736",2,2,4,2
"49737",1,13,14,13
"49738",2,37,39,37
"49739",2,14,16,14
"49740",2,12,14,12
"49741",1,14,15,14
"49742",3,17,20,17
"49743",2,10,12,11
"49744",1,13,14,13
"49745",1,8,9,8
"49746",5,2,7,6
"49747",1,1,2,1
"49748",1,22,23,22
"49749",5,35,40,38
"49750",1,10,11,10
"49751",13,18,31,30
"49752",3,13,16,15
"49753",1,1,2,1
"49754",1,2,3,2
"49755",3,24,27,24
"49756",3,6,9,6
"49757",1,3,4,3
"49758",1,7,8,7
"49759",3,10,13,12
"49760",1,24,25,24
"49761",3,8,11,9
"49762",11,7,18,16
"49763",1,5,6,5
"49764",1,3,4,3
"49765",1,2,3,2
"49766",1,1,2,1
"49767",13,11,24,21
"49768",1,11,12,11
"49769",2,5,7,5
"49770",2,23,25,23
"49771",2,23,25,23
"49772",1,1,2,1
"49773",3,3,6,4
"49774",1,5,6,5
"49775",2,1,3,2
"49776",2,8,10,9
"49777",3,61,64,62
"49778",1,5,6,5
"49779",4,3,7,5
"49780",2,9,11,9
"49781",2,35,37,35
"49782",2,2,4,3
"49783",2,44,46,44
"49784",5,6,11,9
"49785",5,10,15,12
"49786",1,15,16,15
"49787",3,1,4,3
"49788",12,36,48,44
"49789",2,6,8,6
"49790",3,11,14,12
"49791",1,3,4,3
"49792",3,1,4,3
"49793",1,5,6,5
"49794",1,5,6,5
"49795",31,7,38,34
"49796",1,8,9,8
"49797",2,3,5,3
"49798",5,169,174,173
"49799",17,4,21,19
"49800",4,27,31,27
"49801",3,15,18,16
"49802",1,1,2,1
"49803",2,2,4,2
"49804",1,6,7,6
"49805",2,5,7,5
"49806",1,4,5,4
"49807",1,9,10,9
"49808",1,3,4,3
"49809",1,2,3,2
"49810",9,6,15,12
"49811",1,1,2,1
"49812",2,11,13,11
"49813",3,7,10,7
"49814",1,3,4,3
"49815",1,1,2,1
"49816",3,12,15,13
"49817",2,18,20,19
"49818",1,24,25,24
"49819",1,1,2,1
"49820",1,16,17,16
"49821",1,3,4,3
"49822",1,26,27,26
"49823",10,2,12,11
"49824",2,35,37,36
"49825",1,2,3,2
"49826",5,2,7,6
"49827",2,61,63,61
"49828",5,8,13,11
"49829",1,3,4,3
"49830",3,42,45,44
"49831",2,6,8,6
"49832",10,1,11,10
"49833",3,1,4,3
"49834",2,2,4,2
"49835",1,5,6,5
"49836",1,9,10,9
"49837",1,9,10,9
"49838",4,31,35,32
"49839",2,6,8,6
"49840",1,10,11,10
"49841",3,1,4,3
"49842",1,7,8,7
"49843",4,5,9,6
"49844",3,11,14,13
"49845",2,3,5,4
"49846",9,176,185,184
"49847",4,5,9,7
"49848",2,8,10,8
"49849",1,4,5,4
"49850",1,12,13,12
"49851",2,29,31,29
"49852",1,40,41,40
"49853",1,11,12,11
"49854",1,2,3,2
"49855",2,5,7,5
"49856",5,11,16,15
"49857",4,14,18,16
"49858",1,2,3,2
"49859",3,7,10,7
"49860",1,29,30,29
"49861",1,2,3,2
"49862",1,17,18,17
"49863",2,3,5,3
"49864",1,3,4,3
"49865",8,24,32,28
"49866",1,1,2,1
"49867",1,15,16,15
"49868",1,3,4,3
"49869",2,2,4,3
"49870",2,1,3,2
"49871",3,54,57,56
"49872",3,13,16,15
"49873",8,9,17,16
"49874",1,4,5,4
"49875",3,8,11,9
"49876",16,54,70,54
"49877",2,2,4,2
"49878",1,9,10,9
"49879",4,10,14,13
"49880",2,4,6,4
"49881",1,2,3,2
"49882",1,15,16,15
"49883",1,3,4,3
"49884",2,16,18,16
"49885",1,2,3,2
"49886",1,9,10,9
"49887",7,1,8,7
"49888",2,5,7,5
"49889",6,20,26,24
"49890",4,29,33,29
"49891",2,13,15,13
"49892",3,3,6,3
"49893",2,11,13,11
"49894",1,11,12,11
"49895",3,5,8,6
"49896",1,16,17,16
"49897",2,15,17,16
"49898",2,8,10,9
"49899",3,1,4,3
"49900",1,1,2,1
"49901",2,3,5,3
"49902",2,8,10,9
"49903",1,7,8,7
"49904",2,4,6,5
"49905",1,1,2,1
"49906",10,4,14,11
"49907",2,27,29,27
"49908",2,2,4,3
"49909",3,5,8,6
"49910",3,23,26,25
"49911",1,21,22,21
"49912",2,4,6,4
"49913",2,14,16,14
"49914",1,14,15,14
"49915",2,5,7,6
"49916",1,19,20,19
"49917",3,9,12,9
"49918",6,2,8,6
"49919",3,17,20,18
"49920",1,9,10,9
"49921",4,1,5,4
"49922",3,1,4,3
"49923",3,1,4,3
"49924",1,9,10,9
"49925",1,5,6,5
"49926",1,11,12,11
"49927",2,4,6,5
"49928",3,6,9,6
"49929",2,15,17,15
"49930",1,10,11,10
"49931",1,1,2,1
"49932",1,22,23,22
"49933",2,5,7,6
"49934",1,22,23,22
"49935",2,15,17,15
"49936",3,16,19,18
"49937",3,11,14,13
"49938",4,35,39,36
"49939",3,6,9,8
"49940",1,18,19,18
"49941",1,2,3,2
"49942",2,14,16,15
"49943",1,13,14,13
"49944",5,1,6,5
"49945",3,12,15,13
"49946",2,169,171,169
"49947",1,2,3,2
"49948",2,4,6,5
"49949",1,35,36,35
"49950",2,1,3,2
"49951",1,1,2,1
"49952",2,1,3,2
"49953",1,10,11,10
"49954",2,12,14,13
"49955",1,1,2,1
"49956",1,3,4,3
"49957",2,22,24,23
"49958",61,1,62,61
"49959",1,2,3,2
"49960",2,15,17,15
"49961",1,3,4,3
"49962",1,1,2,1
"49963",1,2,3,2
"49964",9,14,23,15
"49965",4,29,33,30
"49966",3,5,8,6
"49967",1,10,11,10
"49968",1,4,5,4
"49969",2,7,9,7
"49970",3,27,30,27
"49971",9,15,24,17
"49972",2,8,10,8
"49973",3,4,7,6
"49974",2,5,7,5
"49975",1,9,10,9
"49976",1,7,8,7
"49977",3,20,23,22
"49978",1,12,13,12
"49979",2,9,11,9
"49980",2,4,6,5
"49981",1,2,3,2
"49982",1,1,2,1
"49983",1,1,2,1
"49984",2,15,17,15
"49985",3,4,7,5
"49986",12,29,41,34
"49987",16,54,70,54
"49988",1,3,4,3
"49989",1,3,4,3
"49990",2,4,6,5
"49991",1,8,9,8
"49992",2,5,7,6
"49993",2,2,4,2
"49994",3,34,37,34
"49995",1,1,2,1
"49996",3,3,6,4
"49997",1,20,21,20
"49998",4,15,19,16
"49999",1,3,4,3
"50000",4,2,6,5
"50001",3,24,27,26
"50002",4,15,19,17
"50003",7,7,14,12
"50004",1,1,2,1
"50005",1,16,17,16
"50006",2,3,5,3
"50007",3,20,23,20
"50008",2,9,11,9
"50009",2,4,6,5
"50010",2,5,7,6
"50011",2,7,9,7
"50012",1,2,3,2
"50013",1,3,4,3
"50014",1,4,5,4
"50015",3,16,19,18
"50016",2,25,27,25
"50017",1,25,26,25
"50018",1,21,22,21
"50019",2,3,5,4
"50020",1,6,7,6
"50021",2,1,3,2
"50022",3,3,6,4
"50023",5,29,34,32
"50024",2,6,8,7
"50025",1,4,5,4
"50026",4,4,8,4
"50027",4,20,24,21
"50028",1,4,5,4
"50029",3,9,12,11
"50030",3,16,19,16
"50031",10,2,12,10
"50032",2,6,8,7
"50033",1,10,11,10
"50034",1,1,2,1
"50035",4,28,32,29
"50036",1,1,2,1
"50037",1,23,24,23
"50038",3,3,6,4
"50039",1,8,9,8
"50040",13,5,18,15
"50041",3,6,9,7
"50042",3,45,48,45
"50043",1,1,2,1
"50044",1,11,12,11
"50045",2,20,22,20
"50046",3,3,6,4
"50047",2,4,6,5
"50048",1,1,2,1
"50049",1,30,31,30
"50050",1,14,15,14
"50051",1,8,9,8
"50052",1,1,2,1
"50053",1,6,7,6
"50054",3,4,7,6
"50055",4,10,14,13
"50056",3,29,32,30
"50057",1,6,7,6
"50058",4,1,5,4
"50059",4,15,19,17
"50060",1,6,7,6
"50061",1,4,5,4
"50062",1,9,10,9
"50063",1,1,2,1
"50064",7,15,22,18
"50065",4,4,8,7
"50066",1,35,36,35
"50067",2,4,6,5
"50068",1,2,3,2
"50069",6,28,34,33
"50070",4,7,11,9
"50071",3,3,6,3
"50072",3,23,26,23
"50073",1,13,14,13
"50074",1,5,6,5
"50075",3,11,14,12
"50076",1,3,4,3
"50077",1,35,36,35
"50078",1,7,8,7
"50079",1,2,3,2
"50080",2,3,5,4
"50081",1,10,11,10
"50082",1,2,3,2
"50083",3,2,5,3
"50084",1,4,5,4
"50085",2,4,6,5
"50086",2,2,4,3
"50087",3,2,5,4
"50088",2,18,20,19
"50089",3,24,27,24
"50090",2,5,7,6
"50091",2,16,18,16
"50092",5,22,27,25
"50093",1,17,18,17
"50094",2,1,3,2
"50095",2,1,3,2
"50096",2,37,39,38
"50097",10,26,36,29
"50098",1,4,5,4
"50099",1,2,3,2
"50100",1,13,14,13
"50101",1,2,3,2
"50102",1,4,5,4
"50103",3,5,8,5
"50104",3,2,5,4
"50105",2,2,4,3
"50106",4,16,20,17
"50107",1,2,3,2
"50108",2,8,10,9
"50109",3,36,39,38
"50110",2,1,3,2
"50111",1,20,21,20
"50112",2,4,6,4
"50113",2,2,4,3
"50114",2,10,12,10
"50115",2,10,12,10
"50116",7,27,34,32
"50117",4,5,9,8
"50118",6,5,11,10
"50119",1,8,9,8
"50120",13,30,43,42
"50121",2,7,9,7
"50122",2,13,15,13
"50123",2,3,5,4
"50124",11,11,22,11
"50125",2,6,8,6
"50126",1,6,7,6
"50127",1,1,2,1
"50128",2,17,19,18
"50129",1,2,3,2
"50130",1,4,5,4
"50131",1,17,18,17
"50132",3,14,17,15
"50133",2,8,10,8
"50134",1,32,33,32
"50135",1,1,2,1
"50136",3,18,21,19
"50137",1,1,2,1
"50138",1,3,4,3
"50139",3,24,27,24
"50140",1,5,6,5
"50141",1,14,15,14
"50142",4,8,12,11
"50143",1,6,7,6
"50144",2,1,3,2
"50145",2,1,3,2
"50146",1,16,17,16
"50147",2,1,3,2
"50148",1,7,8,7
"50149",1,10,11,10
"50150",2,5,7,5
"50151",1,40,41,40
"50152",2,6,8,6
"50153",1,7,8,7
"50154",1,4,5,4
"50155",2,15,17,15
"50156",2,10,12,10
"50157",2,10,12,10
"50158",2,2,4,3
"50159",1,10,11,10
"50160",3,4,7,5
"50161",2,5,7,5
"50162",3,5,8,7
"50163",5,1,6,5
"50164",1,2,3,2
"50165",1,3,4,3
"50166",3,20,23,20
"50167",2,1,3,2
"50168",3,9,12,9
"50169",2,5,7,6
"50170",4,9,13,11
"50171",1,18,19,18
"50172",1,2,3,2
"50173",1,26,27,26
"50174",1,3,4,3
"50175",4,5,9,6
"50176",1,1,2,1
"50177",1,18,19,18
"50178",6,6,12,10
"50179",1,8,9,8
"50180",10,1,11,10
"50181",12,35,47,46
"50182",4,11,15,12
"50183",2,4,6,4
"50184",2,6,8,7
"50185",1,1,2,1
"50186",3,7,10,9
"50187",3,1,4,3
"50188",2,12,14,12
"50189",1,6,7,6
"50190",1,25,26,25
"50191",2,39,41,39
"50192",1,4,5,4
"50193",2,4,6,5
"50194",2,6,8,7
"50195",13,1,14,13
"50196",1,3,4,3
"50197",2,18,20,18
"50198",1,11,12,11
"50199",4,20,24,23
"50200",3,46,49,46
"50201",1,11,12,11
"50202",1,9,10,9
"50203",1,1,2,1
"50204",1,16,17,16
"50205",1,13,14,13
"50206",9,19,28,23
"50207",1,4,5,4
"50208",1,2,3,2
"50209",3,18,21,18
"50210",1,3,4,3
"50211",2,20,22,21
"50212",1,16,17,16
"50213",13,4,17,16
"50214",6,2,8,7
"50215",1,6,7,6
"50216",1,1,2,1
"50217",2,14,16,15
"50218",1,4,5,4
"50219",1,14,15,14
"50220",1,7,8,7
"50221",3,2,5,3
"50222",3,12,15,13
"50223",1,15,16,15
"50224",2,22,24,22
"50225",1,2,3,2
"50226",3,15,18,17
"50227",1,3,4,3
"50228",1,8,9,8
"50229",1,8,9,8
"50230",1,2,3,2
"50231",1,8,9,8
"50232",1,3,4,3
"50233",1,10,11,10
"50234",16,54,70,54
"50235",2,3,5,3
"50236",1,3,4,3
"50237",1,2,3,2
"50238",1,5,6,5
"50239",1,1,2,1
"50240",1,7,8,7
"50241",7,7,14,7
"50242",6,14,20,18
"50243",1,11,12,11
"50244",2,29,31,30
"50245",3,5,8,6
"50246",1,6,7,6
"50247",1,1,2,1
"50248",4,14,18,17
"50249",1,8,9,8
"50250",2,13,15,13
"50251",2,17,19,18
"50252",1,2,3,2
"50253",1,9,10,9
"50254",4,31,35,33
"50255",1,9,10,9
"50256",2,21,23,21
"50257",1,3,4,3
"50258",2,1,3,2
"50259",4,15,19,17
"50260",1,2,3,2
"50261",2,176,178,176
"50262",1,35,36,35
"50263",6,9,15,12
"50264",2,12,14,12
"50265",2,14,16,14
"50266",1,1,2,1
"50267",2,4,6,4
"50268",3,17,20,17
"50269",1,2,3,2
"50270",4,42,46,43
"50271",2,11,13,11
"50272",1,3,4,3
"50273",1,8,9,8
"50274",1,18,19,18
"50275",2,6,8,7
"50276",2,5,7,5
"50277",4,6,10,7
"50278",3,4,7,5
"50279",6,2,8,7
"50280",1,3,4,3
"50281",2,1,3,2
"50282",2,3,5,3
"50283",1,25,26,25
"50284",2,11,13,12
"50285",1,4,5,4
"50286",3,5,8,7
"50287",3,3,6,3
"50288",1,38,39,38
"50289",2,10,12,11
"50290",3,6,9,7
"50291",1,6,7,6
"50292",5,8,13,12
"50293",3,9,12,10
"50294",2,5,7,6
"50295",1,3,4,3
"50296",2,11,13,12
"50297",12,17,29,24
"50298",4,1,5,4
"50299",2,40,42,40
"50300",1,6,7,6
"50301",4,4,8,6
"50302",7,56,63,59
"50303",2,7,9,8
"50304",3,5,8,6
"50305",4,36,40,37
"50306",2,16,18,16
"50307",1,56,57,56
"50308",2,6,8,7
"50309",3,5,8,7
"50310",3,5,8,7
"50311",1,13,14,13
"50312",1,11,12,11
"50313",2,28,30,29
"50314",2,27,29,27
"50315",6,2,8,7
"50316",1,9,10,9
"50317",2,6,8,7
"50318",1,1,2,1
"50319",3,3,6,5
"50320",3,2,5,3
"50321",1,20,21,20
"50322",3,6,9,8
"50323",2,1,3,2
"50324",1,1,2,1
"50325",3,10,13,12
"50326",3,9,12,10
"50327",1,4,5,4
"50328",3,2,5,3
"50329",5,169,174,172
"50330",3,24,27,24
"50331",1,1,2,1
"50332",7,9,16,13
"50333",2,2,4,3
"50334",5,20,25,23
"50335",1,5,6,5
"50336",3,1,4,3
"50337",1,1,2,1
"50338",2,61,63,61
"50339",5,12,17,16
"50340",9,36,45,41
"50341",2,7,9,8
"50342",7,14,21,18
"50343",3,17,20,17
"50344",2,7,9,7
"50345",1,7,8,7
"50346",3,2,5,4
"50347",4,15,19,17
"50348",1,42,43,42
"50349",1,11,12,11
"50350",3,18,21,18
"50351",5,176,181,176
"50352",2,10,12,10
"50353",4,10,14,12
"50354",1,6,7,6
"50355",6,37,43,39
"50356",2,6,8,6
"50357",1,2,3,2
"50358",3,6,9,8
"50359",1,1,2,1
"50360",2,7,9,8
"50361",1,61,62,61
"50362",3,4,7,6
"50363",3,169,172,170
"50364",4,28,32,28
"50365",1,1,2,1
"50366",4,56,60,56
"50367",3,2,5,3
"50368",3,37,40,38
"50369",2,2,4,2
"50370",4,9,13,12
"50371",2,2,4,2
"50372",5,5,10,9
"50373",1,6,7,6
"50374",1,7,8,7
"50375",1,18,19,18
"50376",1,7,8,7
"50377",5,29,34,31
"50378",1,1,2,1
"50379",1,6,7,6
"50380",1,8,9,8
"50381",4,42,46,42
"50382",1,38,39,38
"50383",2,1,3,2
"50384",3,36,39,37
"50385",1,10,11,10
"50386",1,1,2,1
"50387",6,1,7,6
"50388",3,11,14,11
"50389",3,1,4,3
"50390",2,9,11,10
"50391",4,5,9,8
"50392",8,35,43,38
"50393",1,4,5,4
"50394",1,2,3,2
"50395",11,5,16,11
"50396",3,23,26,25
"50397",8,52,60,57
"50398",4,5,9,7
"50399",1,1,2,1
"50400",1,35,36,35
"50401",6,5,11,10
"50402",1,7,8,7
"50403",3,3,6,4
"50404",3,7,10,9
"50405",3,29,32,29
"50406",2,8,10,9
"50407",3,31,34,33
"50408",2,5,7,6
"50409",12,17,29,24
"50410",1,18,19,18
"50411",1,11,12,11
"50412",1,1,2,1
"50413",2,2,4,2
"50414",3,4,7,6
"50415",1,2,3,2
"50416",1,45,46,45
"50417",5,10,15,13
"50418",3,29,32,31
"50419",1,8,9,8
"50420",4,1,5,4
"50421",1,1,2,1
"50422",2,36,38,37
"50423",3,32,35,33
"50424",1,5,6,5
"50425",4,21,25,22
"50426",1,7,8,7
"50427",1,2,3,2
"50428",1,54,55,54
"50429",2,56,58,56
"50430",3,17,20,17
"50431",4,4,8,7
"50432",2,38,40,38
"50433",1,2,3,2
"50434",3,3,6,5
"50435",2,6,8,7
"50436",2,1,3,2
"50437",1,5,6,5
"50438",1,29,30,29
"50439",3,6,9,6
"50440",1,12,13,12
"50441",1,7,8,7
"50442",4,8,12,11
"50443",1,8,9,8
"50444",1,4,5,4
"50445",1,2,3,2
"50446",1,1,2,1
"50447",1,36,37,36
"50448",2,3,5,4
"50449",3,8,11,10
"50450",1,4,5,4
"50451",1,16,17,16
"50452",11,31,42,35
"50453",4,3,7,6
"50454",4,9,13,11
"50455",1,1,2,1
"50456",4,7,11,9
"50457",3,7,10,7
"50458",7,1,8,7
"50459",1,1,2,1
"50460",1,7,8,7
"50461",1,2,3,2
"50462",1,3,4,3
"50463",9,15,24,17
"50464",1,3,4,3
"50465",1,5,6,5
"50466",3,3,6,4
"50467",1,4,5,4
"50468",3,14,17,14
"50469",3,3,6,5
"50470",3,25,28,25
"50471",2,7,9,7
"50472",8,18,26,23
"50473",7,6,13,12
"50474",1,6,7,6
"50475",1,12,13,12
"50476",1,6,7,6
"50477",3,6,9,6
"50478",4,29,33,29
"50479",4,10,14,11
"50480",5,1,6,5
"50481",1,3,4,3
"50482",8,4,12,10
"50483",1,61,62,61
"50484",2,1,3,2
"50485",1,9,10,9
"50486",5,7,12,10
"50487",1,4,5,4
"50488",2,3,5,4
"50489",6,3,9,6
"50490",2,1,3,2
"50491",2,8,10,8
"50492",1,12,13,12
"50493",11,25,36,33
"50494",2,13,15,13
"50495",3,7,10,7
"50496",1,5,6,5
"50497",9,1,10,9
"50498",1,16,17,16
"50499",2,14,16,14
"50500",1,8,9,8
"50501",1,3,4,3
"50502",1,34,35,34
"50503",1,2,3,2
"50504",1,13,14,13
"50505",3,6,9,7
"50506",1,1,2,1
"50507",1,2,3,2
"50508",3,7,10,8
"50509",8,36,44,41
"50510",15,1,16,15
"50511",3,1,4,3
"50512",1,7,8,7
"50513",2,2,4,3
"50514",1,1,2,1
"50515",1,8,9,8
"50516",6,42,48,47
"50517",2,3,5,3
"50518",7,18,25,22
"50519",4,15,19,15
"50520",1,6,7,6
"50521",1,13,14,13
"50522",1,15,16,15
"50523",5,10,15,13
"50524",3,9,12,10
"50525",6,3,9,7
"50526",1,14,15,14
"50527",2,2,4,3
"50528",1,5,6,5
"50529",1,11,12,11
"50530",3,3,6,5
"50531",1,4,5,4
"50532",1,5,6,5
"50533",9,14,23,15
"50534",1,40,41,40
"50535",6,24,30,28
"50536",3,4,7,6
"50537",3,2,5,3
"50538",2,2,4,3
"50539",1,6,7,6
"50540",8,35,43,38
"50541",1,2,3,2
"50542",4,6,10,8
"50543",1,1,2,1
"50544",9,15,24,17
"50545",1,7,8,7
"50546",2,2,4,2
"50547",1,3,4,3
"50548",4,5,9,7
"50549",3,3,6,4
"50550",2,7,9,8
"50551",10,12,22,21
"50552",6,61,67,62
"50553",5,8,13,11
"50554",4,61,65,63
"50555",1,3,4,3
"50556",4,15,19,16
"50557",3,14,17,14
"50558",4,28,32,29
"50559",1,61,62,61
"50560",1,16,17,16
"50561",1,1,2,1
"50562",7,20,27,25
"50563",1,10,11,10
"50564",1,1,2,1
"50565",1,3,4,3
"50566",2,11,13,11
"50567",1,5,6,5
"50568",4,8,12,9
"50569",1,1,2,1
"50570",4,16,20,17
"50571",1,16,17,16
"50572",2,8,10,8
"50573",5,19,24,22
"50574",2,10,12,11
"50575",4,2,6,5
"50576",2,61,63,61
"50577",3,9,12,11
"50578",3,1,4,3
"50579",3,11,14,12
"50580",5,17,22,19
"50581",2,6,8,7
"50582",2,13,15,13
"50583",2,2,4,3
"50584",3,2,5,4
"50585",1,18,19,18
"50586",5,10,15,11
"50587",1,3,4,3
"50588",3,9,12,11
"50589",1,8,9,8
"50590",1,2,3,2
"50591",1,7,8,7
"50592",2,5,7,5
"50593",2,4,6,5
"50594",10,9,19,17
"50595",5,4,9,7
"50596",5,14,19,18
"50597",12,1,13,12
"50598",1,2,3,2
"50599",3,60,63,61
"50600",24,1,25,24
"50601",1,1,2,1
"50602",1,17,18,17
"50603",2,6,8,7
"50604",2,5,7,5
"50605",13,1,14,13
"50606",5,14,19,17
"50607",1,3,4,3
"50608",1,2,3,2
"50609",2,5,7,6
"50610",2,14,16,15
"50611",1,4,5,4
"50612",2,42,44,42
"50613",3,11,14,11
"50614",1,4,5,4
"50615",1,5,6,5
"50616",3,7,10,8
"50617",1,1,2,1
"50618",2,17,19,18
"50619",2,3,5,3
"50620",1,11,12,11
"50621",1,2,3,2
"50622",1,10,11,10
"50623",1,10,11,10
"50624",1,9,10,9
"50625",2,15,17,16
"50626",1,6,7,6
"50627",6,16,22,16
"50628",3,4,7,6
"50629",5,1,6,5
"50630",1,2,3,2
"50631",2,20,22,20
"50632",1,8,9,8
"50633",2,11,13,12
"50634",2,25,27,25
"50635",1,2,3,2
"50636",1,4,5,4
"50637",5,20,25,24
"50638",2,19,21,19
"50639",2,14,16,15
"50640",2,10,12,10
"50641",2,1,3,2
"50642",1,1,2,1
"50643",1,7,8,7
"50644",1,4,5,4
"50645",2,1,3,2
"50646",8,5,13,12
"50647",2,7,9,7
"50648",1,5,6,5
"50649",1,8,9,8
"50650",1,1,2,1
"50651",2,4,6,5
"50652",1,3,4,3
"50653",1,32,33,32
"50654",4,7,11,9
"50655",1,4,5,4
"50656",1,4,5,4
"50657",10,1,11,10
"50658",1,1,2,1
"50659",2,9,11,9
"50660",2,2,4,2
"50661",2,2,4,2
"50662",3,7,10,9
"50663",1,10,11,10
"50664",4,1,5,4
"50665",13,2,15,14
"50666",1,14,15,14
"50667",1,13,14,13
"50668",1,17,18,17
"50669",2,15,17,16
"50670",1,3,4,3
"50671",2,6,8,7
"50672",6,23,29,25
"50673",1,4,5,4
"50674",5,11,16,13
"50675",4,16,20,18
"50676",2,26,28,26
"50677",2,2,4,3
"50678",1,2,3,2
"50679",2,4,6,4
"50680",4,6,10,7
"50681",1,3,4,3
"50682",1,6,7,6
"50683",2,2,4,2
"50684",1,10,11,10
"50685",1,1,2,1
"50686",14,1,15,14
"50687",1,5,6,5
"50688",2,3,5,3
"50689",4,56,60,58
"50690",10,15,25,24
"50691",6,4,10,8
"50692",2,10,12,10
"50693",2,6,8,7
"50694",1,24,25,24
"50695",3,20,23,21
"50696",1,6,7,6
"50697",1,3,4,3
"50698",2,5,7,5
"50699",2,3,5,3
"50700",2,5,7,5
"50701",2,3,5,3
"50702",1,1,2,1
"50703",35,10,45,43
"50704",1,3,4,3
"50705",1,3,4,3
"50706",2,12,14,12
"50707",3,29,32,29
"50708",169,9,178,175
"50709",1,6,7,6
"50710",1,16,17,16
"50711",5,4,9,6
"50712",2,1,3,2
"50713",2,11,13,11
"50714",1,1,2,1
"50715",1,1,2,1
"50716",1,56,57,56
"50717",4,35,39,36
"50718",1,12,13,12
"50719",3,3,6,3
"50720",4,5,9,8
"50721",2,4,6,4
"50722",2,42,44,43
"50723",1,8,9,8
"50724",2,3,5,4
"50725",1,20,21,20
"50726",1,56,57,56
"50727",2,21,23,22
"50728",1,3,4,3
"50729",1,13,14,13
"50730",3,16,19,17
"50731",2,1,3,2
"50732",2,2,4,3
"50733",1,54,55,54
"50734",1,10,11,10
"50735",2,8,10,8
"50736",1,12,13,12
"50737",1,7,8,7
"50738",1,3,4,3
"50739",1,10,11,10
"50740",2,13,15,13
"50741",3,7,10,8
"50742",9,3,12,9
"50743",1,2,3,2
"50744",4,11,15,14
"50745",3,1,4,3
"50746",1,9,10,9
"50747",1,8,9,8
"50748",2,11,13,11
"50749",4,14,18,16
"50750",2,4,6,4
"50751",2,1,3,2
"50752",7,27,34,31
"50753",1,10,11,10
"50754",2,3,5,4
"50755",3,1,4,3
"50756",3,1,4,3
"50757",1,2,3,2
"50758",2,7,9,8
"50759",6,5,11,9
"50760",2,7,9,8
"50761",3,4,7,6
"50762",3,4,7,4
"50763",1,2,3,2
"50764",1,3,4,3
"50765",9,6,15,13
"50766",9,6,15,13
"50767",3,7,10,8
"50768",1,1,2,1
"50769",2,3,5,4
"50770",13,5,18,15
"50771",4,2,6,5
"50772",1,6,7,6
"50773",2,2,4,2
"50774",1,10,11,10
"50775",1,16,17,16
"50776",1,4,5,4
"50777",1,8,9,8
"50778",2,5,7,5
"50779",1,2,3,2
"50780",1,10,11,10
"50781",3,31,34,32
"50782",3,1,4,3
"50783",3,36,39,38
"50784",1,1,2,1
"50785",3,3,6,4
"50786",10,4,14,12
"50787",3,11,14,12
"50788",5,28,33,29
"50789",4,18,22,19
"50790",2,6,8,6
"50791",4,4,8,6
"50792",1,8,9,8
"50793",2,4,6,5
"50794",1,1,2,1
"50795",6,4,10,9
"50796",1,3,4,3
"50797",5,2,7,6
"50798",1,2,3,2
"50799",2,5,7,5
"50800",1,2,3,2
"50801",1,7,8,7
"50802",3,37,40,38
"50803",2,4,6,4
"50804",22,6,28,24
"50805",3,23,26,25
"50806",16,54,70,54
"50807",1,9,10,9
"50808",3,23,26,24
"50809",1,9,10,9
"50810",2,19,21,20
"50811",2,1,3,2
"50812",1,15,16,15
"50813",1,8,9,8
"50814",3,17,20,17
"50815",1,2,3,2
"50816",1,5,6,5
"50817",3,42,45,42
"50818",9,1,10,9
"50819",3,17,20,17
"50820",1,24,25,24
"50821",1,18,19,18
"50822",1,3,4,3
"50823",2,6,8,7
"50824",1,39,40,39
"50825",15,37,52,49
"50826",169,17,186,185
"50827",1,4,5,4
"50828",1,37,38,37
"50829",16,11,27,21
"50830",8,1,9,8
"50831",2,8,10,8
"50832",1,6,7,6
"50833",1,8,9,8
"50834",1,32,33,32
"50835",2,5,7,5
"50836",1,14,15,14
"50837",2,1,3,2
"50838",3,54,57,54
"50839",8,6,14,13
"50840",1,21,22,21
"50841",1,2,3,2
"50842",1,3,4,3
"50843",2,3,5,4
"50844",4,17,21,19
"50845",3,8,11,9
"50846",2,15,17,15
"50847",2,11,13,11
"50848",1,3,4,3
"50849",2,8,10,8
"50850",3,20,23,20
"50851",2,1,3,2
"50852",1,2,3,2
"50853",1,3,4,3
"50854",1,2,3,2
"50855",1,8,9,8
"50856",1,1,2,1
"50857",4,14,18,17
"50858",3,3,6,3
"50859",2,6,8,6
"50860",1,4,5,4
"50861",2,3,5,4
"50862",1,5,6,5
"50863",1,1,2,1
"50864",1,1,2,1
"50865",5,7,12,11
"50866",3,4,7,6
"50867",1,11,12,11
"50868",1,15,16,15
"50869",1,2,3,2
"50870",2,15,17,16
"50871",3,12,15,12
"50872",1,10,11,10
"50873",1,5,6,5
"50874",1,8,9,8
"50875",7,11,18,16
"50876",6,6,12,11
"50877",4,8,12,11
"50878",3,20,23,20
"50879",3,12,15,12
"50880",2,15,17,15
"50881",1,1,2,1
"50882",5,36,41,40
"50883",1,12,13,12
"50884",2,5,7,6
"50885",2,4,6,4
"50886",2,2,4,2
"50887",2,7,9,8
"50888",15,8,23,21
"50889",4,6,10,8
"50890",1,2,3,2
"50891",4,13,17,15
"50892",1,61,62,61
"50893",1,14,15,14
"50894",7,9,16,11
"50895",2,13,15,13
"50896",1,16,17,16
"50897",9,1,10,9
"50898",4,4,8,4
"50899",2,11,13,11
"50900",2,10,12,11
"50901",4,1,5,4
"50902",1,17,18,17
"50903",1,15,16,15
"50904",1,7,8,7
"50905",2,5,7,6
"50906",2,9,11,10
"50907",1,5,6,5
"50908",4,36,40,38
"50909",1,60,61,60
"50910",8,18,26,23
"50911",2,27,29,28
"50912",16,4,20,19
"50913",5,20,25,23
"50914",7,9,16,13
"50915",1,10,11,10
"50916",1,5,6,5
"50917",2,23,25,23
"50918",1,1,2,1
"50919",1,5,6,5
"50920",4,28,32,28
"50921",2,5,7,6
"50922",1,15,16,15
"50923",1,14,15,14
"50924",5,29,34,30
"50925",3,5,8,6
"50926",2,9,11,9
"50927",1,1,2,1
"50928",7,1,8,7
"50929",1,4,5,4
"50930",2,10,12,11
"50931",3,11,14,12
"50932",2,1,3,2
"50933",3,6,9,7
"50934",1,5,6,5
"50935",3,18,21,20
"50936",1,5,6,5
"50937",1,3,4,3
"50938",7,7,14,12
"50939",1,24,25,24
"50940",1,4,5,4
"50941",1,3,4,3
"50942",1,2,3,2
"50943",2,3,5,4
"50944",1,7,8,7
"50945",1,5,6,5
"50946",6,8,14,13
"50947",3,10,13,12
"50948",5,20,25,23
"50949",4,22,26,24
"50950",1,1,2,1
"50951",16,4,20,19
"50952",1,5,6,5
"50953",2,3,5,3
"50954",1,3,4,3
"50955",1,7,8,7
"50956",2,13,15,13
"50957",1,2,3,2
"50958",1,6,7,6
"50959",1,8,9,8
"50960",2,12,14,12
"50961",13,9,22,21
"50962",1,12,13,12
"50963",1,1,2,1
"50964",1,3,4,3
"50965",2,4,6,5
"50966",2,6,8,6
"50967",1,5,6,5
"50968",1,10,11,10
"50969",6,35,41,39
"50970",3,9,12,11
"50971",3,2,5,4
"50972",2,12,14,12
"50973",3,44,47,45
"50974",1,8,9,8
"50975",1,6,7,6
"50976",1,15,16,15
"50977",2,24,26,24
"50978",2,9,11,10
"50979",1,18,19,18
"50980",1,13,14,13
"50981",2,3,5,4
"50982",1,5,6,5
"50983",2,15,17,15
"50984",3,29,32,29
"50985",2,25,27,26
"50986",2,26,28,26
"50987",1,40,41,40
"50988",2,20,22,21
"50989",1,3,4,3
"50990",3,5,8,6
"50991",5,12,17,16
"50992",1,4,5,4
"50993",3,10,13,11
"50994",6,14,20,14
"50995",3,8,11,9
"50996",1,4,5,4
"50997",2,3,5,4
"50998",3,12,15,12
"50999",2,2,4,3
"51000",1,18,19,18
"51001",1,8,9,8
"51002",3,6,9,6
"51003",2,11,13,11
"51004",1,3,4,3
"51005",1,5,6,5
"51006",6,4,10,9
"51007",2,24,26,24
"51008",2,30,32,31
"51009",1,1,2,1
"51010",1,2,3,2
"51011",3,3,6,5
"51012",1,14,15,14
"51013",1,1,2,1
"51014",1,16,17,16
"51015",1,18,19,18
"51016",169,3,172,170
"51017",25,10,35,30
"51018",10,25,35,30
"51019",1,22,23,22
"51020",15,15,30,15
"51021",6,37,43,42
"51022",2,6,8,7
"51023",1,6,7,6
"51024",12,3,15,14
"51025",1,1,2,1
"51026",4,36,40,37
"51027",1,15,16,15
"51028",3,31,34,33
"51029",43,12,55,52
"51030",3,5,8,5
"51031",2,2,4,2
"51032",2,5,7,5
"51033",1,6,7,6
"51034",2,1,3,2
"51035",1,7,8,7
"51036",1,29,30,29
"51037",2,28,30,29
"51038",1,37,38,37
"51039",2,16,18,17
"51040",3,28,31,30
"51041",1,10,11,10
"51042",3,3,6,4
"51043",1,5,6,5
"51044",2,1,3,2
"51045",2,7,9,7
"51046",1,5,6,5
"51047",2,7,9,7
"51048",3,30,33,32
"51049",1,2,3,2
"51050",14,1,15,14
"51051",4,1,5,4
"51052",1,1,2,1
"51053",1,4,5,4
"51054",2,1,3,2
"51055",1,1,2,1
"51056",4,7,11,10
"51057",8,169,177,172
"51058",1,5,6,5
"51059",1,3,4,3
"51060",1,1,2,1
"51061",6,14,20,17
"51062",2,26,28,26
"51063",2,2,4,3
"51064",5,19,24,23
"51065",1,1,2,1
"51066",2,3,5,4
"51067",1,8,9,8
"51068",1,6,7,6
"51069",1,5,6,5
"51070",4,2,6,4
"51071",5,4,9,8
"51072",2,1,3,2
"51073",1,13,14,13
"51074",3,3,6,4
"51075",2,14,16,14
"51076",4,10,14,13
"51077",5,30,35,34
"51078",4,1,5,4
"51079",6,13,19,16
"51080",2,5,7,5
"51081",1,13,14,13
"51082",4,42,46,42
"51083",3,2,5,4
"51084",2,1,3,2
"51085",5,17,22,21
"51086",1,2,3,2
"51087",2,9,11,9
"51088",12,2,14,13
"51089",1,14,15,14
"51090",1,18,19,18
"51091",2,54,56,54
"51092",1,1,2,1
"51093",1,2,3,2
"51094",2,10,12,11
"51095",2,3,5,3
"51096",3,35,38,35
"51097",1,5,6,5
"51098",1,5,6,5
"51099",1,17,18,17
"51100",2,18,20,19
"51101",3,24,27,24
"51102",2,15,17,15
"51103",4,31,35,31
"51104",2,7,9,7
"51105",1,1,2,1
"51106",1,3,4,3
"51107",28,20,48,47
"51108",1,4,5,4
"51109",2,4,6,4
"51110",3,4,7,6
"51111",1,11,12,11
"51112",1,8,9,8
"51113",1,3,4,3
"51114",1,11,12,11
"51115",1,11,12,11
"51116",3,11,14,12
"51117",1,56,57,56
"51118",4,17,21,18
"51119",3,28,31,29
"51120",1,1,2,1
"51121",4,9,13,11
"51122",1,5,6,5
"51123",1,1,2,1
"51124",2,1,3,2
"51125",2,1,3,2
"51126",1,15,16,15
"51127",1,8,9,8
"51128",1,15,16,15
"51129",1,1,2,1
"51130",3,3,6,4
"51131",5,7,12,8
"51132",1,3,4,3
"51133",2,4,6,4
"51134",2,2,4,3
"51135",3,4,7,6
"51136",1,8,9,8
"51137",1,8,9,8
"51138",1,1,2,1
"51139",1,3,4,3
"51140",1,4,5,4
"51141",2,9,11,9
"51142",2,6,8,7
"51143",6,24,30,25
"51144",2,3,5,4
"51145",3,14,17,16
"51146",11,56,67,61
"51147",1,1,2,1
"51148",4,13,17,16
"51149",2,12,14,12
"51150",2,1,3,2
"51151",1,9,10,9
"51152",4,1,5,4
"51153",2,10,12,10
"51154",1,1,2,1
"51155",2,25,27,25
"51156",1,4,5,4
"51157",2,13,15,14
"51158",1,37,38,37
"51159",1,5,6,5
"51160",2,6,8,7
"51161",5,35,40,36
"51162",1,9,10,9
"51163",3,35,38,37
"51164",4,6,10,9
"51165",4,5,9,7
"51166",1,14,15,14
"51167",3,15,18,17
"51168",3,5,8,7
"51169",3,5,8,7
"51170",2,12,14,12
"51171",1,1,2,1
"51172",3,13,16,15
"51173",5,1,6,5
"51174",5,13,18,14
"51175",2,1,3,2
"51176",7,56,63,59
"51177",1,14,15,14
"51178",6,12,18,16
"51179",1,3,4,3
"51180",1,15,16,15
"51181",1,13,14,13
"51182",2,23,25,24
"51183",1,12,13,12
"51184",1,1,2,1
"51185",2,6,8,7
"51186",1,5,6,5
"51187",1,1,2,1
"51188",2,3,5,4
"51189",2,3,5,4
"51190",11,5,16,15
"51191",1,3,4,3
"51192",2,19,21,19
"51193",8,28,36,35
"51194",1,6,7,6
"51195",4,42,46,44
"51196",1,2,3,2
"51197",2,13,15,14
"51198",2,4,6,5
"51199",6,3,9,7
"51200",2,8,10,9
"51201",6,7,13,11
"51202",6,40,46,42
"51203",4,9,13,11
"51204",2,2,4,2
"51205",2,11,13,12
"51206",5,36,41,39
"51207",1,20,21,20
"51208",2,3,5,3
"51209",2,4,6,4
"51210",3,3,6,4
"51211",1,17,18,17
"51212",1,2,3,2
"51213",1,7,8,7
"51214",1,1,2,1
"51215",1,3,4,3
"51216",2,3,5,3
"51217",2,10,12,10
"51218",7,1,8,7
"51219",12,43,55,52
"51220",4,1,5,4
"51221",1,10,11,10
"51222",2,5,7,6
"51223",2,22,24,22
"51224",1,32,33,32
"51225",4,5,9,8
"51226",1,2,3,2
"51227",8,18,26,23
"51228",5,1,6,5
"51229",2,61,63,61
"51230",1,12,13,12
"51231",2,1,3,2
"51232",1,8,9,8
"51233",2,5,7,6
"51234",1,1,2,1
"51235",2,16,18,16
"51236",1,1,2,1
"51237",1,7,8,7
"51238",10,1,11,10
"51239",1,21,22,21
"51240",3,5,8,6
"51241",1,2,3,2
"51242",1,3,4,3
"51243",3,9,12,9
"51244",3,25,28,26
"51245",1,22,23,22
"51246",1,9,10,9
"51247",1,7,8,7
"51248",1,4,5,4
"51249",1,2,3,2
"51250",1,29,30,29
"51251",1,5,6,5
"51252",2,16,18,16
"51253",1,2,3,2
"51254",1,12,13,12
"51255",1,5,6,5
"51256",7,29,36,34
"51257",2,14,16,14
"51258",1,18,19,18
"51259",1,4,5,4
"51260",1,1,2,1
"51261",2,10,12,10
"51262",5,22,27,25
"51263",2,11,13,12
"51264",2,35,37,35
"51265",1,1,2,1
"51266",1,8,9,8
"51267",2,25,27,25
"51268",2,5,7,6
"51269",1,1,2,1
"51270",1,18,19,18
"51271",2,12,14,12
"51272",1,1,2,1
"51273",2,3,5,3
"51274",5,4,9,6
"51275",1,13,14,13
"51276",7,7,14,7
"51277",3,1,4,3
"51278",4,12,16,15
"51279",4,9,13,12
"51280",1,4,5,4
"51281",1,8,9,8
"51282",5,11,16,14
"51283",4,2,6,5
"51284",5,4,9,7
"51285",2,21,23,22
"51286",3,15,18,17
"51287",2,9,11,10
"51288",2,26,28,26
"51289",3,9,12,10
"51290",5,14,19,18
"51291",2,4,6,5
"51292",2,1,3,2
"51293",7,8,15,12
"51294",1,2,3,2
"51295",2,10,12,10
"51296",3,6,9,8
"51297",1,18,19,18
"51298",1,5,6,5
"51299",1,1,2,1
"51300",2,10,12,10
"51301",2,8,10,9
"51302",1,3,4,3
"51303",2,16,18,16
"51304",16,2,18,17
"51305",2,8,10,8
"51306",4,10,14,12
"51307",1,9,10,9
"51308",2,1,3,2
"51309",2,10,12,11
"51310",2,18,20,18
"51311",1,9,10,9
"51312",2,10,12,10
"51313",5,37,42,38
"51314",2,3,5,3
"51315",1,2,3,2
"51316",9,14,23,15
"51317",2,3,5,4
"51318",1,2,3,2
"51319",6,2,8,7
"51320",3,10,13,10
"51321",4,9,13,11
"51322",3,5,8,7
"51323",4,15,19,16
"51324",16,7,23,22
"51325",3,20,23,20
"51326",1,2,3,2
"51327",1,2,3,2
"51328",14,8,22,18
"51329",9,1,10,9
"51330",8,4,12,11
"51331",2,20,22,20
"51332",1,1,2,1
"51333",2,6,8,7
"51334",1,1,2,1
"51335",2,1,3,2
"51336",1,4,5,4
"51337",4,4,8,6
"51338",2,11,13,11
"51339",2,8,10,9
"51340",1,8,9,8
"51341",7,7,14,13
"51342",3,2,5,4
"51343",1,1,2,1
"51344",1,2,3,2
"51345",3,7,10,8
"51346",3,7,10,9
"51347",4,4,8,4
"51348",2,4,6,4
"51349",1,1,2,1
"51350",4,2,6,4
"51351",2,3,5,3
"51352",1,3,4,3
"51353",1,9,10,9
"51354",2,6,8,7
"51355",1,1,2,1
"51356",1,6,7,6
"51357",5,28,33,29
"51358",1,5,6,5
"51359",3,5,8,7
"51360",2,3,5,3
"51361",3,9,12,10
"51362",5,5,10,5
"51363",1,3,4,3
"51364",2,2,4,3
"51365",1,7,8,7
"51366",4,4,8,6
"51367",2,2,4,2
"51368",1,1,2,1
"51369",1,1,2,1
"51370",1,2,3,2
"51371",1,5,6,5
"51372",12,2,14,13
"51373",1,2,3,2
"51374",2,1,3,2
"51375",1,1,2,1
"51376",7,10,17,16
"51377",1,4,5,4
"51378",1,1,2,1
"51379",2,6,8,6
"51380",1,6,7,6
"51381",1,6,7,6
"51382",15,15,30,15
"51383",1,4,5,4
"51384",1,3,4,3
"51385",1,5,6,5
"51386",1,1,2,1
"51387",4,8,12,9
"51388",1,1,2,1
"51389",1,1,2,1
"51390",2,2,4,3
"51391",4,41,45,43
"51392",13,3,16,14
"51393",20,15,35,34
"51394",8,2,10,8
"51395",3,6,9,8
"51396",2,2,4,2
"51397",3,3,6,4
"51398",16,6,22,20
"51399",3,7,10,7
"51400",4,27,31,27
"51401",6,1,7,6
"51402",2,16,18,16
"51403",2,5,7,6
"51404",1,14,15,14
"51405",3,8,11,10
"51406",4,14,18,16
"51407",7,19,26,19
"51408",2,22,24,23
"51409",1,6,7,6
"51410",3,3,6,5
"51411",3,20,23,20
"51412",1,12,13,12
"51413",2,14,16,15
"51414",3,1,4,3
"51415",1,7,8,7
"51416",3,7,10,9
"51417",1,6,7,6
"51418",3,28,31,30
"51419",16,16,32,16
"51420",3,10,13,11
"51421",3,2,5,4
"51422",3,24,27,25
"51423",2,9,11,9
"51424",3,10,13,12
"51425",1,4,5,4
"51426",1,7,8,7
"51427",1,1,2,1
"51428",3,10,13,11
"51429",3,4,7,6
"51430",1,23,24,23
"51431",1,24,25,24
"51432",1,4,5,4
"51433",6,29,35,33
"51434",9,14,23,15
"51435",1,11,12,11
"51436",1,30,31,30
"51437",1,12,13,12
"51438",1,10,11,10
"51439",1,2,3,2
"51440",3,2,5,3
"51441",12,12,24,12
"51442",1,37,38,37
"51443",3,6,9,6
"51444",7,56,63,59
"51445",5,7,12,10
"51446",1,1,2,1
"51447",2,15,17,15
"51448",1,2,3,2
"51449",2,1,3,2
"51450",7,5,12,11
"51451",1,1,2,1
"51452",2,20,22,20
"51453",1,1,2,1
"51454",2,35,37,35
"51455",3,1,4,3
"51456",1,24,25,24
"51457",1,11,12,11
"51458",6,17,23,20
"51459",1,12,13,12
"51460",11,31,42,35
"51461",1,5,6,5
"51462",1,4,5,4
"51463",1,2,3,2
"51464",1,7,8,7
"51465",9,19,28,23
"51466",2,17,19,17
"51467",3,32,35,33
"51468",1,16,17,16
"51469",1,14,15,14
"51470",2,2,4,3
"51471",7,19,26,19
"51472",6,20,26,21
"51473",5,56,61,60
"51474",3,5,8,5
"51475",6,20,26,24
"51476",1,10,11,10
"51477",1,13,14,13
"51478",1,36,37,36
"51479",4,6,10,9
"51480",3,12,15,12
"51481",1,15,16,15
"51482",1,2,3,2
"51483",1,20,21,20
"51484",6,6,12,9
"51485",2,7,9,8
"51486",2,1,3,2
"51487",1,56,57,56
"51488",2,2,4,2
"51489",4,31,35,32
"51490",1,1,2,1
"51491",4,10,14,13
"51492",3,3,6,4
"51493",1,3,4,3
"51494",8,18,26,24
"51495",1,1,2,1
"51496",11,5,16,11
"51497",1,7,8,7
"51498",2,13,15,13
"51499",1,12,13,12
"51500",5,3,8,7
"51501",1,5,6,5
"51502",4,4,8,6
"51503",4,4,8,5
"51504",2,4,6,5
"51505",16,60,76,75
"51506",3,40,43,42
"51507",5,9,14,13
"51508",3,2,5,3
"51509",1,4,5,4
"51510",1,2,3,2
"51511",9,19,28,23
"51512",1,9,10,9
"51513",1,2,3,2
"51514",5,16,21,19
"51515",9,12,21,20
"51516",3,5,8,6
"51517",1,56,57,56
"51518",1,1,2,1
"51519",5,10,15,13
"51520",2,9,11,9
"51521",4,3,7,4
"51522",9,3,12,9
"51523",4,4,8,6
"51524",4,2,6,5
"51525",1,1,2,1
"51526",1,1,2,1
"51527",1,1,2,1
"51528",5,33,38,37
"51529",1,33,34,33
"51530",3,3,6,3
"51531",6,10,16,14
"51532",6,13,19,16
"51533",2,10,12,10
"51534",3,42,45,42
"51535",14,5,19,18
"51536",1,4,5,4
"51537",3,14,17,14
"51538",2,7,9,8
"51539",2,22,24,22
"51540",2,3,5,4
"51541",2,5,7,6
"51542",3,4,7,4
"51543",17,15,32,30
"51544",1,7,8,7
"51545",5,6,11,10
"51546",3,37,40,38
"51547",1,14,15,14
"51548",3,1,4,3
"51549",2,4,6,5
"51550",1,12,13,12
"51551",9,15,24,17
"51552",4,2,6,5
"51553",1,3,4,3
"51554",1,24,25,24
"51555",1,4,5,4
"51556",1,8,9,8
"51557",16,54,70,54
"51558",5,176,181,176
"51559",2,56,58,56
"51560",3,3,6,4
"51561",1,1,2,1
"51562",4,7,11,10
"51563",1,2,3,2
"51564",2,4,6,4
"51565",1,6,7,6
"51566",7,1,8,7
"51567",4,61,65,64
"51568",2,1,3,2
"51569",1,1,2,1
"51570",2,17,19,18
"51571",4,3,7,5
"51572",5,11,16,13
"51573",3,11,14,12
"51574",2,15,17,15
"51575",1,15,16,15
"51576",3,16,19,16
"51577",2,18,20,18
"51578",2,8,10,8
"51579",3,6,9,6
"51580",18,3,21,20
"51581",7,15,22,18
"51582",4,4,8,7
"51583",1,3,4,3
"51584",1,15,16,15
"51585",1,2,3,2
"51586",1,11,12,11
"51587",1,18,19,18
"51588",2,4,6,4
"51589",1,1,2,1
"51590",2,10,12,11
"51591",2,16,18,16
"51592",4,42,46,43
"51593",1,8,9,8
"51594",10,3,13,10
"51595",3,16,19,18
"51596",1,40,41,40
"51597",6,30,36,35
"51598",1,1,2,1
"51599",3,6,9,8
"51600",1,4,5,4
"51601",3,10,13,11
"51602",3,11,14,13
"51603",1,16,17,16
"51604",2,2,4,3
"51605",4,4,8,6
"51606",2,9,11,10
"51607",1,17,18,17
"51608",5,4,9,8
"51609",4,3,7,4
"51610",2,5,7,6
"51611",10,19,29,20
"51612",5,4,9,6
"51613",1,4,5,4
"51614",2,5,7,6
"51615",2,13,15,13
"51616",1,16,17,16
"51617",11,15,26,25
"51618",1,15,16,15
"51619",3,32,35,32
"51620",5,13,18,17
"51621",2,30,32,30
"51622",2,12,14,12
"51623",1,4,5,4
"51624",1,3,4,3
"51625",4,2,6,5
"51626",1,13,14,13
"51627",2,16,18,16
"51628",2,14,16,15
"51629",1,7,8,7
"51630",4,5,9,8
"51631",3,10,13,10
"51632",1,4,5,4
"51633",1,2,3,2
"51634",1,7,8,7
"51635",1,4,5,4
"51636",4,3,7,5
"51637",1,12,13,12
"51638",5,2,7,6
"51639",3,17,20,17
"51640",13,1,14,13
"51641",1,21,22,21
"51642",3,12,15,14
"51643",1,2,3,2
"51644",1,2,3,2
"51645",4,5,9,8
"51646",3,2,5,4
"51647",5,60,65,62
"51648",1,2,3,2
"51649",1,6,7,6
"51650",4,25,29,27
"51651",1,1,2,1
"51652",1,1,2,1
"51653",2,14,16,14
"51654",1,15,16,15
"51655",1,10,11,10
"51656",1,5,6,5
"51657",1,21,22,21
"51658",13,2,15,13
"51659",5,20,25,23
"51660",1,7,8,7
"51661",3,11,14,11
"51662",2,35,37,36
"51663",5,20,25,22
"51664",2,4,6,5
"51665",1,9,10,9
"51666",5,4,9,5
"51667",1,3,4,3
"51668",4,23,27,23
"51669",2,5,7,5
"51670",1,7,8,7
"51671",3,3,6,5
"51672",1,3,4,3
"51673",2,1,3,2
"51674",2,8,10,9
"51675",3,2,5,4
"51676",1,34,35,34
"51677",1,1,2,1
"51678",1,1,2,1
"51679",4,8,12,10
"51680",2,1,3,2
"51681",12,22,34,30
"51682",2,4,6,5
"51683",1,3,4,3
"51684",2,4,6,4
"51685",1,4,5,4
"51686",1,2,3,2
"51687",2,7,9,7
"51688",3,39,42,41
"51689",3,6,9,8
"51690",2,1,3,2
"51691",1,1,2,1
"51692",1,36,37,36
"51693",8,11,19,18
"51694",4,28,32,29
"51695",2,14,16,15
"51696",1,1,2,1
"51697",1,4,5,4
"51698",1,1,2,1
"51699",6,3,9,8
"51700",1,16,17,16
"51701",1,42,43,42
"51702",3,8,11,9
"51703",1,12,13,12
"51704",2,3,5,4
"51705",2,4,6,4
"51706",5,5,10,7
"51707",2,4,6,5
"51708",1,4,5,4
"51709",1,8,9,8
"51710",1,8,9,8
"51711",3,12,15,13
"51712",2,12,14,13
"51713",1,13,14,13
"51714",5,1,6,5
"51715",1,7,8,7
"51716",4,8,12,11
"51717",3,13,16,14
"51718",6,5,11,10
"51719",3,10,13,12
"51720",1,13,14,13
"51721",1,9,10,9
"51722",1,18,19,18
"51723",5,40,45,42
"51724",5,6,11,9
"51725",2,8,10,8
"51726",6,2,8,7
"51727",2,4,6,4
"51728",4,5,9,7
"51729",3,9,12,9
"51730",3,37,40,38
"51731",4,10,14,11
"51732",1,17,18,17
"51733",2,9,11,10
"51734",6,6,12,10
"51735",3,176,179,176
"51736",1,2,3,2
"51737",2,9,11,10
"51738",3,3,6,4
"51739",2,2,4,2
"51740",12,2,14,13
"51741",27,27,54,27
"51742",5,15,20,19
"51743",4,15,19,15
"51744",8,1,9,8
"51745",21,21,42,21
"51746",17,17,34,17
"51747",25,13,38,37
"51748",13,14,27,25
"51749",10,11,21,20
"51750",11,27,38,37
"51751",35,10,45,42
"51752",11,25,36,35
"51753",1,8,9,8
"51754",4,25,29,28
"51755",7,3,10,8
"51756",7,15,22,20
"51757",2,28,30,28
"51758",20,20,40,20
"51759",14,7,21,20
"51760",7,8,15,14
"51761",5,7,12,10
"51762",3,3,6,5
"51763",20,6,26,23
"51764",2,35,37,35
"51765",24,21,45,44
"51766",32,32,64,32
"51767",15,36,51,48
"51768",7,9,16,15
"51769",6,21,27,23
"51770",1,2,3,2
"51771",5,1,6,5
"51772",7,4,11,10
"51773",1,5,6,5
"51774",8,18,26,25
"51775",9,5,14,13
"51776",2,7,9,8
"51777",60,30,90,89
"51778",46,46,92,46
"51779",8,24,32,28
"51780",2,4,6,4
"51781",3,28,31,30
"51782",28,28,56,28
"51783",1,12,13,12
"51784",1,9,10,9
"51785",3,3,6,5
"51786",1,20,21,20
"51787",3,2,5,3
"51788",5,12,17,15
"51789",2,4,6,4
"51790",2,11,13,12
"51791",4,9,13,11
"51792",2,38,40,39
"51793",4,18,22,21
"51794",1,1,2,1
"51795",8,6,14,13
"51796",1,3,4,3
"51797",2,1,3,2
"51798",4,40,44,42
"51799",4,36,40,37
"51800",5,39,44,43
"51801",2,8,10,9
"51802",1,2,3,2
"51803",10,10,20,17
"51804",3,6,9,8
"51805",2,5,7,6
"51806",1,8,9,8
"51807",2,11,13,11
"51808",1,10,11,10
"51809",1,10,11,10
"51810",1,1,2,1
"51811",2,18,20,18
"51812",2,5,7,5
"51813",3,1,4,3
"51814",4,15,19,16
"51815",1,5,6,5
"51816",3,7,10,9
"51817",2,13,15,13
"51818",2,9,11,10
"51819",1,11,12,11
"51820",4,40,44,41
"51821",3,11,14,11
"51822",3,8,11,10
"51823",2,12,14,12
"51824",3,4,7,4
"51825",1,7,8,7
"51826",4,29,33,32
"51827",12,12,24,23
"51828",2,14,16,15
"51829",2,5,7,6
"51830",2,2,4,3
"51831",2,39,41,39
"51832",1,1,2,1
"51833",3,19,22,19
"51834",4,9,13,11
"51835",6,11,17,15
"51836",3,5,8,7
"51837",3,3,6,5
"51838",2,11,13,12
"51839",2,1,3,2
"51840",2,12,14,12
"51841",4,18,22,20
"51842",4,34,38,36
"51843",1,12,13,12
"51844",3,8,11,9
"51845",1,2,3,2
"51846",1,5,6,5
"51847",3,5,8,7
"51848",2,14,16,15
"51849",1,38,39,38
"51850",1,25,26,25
"51851",3,8,11,9
"51852",1,2,3,2
"51853",1,15,16,15
"51854",4,17,21,18
"51855",4,10,14,11
"51856",1,13,14,13
"51857",1,1,2,1
"51858",17,13,30,24
"51859",8,31,39,32
"51860",2,6,8,6
"51861",4,2,6,4
"51862",5,15,20,15
"51863",3,2,5,3
"51864",3,29,32,29
"51865",1,16,17,16
"51866",3,18,21,19
"51867",1,1,2,1
"51868",2,6,8,6
"51869",1,11,12,11
"51870",2,3,5,4
"51871",7,1,8,7
"51872",1,3,4,3
"51873",1,2,3,2
"51874",1,2,3,2
"51875",24,1,25,24
"51876",1,10,11,10
"51877",2,4,6,4
"51878",1,8,9,8
"51879",1,6,7,6
"51880",1,3,4,3
"51881",1,42,43,42
"51882",1,13,14,13
"51883",5,7,12,9
"51884",5,14,19,18
"51885",1,2,3,2
"51886",4,17,21,17
"51887",2,23,25,23
"51888",2,2,4,2
"51889",16,54,70,54
"51890",1,11,12,11
"51891",1,1,2,1
"51892",2,1,3,2
"51893",1,4,5,4
"51894",3,29,32,31
"51895",1,5,6,5
"51896",2,5,7,5
"51897",2,24,26,25
"51898",1,4,5,4
"51899",1,1,2,1
"51900",6,3,9,8
"51901",2,19,21,20
"51902",1,3,4,3
"51903",5,1,6,5
"51904",1,4,5,4
"51905",1,1,2,1
"51906",1,1,2,1
"51907",1,7,8,7
"51908",2,40,42,41
"51909",1,7,8,7
"51910",3,6,9,6
"51911",1,1,2,1
"51912",17,2,19,18
"51913",1,8,9,8
"51914",2,28,30,28
"51915",5,6,11,6
"51916",1,56,57,56
"51917",13,3,16,14
"51918",1,1,2,1
"51919",4,12,16,13
"51920",4,2,6,5
"51921",3,3,6,4
"51922",1,2,3,2
"51923",1,15,16,15
"51924",1,2,3,2
"51925",1,35,36,35
"51926",3,3,6,4
"51927",2,9,11,10
"51928",3,21,24,22
"51929",10,16,26,22
"51930",1,2,3,2
"51931",2,4,6,5
"51932",1,13,14,13
"51933",1,11,12,11
"51934",1,4,5,4
"51935",5,6,11,9
"51936",4,11,15,12
"51937",2,12,14,12
"51938",2,36,38,36
"51939",2,14,16,14
"51940",7,3,10,9
"51941",2,3,5,4
"51942",10,16,26,22
"51943",3,12,15,14
"51944",5,12,17,16
"51945",2,18,20,18
"51946",3,4,7,4
"51947",1,3,4,3
"51948",1,30,31,30
"51949",4,4,8,4
"51950",1,15,16,15
"51951",4,9,13,10
"51952",1,8,9,8
"51953",1,3,4,3
"51954",2,25,27,25
"51955",2,8,10,9
"51956",2,5,7,6
"51957",11,7,18,15
"51958",4,3,7,5
"51959",2,3,5,4
"51960",2,2,4,2
"51961",1,3,4,3
"51962",18,18,36,18
"51963",6,37,43,42
"51964",9,1,10,9
"51965",1,9,10,9
"51966",7,10,17,13
"51967",1,3,4,3
"51968",3,8,11,10
"51969",2,27,29,28
"51970",1,16,17,16
"51971",1,9,10,9
"51972",2,1,3,2
"51973",1,14,15,14
"51974",2,15,17,15
"51975",3,14,17,15
"51976",2,4,6,5
"51977",9,29,38,37
"51978",3,32,35,33
"51979",3,14,17,16
"51980",3,20,23,20
"51981",6,2,8,7
"51982",1,11,12,11
"51983",1,2,3,2
"51984",3,3,6,5
"51985",2,5,7,6
"51986",1,2,3,2
"51987",9,60,69,66
"51988",1,14,15,14
"51989",5,4,9,6
"51990",1,10,11,10
"51991",1,3,4,3
"51992",3,23,26,23
"51993",3,4,7,6
"51994",1,1,2,1
"51995",4,5,9,8
"51996",2,5,7,5
"51997",1,16,17,16
"51998",6,10,16,14
"51999",1,10,11,10
"52000",2,2,4,2
"52001",1,5,6,5
"52002",14,8,22,16
"52003",1,7,8,7
"52004",1,1,2,1
"52005",1,3,4,3
"52006",2,14,16,14
"52007",1,15,16,15
"52008",1,6,7,6
"52009",3,11,14,12
"52010",3,40,43,40
"52011",1,3,4,3
"52012",4,11,15,14
"52013",1,13,14,13
"52014",1,14,15,14
"52015",1,17,18,17
"52016",17,1,18,17
"52017",3,9,12,11
"52018",16,11,27,21
"52019",3,12,15,14
"52020",6,4,10,9
"52021",4,11,15,14
"52022",7,4,11,10
"52023",4,4,8,4
"52024",9,3,12,11
"52025",9,9,18,9
"52026",5,20,25,24
"52027",1,4,5,4
"52028",1,2,3,2
"52029",1,9,10,9
"52030",11,25,36,33
"52031",3,15,18,17
"52032",5,169,174,173
"52033",5,8,13,12
"52034",1,37,38,37
"52035",3,4,7,5
"52036",1,12,13,12
"52037",1,2,3,2
"52038",4,10,14,11
"52039",1,7,8,7
"52040",4,6,10,8
"52041",2,14,16,15
"52042",1,2,3,2
"52043",4,42,46,44
"52044",1,1,2,1
"52045",3,2,5,3
"52046",2,23,25,23
"52047",3,2,5,4
"52048",9,29,38,37
"52049",1,11,12,11
"52050",1,13,14,13
"52051",3,9,12,11
"52052",1,3,4,3
"52053",2,1,3,2
"52054",1,9,10,9
"52055",1,14,15,14
"52056",2,3,5,4
"52057",24,4,28,27
"52058",1,5,6,5
"52059",1,1,2,1
"52060",2,1,3,2
"52061",1,1,2,1
"52062",3,5,8,7
"52063",2,14,16,14
"52064",6,12,18,16
"52065",1,15,16,15
"52066",3,9,12,11
"52067",3,7,10,9
"52068",4,12,16,14
"52069",1,10,11,10
"52070",3,3,6,4
"52071",1,1,2,1
"52072",2,16,18,17
"52073",1,2,3,2
"52074",2,18,20,18
"52075",1,11,12,11
"52076",4,15,19,16
"52077",2,5,7,5
"52078",6,6,12,11
"52079",5,1,6,5
"52080",2,14,16,15
"52081",1,11,12,11
"52082",4,6,10,9
"52083",10,8,18,17
"52084",2,6,8,6
"52085",1,2,3,2
"52086",1,17,18,17
"52087",2,1,3,2
"52088",10,13,23,21
"52089",2,4,6,5
"52090",2,18,20,18
"52091",1,1,2,1
"52092",2,15,17,16
"52093",1,15,16,15
"52094",1,13,14,13
"52095",1,17,18,17
"52096",3,9,12,11
"52097",6,14,20,16
"52098",1,7,8,7
"52099",5,9,14,13
"52100",1,1,2,1
"52101",8,4,12,10
"52102",3,5,8,7
"52103",1,2,3,2
"52104",6,35,41,38
"52105",12,29,41,34
"52106",1,2,3,2
"52107",16,12,28,27
"52108",2,2,4,3
"52109",3,15,18,17
"52110",1,9,10,9
"52111",2,42,44,42
"52112",1,5,6,5
"52113",8,3,11,9
"52114",2,4,6,5
"52115",1,1,2,1
"52116",1,3,4,3
"52117",2,1,3,2
"52118",6,13,19,16
"52119",4,6,10,7
"52120",3,40,43,42
"52121",1,6,7,6
"52122",4,22,26,24
"52123",1,60,61,60
"52124",5,18,23,20
"52125",6,1,7,6
"52126",6,2,8,7
"52127",12,5,17,14
"52128",4,10,14,13
"52129",2,44,46,44
"52130",1,1,2,1
"52131",5,15,20,18
"52132",4,2,6,5
"52133",6,15,21,18
"52134",4,4,8,6
"52135",3,5,8,7
"52136",7,15,22,20
"52137",1,61,62,61
"52138",8,7,15,13
"52139",10,2,12,11
"52140",3,25,28,27
"52141",1,2,3,2
"52142",1,25,26,25
"52143",3,9,12,11
"52144",2,1,3,2
"52145",1,22,23,22
"52146",1,12,13,12
"52147",8,18,26,24
"52148",5,8,13,12
"52149",4,16,20,17
"52150",1,9,10,9
"52151",1,7,8,7
"52152",3,5,8,6
"52153",2,2,4,2
"52154",1,2,3,2
"52155",1,4,5,4
"52156",1,6,7,6
"52157",1,2,3,2
"52158",2,6,8,7
"52159",2,2,4,3
"52160",5,19,24,23
"52161",1,2,3,2
"52162",1,18,19,18
"52163",9,7,16,15
"52164",6,13,19,18
"52165",2,12,14,12
"52166",1,6,7,6
"52167",20,169,189,187
"52168",2,8,10,9
"52169",3,1,4,3
"52170",7,6,13,10
"52171",1,13,14,13
"52172",14,169,183,182
"52173",1,9,10,9
"52174",3,18,21,18
"52175",3,14,17,14
"52176",3,25,28,25
"52177",2,9,11,9
"52178",2,5,7,6
"52179",4,5,9,8
"52180",18,1,19,18
"52181",3,9,12,9
"52182",8,2,10,9
"52183",2,10,12,10
"52184",1,3,4,3
"52185",4,21,25,22
"52186",1,8,9,8
"52187",5,13,18,17
"52188",3,14,17,15
"52189",4,13,17,16
"52190",1,8,9,8
"52191",1,1,2,1
"52192",2,8,10,9
"52193",5,3,8,7
"52194",1,2,3,2
"52195",1,2,3,2
"52196",10,1,11,10
"52197",2,1,3,2
"52198",6,1,7,6
"52199",17,12,29,24
"52200",4,28,32,29
"52201",1,16,17,16
"52202",2,40,42,40
"52203",3,17,20,17
"52204",2,22,24,22
"52205",4,22,26,22
"52206",2,4,6,5
"52207",2,37,39,37
"52208",4,29,33,29
"52209",1,3,4,3
"52210",11,4,15,11
"52211",1,10,11,10
"52212",3,4,7,5
"52213",4,7,11,9
"52214",1,13,14,13
"52215",4,4,8,7
"52216",2,5,7,6
"52217",2,13,15,13
"52218",2,3,5,4
"52219",5,14,19,18
"52220",8,4,12,11
"52221",1,1,2,1
"52222",2,7,9,8
"52223",2,1,3,2
"52224",1,8,9,8
"52225",2,2,4,3
"52226",2,23,25,24
"52227",2,9,11,10
"52228",6,61,67,62
"52229",1,4,5,4
"52230",27,1,28,27
"52231",15,23,38,36
"52232",1,13,14,13
"52233",2,1,3,2
"52234",3,5,8,5
"52235",1,4,5,4
"52236",4,2,6,4
"52237",4,29,33,31
"52238",3,35,38,36
"52239",2,4,6,5
"52240",1,1,2,1
"52241",1,1,2,1
"52242",4,5,9,7
"52243",1,7,8,7
"52244",2,24,26,25
"52245",7,40,47,46
"52246",1,1,2,1
"52247",3,12,15,12
"52248",5,41,46,45
"52249",1,1,2,1
"52250",1,27,28,27
"52251",2,1,3,2
"52252",1,5,6,5
"52253",2,7,9,8
"52254",1,1,2,1
"52255",1,5,6,5
"52256",2,5,7,6
"52257",3,8,11,10
"52258",2,4,6,5
"52259",2,39,41,39
"52260",1,7,8,7
"52261",1,2,3,2
"52262",3,1,4,3
"52263",10,30,40,38
"52264",1,9,10,9
"52265",3,6,9,7
"52266",1,8,9,8
"52267",8,52,60,57
"52268",2,12,14,13
"52269",1,2,3,2
"52270",1,17,18,17
"52271",2,16,18,16
"52272",8,23,31,28
"52273",8,169,177,172
"52274",1,4,5,4
"52275",5,15,20,18
"52276",1,1,2,1
"52277",1,12,13,12
"52278",2,4,6,5
"52279",4,36,40,38
"52280",1,9,10,9
"52281",3,8,11,9
"52282",6,60,66,60
"52283",1,4,5,4
"52284",1,4,5,4
"52285",2,5,7,6
"52286",1,9,10,9
"52287",1,1,2,1
"52288",1,3,4,3
"52289",4,8,12,11
"52290",3,42,45,43
"52291",1,37,38,37
"52292",6,21,27,22
"52293",2,14,16,14
"52294",4,11,15,13
"52295",2,24,26,25
"52296",8,16,24,23
"52297",3,5,8,6
"52298",3,25,28,26
"52299",2,24,26,24
"52300",13,17,30,22
"52301",1,14,15,14
"52302",1,13,14,13
"52303",2,6,8,7
"52304",1,13,14,13
"52305",4,1,5,4
"52306",1,2,3,2
"52307",3,12,15,12
"52308",5,7,12,8
"52309",2,5,7,5
"52310",2,4,6,4
"52311",2,3,5,4
"52312",1,11,12,11
"52313",25,16,41,39
"52314",1,1,2,1
"52315",1,20,21,20
"52316",6,7,13,12
"52317",1,1,2,1
"52318",5,28,33,29
"52319",1,2,3,2
"52320",1,25,26,25
"52321",1,9,10,9
"52322",1,6,7,6
"52323",5,12,17,13
"52324",1,15,16,15
"52325",1,1,2,1
"52326",6,42,48,45
"52327",7,6,13,9
"52328",3,2,5,4
"52329",6,7,13,11
"52330",2,14,16,15
"52331",3,23,26,24
"52332",1,3,4,3
"52333",6,14,20,19
"52334",4,1,5,4
"52335",5,11,16,13
"52336",2,1,3,2
"52337",1,9,10,9
"52338",4,36,40,37
"52339",2,11,13,11
"52340",1,6,7,6
"52341",4,6,10,8
"52342",3,12,15,14
"52343",1,31,32,31
"52344",1,25,26,25
"52345",1,26,27,26
"52346",10,10,20,18
"52347",5,8,13,12
"52348",16,15,31,28
"52349",1,8,9,8
"52350",5,13,18,17
"52351",5,1,6,5
"52352",6,7,13,11
"52353",1,1,2,1
"52354",5,14,19,18
"52355",1,20,21,20
"52356",4,12,16,13
"52357",14,2,16,14
"52358",1,1,2,1
"52359",1,2,3,2
"52360",31,7,38,34
"52361",2,9,11,10
"52362",2,24,26,25
"52363",1,4,5,4
"52364",3,5,8,6
"52365",1,1,2,1
"52366",5,1,6,5
"52367",1,1,2,1
"52368",3,3,6,4
"52369",22,6,28,27
"52370",1,16,17,16
"52371",9,169,178,175
"52372",2,14,16,14
"52373",9,3,12,10
"52374",7,25,32,30
"52375",1,13,14,13
"52376",2,13,15,14
"52377",1,1,2,1
"52378",1,10,11,10
"52379",2,7,9,8
"52380",1,11,12,11
"52381",1,1,2,1
"52382",2,15,17,15
"52383",2,8,10,8
"52384",22,3,25,24
"52385",7,15,22,18
"52386",3,34,37,34
"52387",1,7,8,7
"52388",1,2,3,2
"52389",1,4,5,4
"52390",1,1,2,1
"52391",3,9,12,11
"52392",2,1,3,2
"52393",1,1,2,1
"52394",1,1,2,1
"52395",1,6,7,6
"52396",1,11,12,11
"52397",3,60,63,61
"52398",2,5,7,5
"52399",1,1,2,1
"52400",4,3,7,5
"52401",2,7,9,8
"52402",1,2,3,2
"52403",13,3,16,14
"52404",3,9,12,9
"52405",3,3,6,4
"52406",3,1,4,3
"52407",2,2,4,3
"52408",3,1,4,3
"52409",1,34,35,34
"52410",4,1,5,4
"52411",1,1,2,1
"52412",3,11,14,12
"52413",2,7,9,8
"52414",1,4,5,4
"52415",4,1,5,4
"52416",2,42,44,42
"52417",28,12,40,31
"52418",3,8,11,9
"52419",1,2,3,2
"52420",1,5,6,5
"52421",2,11,13,11
"52422",13,1,14,13
"52423",1,4,5,4
"52424",11,29,40,37
"52425",1,16,17,16
"52426",4,17,21,19
"52427",2,20,22,20
"52428",4,3,7,5
"52429",7,21,28,25
"52430",16,54,70,54
"52431",1,6,7,6
"52432",1,8,9,8
"52433",1,23,24,23
"52434",1,1,2,1
"52435",3,33,36,35
"52436",2,3,5,3
"52437",4,6,10,7
"52438",1,7,8,7
"52439",5,9,14,13
"52440",3,1,4,3
"52441",10,8,18,16
"52442",6,1,7,6
"52443",1,3,4,3
"52444",1,1,2,1
"52445",3,2,5,4
"52446",1,1,2,1
"52447",7,13,20,18
"52448",1,5,6,5
"52449",4,20,24,21
"52450",7,1,8,7
"52451",1,12,13,12
"52452",1,2,3,2
"52453",1,15,16,15
"52454",7,8,15,12
"52455",1,14,15,14
"52456",1,14,15,14
"52457",1,25,26,25
"52458",2,42,44,43
"52459",7,6,13,10
"52460",2,5,7,5
"52461",2,9,11,10
"52462",1,3,4,3
"52463",1,13,14,13
"52464",5,1,6,5
"52465",17,7,24,23
"52466",2,13,15,14
"52467",1,8,9,8
"52468",1,5,6,5
"52469",1,8,9,8
"52470",1,1,2,1
"52471",2,10,12,11
"52472",1,2,3,2
"52473",3,5,8,7
"52474",2,8,10,9
"52475",2,4,6,4
"52476",14,1,15,14
"52477",3,3,6,3
"52478",1,12,13,12
"52479",2,5,7,6
"52480",8,15,23,22
"52481",2,5,7,6
"52482",1,1,2,1
"52483",2,6,8,7
"52484",3,4,7,4
"52485",1,1,2,1
"52486",3,36,39,37
"52487",5,2,7,6
"52488",3,27,30,28
"52489",10,19,29,20
"52490",4,4,8,4
"52491",1,3,4,3
"52492",2,1,3,2
"52493",5,18,23,20
"52494",2,20,22,20
"52495",3,21,24,21
"52496",2,5,7,5
"52497",2,7,9,7
"52498",2,1,3,2
"52499",2,9,11,9
"52500",1,8,9,8
"52501",2,14,16,14
"52502",1,8,9,8
"52503",1,4,5,4
"52504",2,1,3,2
"52505",3,12,15,14
"52506",2,22,24,23
"52507",1,26,27,26
"52508",2,18,20,19
"52509",4,5,9,5
"52510",1,7,8,7
"52511",3,8,11,8
"52512",2,12,14,13
"52513",3,30,33,32
"52514",20,5,25,24
"52515",1,3,4,3
"52516",1,5,6,5
"52517",28,5,33,32
"52518",1,2,3,2
"52519",2,12,14,12
"52520",2,8,10,8
"52521",3,6,9,7
"52522",1,12,13,12
"52523",1,8,9,8
"52524",1,1,2,1
"52525",3,5,8,6
"52526",1,2,3,2
"52527",1,2,3,2
"52528",6,4,10,9
"52529",20,9,29,28
"52530",5,7,12,9
"52531",6,13,19,16
"52532",2,3,5,3
"52533",9,16,25,17
"52534",2,2,4,3
"52535",3,9,12,11
"52536",1,5,6,5
"52537",3,18,21,19
"52538",1,2,3,2
"52539",4,5,9,8
"52540",1,1,2,1
"52541",2,5,7,6
"52542",3,1,4,3
"52543",2,9,11,9
"52544",5,6,11,9
"52545",2,23,25,23
"52546",5,6,11,8
"52547",1,169,170,169
"52548",1,3,4,3
"52549",1,5,6,5
"52550",1,15,16,15
"52551",6,2,8,6
"52552",2,7,9,8
"52553",3,9,12,9
"52554",6,4,10,9
"52555",3,3,6,3
"52556",7,24,31,29
"52557",4,3,7,6
"52558",1,6,7,6
"52559",1,2,3,2
"52560",3,4,7,6
"52561",1,9,10,9
"52562",3,32,35,32
"52563",3,14,17,16
"52564",2,1,3,2
"52565",6,37,43,39
"52566",3,17,20,19
"52567",2,8,10,9
"52568",1,1,2,1
"52569",3,1,4,3
"52570",1,20,21,20
"52571",1,12,13,12
"52572",2,5,7,5
"52573",2,16,18,16
"52574",1,5,6,5
"52575",4,27,31,30
"52576",2,2,4,3
"52577",3,14,17,16
"52578",2,5,7,6
"52579",1,1,2,1
"52580",4,15,19,16
"52581",2,1,3,2
"52582",7,3,10,8
"52583",2,5,7,5
"52584",2,16,18,17
"52585",1,1,2,1
"52586",1,25,26,25
"52587",23,23,46,23
"52588",13,3,16,13
"52589",14,7,21,17
"52590",9,6,15,12
"52591",25,14,39,38
"52592",15,23,38,36
"52593",10,10,20,10
"52594",9,24,33,28
"52595",1,34,35,34
"52596",1,39,40,39
"52597",5,15,20,18
"52598",8,44,52,50
"52599",1,2,3,2
"52600",4,27,31,28
"52601",5,35,40,36
"52602",3,37,40,39
"52603",1,4,5,4
"52604",2,39,41,39
"52605",1,1,2,1
"52606",1,3,4,3
"52607",4,18,22,20
"52608",18,1,19,18
"52609",2,6,8,6
"52610",1,16,17,16
"52611",1,2,3,2
"52612",6,2,8,7
"52613",1,5,6,5
"52614",1,25,26,25
"52615",4,16,20,17
"52616",2,16,18,16
"52617",4,5,9,8
"52618",2,4,6,4
"52619",2,21,23,21
"52620",2,9,11,9
"52621",4,22,26,22
"52622",6,7,13,9
"52623",1,34,35,34
"52624",3,16,19,17
"52625",3,11,14,13
"52626",2,1,3,2
"52627",3,34,37,36
"52628",4,56,60,56
"52629",3,8,11,10
"52630",3,13,16,15
"52631",3,5,8,6
"52632",1,16,17,16
"52633",5,37,42,38
"52634",1,11,12,11
"52635",1,2,3,2
"52636",1,14,15,14
"52637",2,16,18,16
"52638",3,5,8,7
"52639",5,12,17,16
"52640",1,13,14,13
"52641",2,10,12,10
"52642",3,1,4,3
"52643",2,3,5,4
"52644",1,11,12,11
"52645",2,14,16,14
"52646",1,9,10,9
"52647",2,1,3,2
"52648",1,15,16,15
"52649",5,28,33,29
"52650",1,9,10,9
"52651",15,4,19,18
"52652",3,15,18,16
"52653",1,9,10,9
"52654",2,29,31,30
"52655",4,4,8,4
"52656",1,5,6,5
"52657",1,5,6,5
"52658",4,29,33,29
"52659",3,13,16,14
"52660",1,5,6,5
"52661",4,1,5,4
"52662",1,18,19,18
"52663",4,56,60,56
"52664",2,35,37,36
"52665",7,28,35,34
"52666",3,4,7,6
"52667",3,42,45,44
"52668",3,10,13,12
"52669",3,5,8,6
"52670",4,3,7,6
"52671",5,11,16,14
"52672",1,3,4,3
"52673",1,6,7,6
"52674",2,13,15,14
"52675",1,1,2,1
"52676",1,7,8,7
"52677",2,7,9,8
"52678",2,13,15,14
"52679",36,36,72,36
"52680",7,7,14,7
"52681",24,24,48,24
"52682",19,19,38,19
"52683",2,2,4,2
"52684",8,8,16,8
"52685",13,13,26,13
"52686",36,36,72,36
"52687",37,37,74,37
"52688",2,2,4,2
"52689",5,6,11,10
"52690",13,13,26,13
"52691",8,1,9,8
"52692",4,4,8,4
"52693",9,9,18,9
"52694",31,31,62,31
"52695",2,2,4,3
"52696",22,22,44,22
"52697",6,6,12,6
"52698",17,13,30,24
"52699",18,18,36,18
"52700",17,17,34,17
"52701",5,14,19,18
"52702",13,13,26,13
"52703",15,8,23,20
"52704",11,11,22,11
"52705",30,30,60,30
"52706",25,25,50,25
"52707",15,15,30,15
"52708",6,6,12,11
"52709",36,36,72,36
"52710",11,35,46,45
"52711",19,19,38,19
"52712",24,24,48,24
"52713",30,30,60,30
"52714",38,38,76,38
"52715",8,1,9,8
"52716",17,17,34,17
"52717",21,12,33,32
"52718",18,18,36,18
"52719",14,4,18,17
"52720",17,17,34,17
"52721",25,25,50,25
"52722",10,10,20,10
"52723",8,16,24,23
"52724",46,9,55,54
"52725",5,2,7,6
"52726",8,8,16,8
"52727",4,4,8,4
"52728",2,1,3,2
"52729",15,15,30,15
"52730",25,25,50,25
"52731",33,33,66,33
"52732",11,11,22,11
"52733",11,30,41,39
"52734",11,3,14,13
"52735",15,15,30,15
"52736",7,7,14,7
"52737",12,12,24,12
"52738",1,1,2,1
"52739",3,36,39,37
"52740",7,7,14,7
"52741",7,7,14,7
"52742",15,1,16,15
"52743",9,1,10,9
"52744",3,2,5,4
"52745",13,13,26,13
"52746",11,11,22,11
"52747",4,4,8,4
"52748",15,15,30,15
"52749",8,15,23,20
"52750",17,14,31,30
"52751",13,13,26,13
"52752",6,6,12,6
"52753",18,18,36,18
"52754",10,10,20,10
"52755",43,43,86,43
"52756",10,10,20,10
"52757",20,20,40,20
"52758",32,32,64,32
"52759",35,35,70,35
"52760",31,31,62,31
"52761",31,1,32,31
"52762",8,8,16,8
"52763",4,4,8,4
"52764",10,10,20,10
"52765",4,4,8,4
"52766",19,19,38,19
"52767",36,36,72,36
"52768",15,15,30,15
"52769",169,169,338,169
"52770",16,16,32,16
"52771",29,29,58,29
"52772",29,11,40,39
"52773",35,35,70,35
"52774",44,44,88,44
"52775",27,5,32,29
"52776",15,11,26,25
"52777",24,24,48,24
"52778",28,28,56,28
"52779",25,2,27,26
"52780",11,11,22,11
"52781",13,4,17,16
"52782",4,7,11,9
"52783",10,4,14,13
"52784",1,9,10,9
"52785",15,5,20,17
"52786",4,35,39,38
"52787",1,42,43,42
"52788",1,1,2,1
"52789",1,1,2,1
"52790",2,1,3,2
"52791",1,5,6,5
"52792",2,3,5,3
"52793",1,6,7,6
"52794",1,1,2,1
"52795",1,6,7,6
"52796",3,19,22,21
"52797",24,1,25,24
"52798",6,42,48,47
"52799",5,176,181,179
"52800",2,25,27,25
"52801",4,20,24,23
"52802",2,1,3,2
"52803",5,20,25,22
"52804",1,4,5,4
"52805",9,1,10,9
"52806",3,4,7,6
"52807",1,17,18,17
"52808",3,24,27,25
"52809",3,3,6,4
"52810",1,1,2,1
"52811",2,4,6,4
"52812",1,3,4,3
"52813",4,1,5,4
"52814",2,8,10,9
"52815",3,2,5,3
"52816",5,2,7,5
"52817",1,4,5,4
"52818",1,2,3,2
"52819",3,1,4,3
"52820",1,9,10,9
"52821",1,1,2,1
"52822",1,7,8,7
"52823",9,8,17,9
"52824",3,6,9,8
"52825",1,2,3,2
"52826",9,169,178,174
"52827",2,2,4,2
"52828",4,8,12,9
"52829",2,42,44,43
"52830",1,3,4,3
"52831",1,3,4,3
"52832",2,24,26,24
"52833",1,2,3,2
"52834",2,5,7,5
"52835",1,4,5,4
"52836",2,2,4,3
"52837",2,6,8,7
"52838",6,3,9,7
"52839",1,1,2,1
"52840",2,22,24,22
"52841",12,7,19,15
"52842",7,27,34,27
"52843",4,6,10,8
"52844",1,35,36,35
"52845",3,5,8,7
"52846",2,11,13,11
"52847",1,2,3,2
"52848",1,6,7,6
"52849",2,4,6,4
"52850",1,1,2,1
"52851",2,4,6,4
"52852",2,1,3,2
"52853",1,14,15,14
"52854",1,4,5,4
"52855",1,6,7,6
"52856",1,5,6,5
"52857",6,3,9,8
"52858",13,19,32,28
"52859",5,5,10,5
"52860",3,24,27,24
"52861",1,8,9,8
"52862",12,13,25,23
"52863",2,17,19,18
"52864",1,1,2,1
"52865",1,2,3,2
"52866",1,27,28,27
"52867",2,11,13,11
"52868",6,6,12,9
"52869",3,5,8,6
"52870",2,3,5,4
"52871",5,7,12,10
"52872",1,8,9,8
"52873",4,28,32,30
"52874",1,1,2,1
"52875",1,6,7,6
"52876",1,11,12,11
"52877",1,2,3,2
"52878",3,2,5,4
"52879",12,37,49,44
"52880",1,2,3,2
"52881",1,12,13,12
"52882",3,14,17,16
"52883",3,5,8,6
"52884",1,6,7,6
"52885",3,18,21,18
"52886",3,7,10,8
"52887",3,16,19,17
"52888",1,15,16,15
"52889",169,169,338,169
"52890",2,10,12,10
"52891",2,4,6,4
"52892",1,1,2,1
"52893",2,8,10,8
"52894",2,13,15,14
"52895",1,7,8,7
"52896",2,24,26,24
"52897",1,1,2,1
"52898",9,36,45,41
"52899",5,6,11,6
"52900",5,9,14,12
"52901",1,40,41,40
"52902",1,3,4,3
"52903",5,14,19,17
"52904",1,3,4,3
"52905",2,4,6,4
"52906",1,11,12,11
"52907",1,13,14,13
"52908",1,7,8,7
"52909",3,8,11,10
"52910",1,2,3,2
"52911",2,6,8,7
"52912",2,6,8,6
"52913",1,1,2,1
"52914",1,2,3,2
"52915",2,6,8,7
"52916",3,32,35,32
"52917",3,5,8,7
"52918",3,23,26,25
"52919",1,11,12,11
"52920",1,4,5,4
"52921",3,3,6,5
"52922",2,7,9,7
"52923",3,4,7,6
"52924",1,3,4,3
"52925",2,6,8,6
"52926",3,3,6,3
"52927",14,2,16,14
"52928",2,4,6,4
"52929",1,10,11,10
"52930",10,28,38,37
"52931",1,10,11,10
"52932",3,1,4,3
"52933",10,25,35,34
"52934",52,26,78,76
"52935",10,10,20,10
"52936",24,169,193,192
"52937",8,8,16,8
"52938",11,11,22,11
"52939",13,13,26,13
"52940",7,7,14,7
"52941",15,10,25,24
"52942",37,42,79,78
"52943",9,5,14,13
"52944",23,7,30,29
"52945",12,29,41,40
"52946",2,1,3,2
"52947",1,5,6,5
"52948",3,5,8,7
"52949",3,5,8,7
"52950",1,8,9,8
"52951",3,35,38,35
"52952",16,6,22,21
"52953",2,8,10,8
"52954",2,3,5,4
"52955",2,11,13,11
"52956",1,2,3,2
"52957",1,10,11,10
"52958",9,7,16,15
"52959",1,14,15,14
"52960",2,42,44,42
"52961",1,2,3,2
"52962",15,1,16,15
"52963",3,21,24,21
"52964",16,5,21,20
"52965",2,17,19,17
"52966",19,17,36,29
"52967",1,1,2,1
"52968",2,18,20,18
"52969",2,6,8,6
"52970",2,9,11,9
"52971",1,4,5,4
"52972",1,9,10,9
"52973",3,11,14,11
"52974",14,10,24,20
"52975",1,14,15,14
"52976",1,17,18,17
"52977",1,3,4,3
"52978",1,3,4,3
"52979",2,3,5,3
"52980",2,6,8,6
"52981",3,8,11,8
"52982",2,8,10,9
"52983",1,13,14,13
"52984",2,4,6,5
"52985",1,4,5,4
"52986",1,5,6,5
"52987",1,4,5,4
"52988",3,3,6,5
"52989",2,54,56,54
"52990",2,9,11,10
"52991",1,1,2,1
"52992",4,9,13,11
"52993",1,1,2,1
"52994",3,13,16,15
"52995",7,44,51,47
"52996",2,11,13,12
"52997",1,14,15,14
"52998",10,15,25,22
"52999",1,17,18,17
"53000",1,3,4,3
"53001",2,4,6,5
"53002",2,3,5,3
"53003",1,4,5,4
"53004",1,22,23,22
"53005",1,3,4,3
"53006",4,3,7,5
"53007",3,3,6,4
"53008",5,31,36,35
"53009",1,6,7,6
"53010",1,4,5,4
"53011",3,35,38,36
"53012",2,11,13,12
"53013",1,15,16,15
"53014",3,2,5,4
"53015",1,9,10,9
"53016",5,12,17,14
"53017",8,4,12,10
"53018",2,12,14,12
"53019",1,2,3,2
"53020",2,28,30,29
"53021",2,8,10,8
"53022",1,25,26,25
"53023",2,37,39,37
"53024",7,2,9,8
"53025",2,9,11,9
"53026",2,12,14,13
"53027",7,27,34,27
"53028",17,4,21,18
"53029",1,3,4,3
"53030",1,1,2,1
"53031",3,10,13,11
"53032",1,7,8,7
"53033",2,7,9,7
"53034",2,1,3,2
"53035",8,25,33,30
"53036",6,24,30,29
"53037",1,1,2,1
"53038",2,1,3,2
"53039",6,24,30,28
"53040",5,36,41,39
"53041",1,6,7,6
"53042",1,2,3,2
"53043",8,5,13,12
"53044",2,1,3,2
"53045",2,10,12,10
"53046",4,7,11,10
"53047",1,1,2,1
"53048",5,1,6,5
"53049",1,4,5,4
"53050",1,29,30,29
"53051",1,13,14,13
"53052",4,36,40,38
"53053",2,18,20,18
"53054",6,5,11,6
"53055",2,5,7,6
"53056",5,4,9,6
"53057",1,18,19,18
"53058",13,1,14,13
"53059",2,6,8,7
"53060",1,2,3,2
"53061",1,5,6,5
"53062",2,1,3,2
"53063",2,10,12,11
"53064",1,6,7,6
"53065",4,39,43,41
"53066",1,2,3,2
"53067",2,8,10,9
"53068",13,17,30,22
"53069",9,8,17,9
"53070",1,1,2,1
"53071",1,37,38,37
"53072",1,5,6,5
"53073",3,27,30,28
"53074",15,6,21,19
"53075",4,12,16,15
"53076",2,2,4,2
"53077",1,5,6,5
"53078",1,3,4,3
"53079",7,44,51,47
"53080",1,23,24,23
"53081",4,5,9,8
"53082",3,6,9,8
"53083",3,8,11,10
"53084",1,56,57,56
"53085",2,7,9,7
"53086",2,1,3,2
"53087",1,6,7,6
"53088",2,9,11,10
"53089",1,21,22,21
"53090",2,5,7,6
"53091",4,2,6,5
"53092",3,5,8,5
"53093",3,24,27,24
"53094",7,8,15,12
"53095",1,9,10,9
"53096",1,1,2,1
"53097",3,7,10,8
"53098",3,13,16,14
"53099",2,7,9,7
"53100",1,8,9,8
"53101",1,11,12,11
"53102",1,6,7,6
"53103",3,15,18,15
"53104",2,1,3,2
"53105",2,8,10,9
"53106",12,10,22,20
"53107",2,12,14,12
"53108",1,1,2,1
"53109",4,8,12,8
"53110",11,11,22,20
"53111",2,14,16,14
"53112",2,3,5,4
"53113",2,12,14,13
"53114",10,1,11,10
"53115",2,23,25,23
"53116",3,13,16,14
"53117",4,19,23,22
"53118",1,17,18,17
"53119",1,7,8,7
"53120",1,2,3,2
"53121",1,9,10,9
"53122",3,1,4,3
"53123",3,12,15,12
"53124",3,2,5,4
"53125",1,1,2,1
"53126",4,9,13,10
"53127",2,26,28,26
"53128",1,1,2,1
"53129",2,29,31,30
"53130",3,1,4,3
"53131",4,7,11,10
"53132",3,3,6,5
"53133",6,3,9,8
"53134",12,11,23,22
"53135",3,24,27,26
"53136",1,15,16,15
"53137",2,3,5,3
"53138",3,5,8,7
"53139",2,11,13,11
"53140",4,8,12,9
"53141",3,24,27,25
"53142",2,3,5,4
"53143",1,1,2,1
"53144",2,24,26,24
"53145",6,4,10,9
"53146",1,2,3,2
"53147",1,1,2,1
"53148",2,2,4,3
"53149",3,3,6,5
"53150",11,25,36,33
"53151",1,17,18,17
"53152",1,5,6,5
"53153",4,21,25,24
"53154",3,20,23,21
"53155",1,2,3,2
"53156",2,14,16,14
"53157",2,1,3,2
"53158",2,6,8,6
"53159",15,37,52,51
"53160",1,1,2,1
"53161",3,15,18,15
"53162",2,4,6,5
"53163",3,3,6,4
"53164",2,7,9,8
"53165",5,1,6,5
"53166",2,14,16,15
"53167",9,14,23,15
"53168",1,1,2,1
"53169",7,9,16,14
"53170",4,54,58,55
"53171",2,10,12,10
"53172",1,11,12,11
"53173",2,2,4,2
"53174",1,19,20,19
"53175",3,8,11,9
"53176",5,9,14,11
"53177",6,4,10,8
"53178",2,11,13,11
"53179",2,37,39,37
"53180",4,22,26,24
"53181",2,9,11,9
"53182",7,13,20,19
"53183",4,3,7,5
"53184",1,3,4,3
"53185",2,3,5,4
"53186",14,8,22,18
"53187",9,11,20,19
"53188",1,4,5,4
"53189",5,4,9,7
"53190",1,20,21,20
"53191",1,1,2,1
"53192",2,8,10,9
"53193",3,9,12,10
"53194",2,6,8,6
"53195",5,5,10,9
"53196",1,3,4,3
"53197",3,54,57,54
"53198",16,11,27,21
"53199",1,2,3,2
"53200",1,2,3,2
"53201",2,11,13,11
"53202",4,3,7,6
"53203",1,1,2,1
"53204",1,1,2,1
"53205",1,37,38,37
"53206",2,37,39,38
"53207",3,20,23,20
"53208",1,18,19,18
"53209",1,4,5,4
"53210",3,2,5,4
"53211",1,4,5,4
"53212",1,2,3,2
"53213",7,5,12,11
"53214",4,12,16,15
"53215",1,1,2,1
"53216",1,1,2,1
"53217",13,2,15,14
"53218",1,5,6,5
"53219",2,14,16,15
"53220",4,9,13,11
"53221",1,4,5,4
"53222",1,4,5,4
"53223",1,5,6,5
"53224",1,6,7,6
"53225",2,15,17,15
"53226",1,10,11,10
"53227",5,33,38,36
"53228",11,3,14,12
"53229",4,7,11,7
"53230",2,4,6,4
"53231",1,1,2,1
"53232",2,17,19,17
"53233",1,2,3,2
"53234",2,1,3,2
"53235",4,16,20,19
"53236",1,9,10,9
"53237",10,11,21,20
"53238",6,16,22,21
"53239",1,13,14,13
"53240",1,7,8,7
"53241",1,1,2,1
"53242",2,11,13,12
"53243",1,3,4,3
"53244",2,29,31,30
"53245",1,19,20,19
"53246",2,2,4,2
"53247",16,15,31,28
"53248",2,5,7,6
"53249",2,13,15,13
"53250",4,13,17,13
"53251",2,5,7,5
"53252",4,2,6,5
"53253",1,12,13,12
"53254",2,17,19,18
"53255",2,11,13,12
"53256",2,5,7,6
"53257",4,16,20,17
"53258",1,14,15,14
"53259",8,14,22,20
"53260",2,14,16,14
"53261",1,11,12,11
"53262",1,8,9,8
"53263",1,1,2,1
"53264",1,4,5,4
"53265",5,29,34,30
"53266",1,3,4,3
"53267",3,9,12,11
"53268",1,54,55,54
"53269",2,4,6,4
"53270",1,7,8,7
"53271",2,22,24,22
"53272",3,2,5,4
"53273",4,17,21,19
"53274",4,23,27,25
"53275",5,4,9,8
"53276",5,19,24,22
"53277",1,4,5,4
"53278",1,1,2,1
"53279",11,56,67,61
"53280",4,6,10,8
"53281",3,9,12,11
"53282",7,7,14,7
"53283",1,1,2,1
"53284",6,21,27,22
"53285",1,1,2,1
"53286",1,2,3,2
"53287",3,1,4,3
"53288",3,44,47,46
"53289",2,6,8,6
"53290",8,18,26,25
"53291",3,5,8,7
"53292",7,28,35,31
"53293",2,13,15,14
"53294",1,13,14,13
"53295",11,29,40,36
"53296",4,29,33,30
"53297",5,20,25,23
"53298",1,5,6,5
"53299",1,5,6,5
"53300",3,8,11,10
"53301",1,10,11,10
"53302",1,5,6,5
"53303",2,20,22,20
"53304",2,25,27,25
"53305",2,13,15,14
"53306",1,5,6,5
"53307",11,9,20,19
"53308",1,2,3,2
"53309",5,1,6,5
"53310",1,1,2,1
"53311",2,61,63,62
"53312",1,61,62,61
"53313",1,3,4,3
"53314",2,14,16,15
"53315",1,1,2,1
"53316",1,10,11,10
"53317",2,7,9,8
"53318",3,2,5,4
"53319",2,23,25,23
"53320",1,2,3,2
"53321",1,2,3,2
"53322",1,4,5,4
"53323",2,56,58,56
"53324",1,1,2,1
"53325",8,8,16,8
"53326",11,29,40,37
"53327",12,17,29,24
"53328",7,7,14,12
"53329",2,1,3,2
"53330",1,7,8,7
"53331",3,20,23,22
"53332",11,31,42,35
"53333",1,2,3,2
"53334",1,1,2,1
"53335",10,13,23,21
"53336",2,15,17,16
"53337",22,2,24,23
"53338",3,11,14,12
"53339",2,1,3,2
"53340",2,9,11,9
"53341",1,13,14,13
"53342",1,24,25,24
"53343",1,1,2,1
"53344",6,24,30,25
"53345",17,9,26,25
"53346",1,8,9,8
"53347",4,40,44,42
"53348",5,5,10,5
"53349",7,9,16,9
"53350",1,32,33,32
"53351",37,24,61,59
"53352",3,23,26,24
"53353",1,2,3,2
"53354",1,1,2,1
"53355",8,15,23,21
"53356",1,3,4,3
"53357",1,5,6,5
"53358",3,31,34,31
"53359",1,24,25,24
"53360",2,3,5,3
"53361",2,25,27,26
"53362",2,2,4,3
"53363",3,4,7,5
"53364",12,29,41,34
"53365",1,8,9,8
"53366",1,2,3,2
"53367",7,28,35,31
"53368",3,8,11,8
"53369",5,25,30,29
"53370",1,34,35,34
"53371",7,6,13,12
"53372",2,3,5,4
"53373",1,1,2,1
"53374",3,20,23,20
"53375",1,5,6,5
"53376",3,3,6,5
"53377",8,36,44,41
"53378",3,2,5,3
"53379",8,1,9,8
"53380",1,6,7,6
"53381",4,4,8,7
"53382",3,5,8,6
"53383",1,42,43,42
"53384",1,1,2,1
"53385",2,12,14,13
"53386",7,42,49,46
"53387",4,10,14,12
"53388",1,6,7,6
"53389",3,17,20,17
"53390",1,3,4,3
"53391",2,7,9,7
"53392",1,25,26,25
"53393",3,24,27,26
"53394",1,4,5,4
"53395",1,5,6,5
"53396",1,2,3,2
"53397",3,16,19,18
"53398",4,6,10,9
"53399",2,22,24,23
"53400",2,40,42,40
"53401",16,54,70,54
"53402",6,29,35,33
"53403",6,3,9,6
"53404",2,3,5,3
"53405",5,12,17,13
"53406",3,5,8,7
"53407",2,1,3,2
"53408",1,3,4,3
"53409",3,3,6,5
"53410",2,32,34,32
"53411",1,2,3,2
"53412",9,13,22,18
"53413",1,6,7,6
"53414",1,10,11,10
"53415",6,2,8,6
"53416",3,11,14,12
"53417",12,29,41,34
"53418",12,169,181,180
"53419",5,15,20,17
"53420",2,4,6,4
"53421",2,56,58,56
"53422",1,1,2,1
"53423",3,35,38,36
"53424",1,13,14,13
"53425",3,1,4,3
"53426",1,3,4,3
"53427",1,2,3,2
"53428",3,21,24,21
"53429",1,4,5,4
"53430",3,10,13,12
"53431",1,12,13,12
"53432",2,3,5,4
"53433",1,2,3,2
"53434",1,1,2,1
"53435",4,54,58,55
"53436",3,16,19,16
"53437",1,2,3,2
"53438",10,3,13,12
"53439",1,14,15,14
"53440",1,1,2,1
"53441",25,16,41,39
"53442",1,7,8,7
"53443",6,24,30,27
"53444",1,8,9,8
"53445",1,4,5,4
"53446",3,11,14,12
"53447",2,1,3,2
"53448",2,7,9,8
"53449",2,7,9,7
"53450",4,6,10,8
"53451",1,7,8,7
"53452",2,29,31,29
"53453",1,40,41,40
"53454",11,5,16,11
"53455",1,11,12,11
"53456",9,15,24,17
"53457",2,11,13,12
"53458",2,6,8,7
"53459",8,31,39,32
"53460",5,30,35,34
"53461",1,2,3,2
"53462",4,46,50,48
"53463",1,1,2,1
"53464",8,169,177,172
"53465",1,56,57,56
"53466",17,15,32,31
"53467",3,11,14,11
"53468",1,4,5,4
"53469",2,2,4,2
"53470",3,2,5,3
"53471",2,6,8,6
"53472",2,30,32,30
"53473",2,11,13,11
"53474",6,15,21,19
"53475",2,24,26,25
"53476",3,2,5,3
"53477",3,5,8,6
"53478",1,1,2,1
"53479",3,35,38,36
"53480",9,19,28,25
"53481",3,44,47,45
"53482",2,2,4,2
"53483",2,6,8,6
"53484",2,1,3,2
"53485",1,16,17,16
"53486",2,26,28,26
"53487",1,31,32,31
"53488",2,7,9,8
"53489",1,2,3,2
"53490",1,5,6,5
"53491",1,3,4,3
"53492",5,12,17,15
"53493",4,13,17,15
"53494",2,19,21,20
"53495",1,8,9,8
"53496",3,34,37,35
"53497",1,2,3,2
"53498",5,13,18,16
"53499",14,10,24,20
"53500",4,6,10,7
"53501",1,13,14,13
"53502",2,12,14,12
"53503",1,16,17,16
"53504",1,4,5,4
"53505",1,2,3,2
"53506",8,9,17,15
"53507",1,18,19,18
"53508",1,1,2,1
"53509",2,3,5,3
"53510",1,27,28,27
"53511",1,1,2,1
"53512",1,1,2,1
"53513",1,35,36,35
"53514",8,16,24,23
"53515",3,40,43,40
"53516",5,169,174,173
"53517",2,7,9,7
"53518",1,7,8,7
"53519",7,11,18,16
"53520",1,2,3,2
"53521",1,3,4,3
"53522",4,10,14,11
"53523",3,13,16,15
"53524",1,10,11,10
"53525",2,1,3,2
"53526",1,4,5,4
"53527",1,1,2,1
"53528",1,12,13,12
"53529",4,35,39,35
"53530",1,15,16,15
"53531",6,42,48,45
"53532",7,11,18,17
"53533",4,4,8,7
"53534",1,4,5,4
"53535",2,5,7,5
"53536",6,15,21,18
"53537",1,7,8,7
"53538",29,1,30,29
"53539",61,9,70,67
"53540",1,2,3,2
"53541",1,1,2,1
"53542",1,1,2,1
"53543",1,1,2,1
"53544",7,1,8,7
"53545",4,1,5,4
"53546",6,3,9,8
"53547",1,5,6,5
"53548",4,5,9,8
"53549",1,3,4,3
"53550",2,5,7,5
"53551",1,8,9,8
"53552",2,8,10,8
"53553",7,2,9,8
"53554",1,1,2,1
"53555",2,3,5,3
"53556",2,15,17,15
"53557",3,4,7,4
"53558",1,1,2,1
"53559",1,3,4,3
"53560",1,8,9,8
"53561",1,9,10,9
"53562",1,4,5,4
"53563",12,29,41,34
"53564",2,17,19,17
"53565",1,11,12,11
"53566",20,20,40,20
"53567",9,2,11,9
"53568",2,169,171,170
"53569",1,1,2,1
"53570",4,16,20,18
"53571",1,1,2,1
"53572",3,1,4,3
"53573",1,3,4,3
"53574",9,3,12,10
"53575",4,56,60,56
"53576",3,56,59,56
"53577",1,43,44,43
"53578",169,8,177,171
"53579",1,16,17,16
"53580",1,2,3,2
"53581",6,12,18,17
"53582",14,28,42,38
"53583",1,3,4,3
"53584",1,2,3,2
"53585",2,6,8,7
"53586",10,13,23,21
"53587",2,2,4,2
"53588",2,4,6,4
"53589",1,9,10,9
"53590",1,6,7,6
"53591",1,3,4,3
"53592",2,1,3,2
"53593",4,25,29,27
"53594",3,15,18,17
"53595",1,11,12,11
"53596",5,1,6,5
"53597",4,176,180,177
"53598",2,9,11,10
"53599",2,1,3,2
"53600",2,11,13,11
"53601",2,18,20,18
"53602",3,2,5,4
"53603",2,8,10,9
"53604",1,11,12,11
"53605",1,3,4,3
"53606",1,5,6,5
"53607",2,2,4,3
"53608",1,4,5,4
"53609",1,1,2,1
"53610",1,11,12,11
"53611",3,9,12,9
"53612",3,15,18,15
"53613",2,3,5,3
"53614",2,4,6,4
"53615",1,5,6,5
"53616",1,4,5,4
"53617",1,10,11,10
"53618",5,9,14,13
"53619",13,11,24,22
"53620",1,32,33,32
"53621",3,12,15,14
"53622",3,8,11,9
"53623",2,12,14,12
"53624",6,2,8,7
"53625",9,3,12,9
"53626",2,10,12,10
"53627",3,21,24,21
"53628",4,7,11,9
"53629",2,4,6,4
"53630",4,28,32,29
"53631",2,22,24,22
"53632",2,4,6,5
"53633",1,1,2,1
"53634",1,16,17,16
"53635",1,1,2,1
"53636",2,6,8,7
"53637",1,12,13,12
"53638",4,14,18,16
"53639",3,13,16,14
"53640",1,3,4,3
"53641",3,176,179,177
"53642",1,3,4,3
"53643",1,3,4,3
"53644",4,54,58,55
"53645",1,9,10,9
"53646",1,3,4,3
"53647",2,18,20,19
"53648",2,37,39,37
"53649",2,3,5,3
"53650",1,14,15,14
"53651",1,4,5,4
"53652",1,15,16,15
"53653",8,8,16,14
"53654",7,56,63,59
"53655",3,3,6,4
"53656",4,11,15,12
"53657",4,3,7,4
"53658",6,14,20,18
"53659",1,37,38,37
"53660",1,1,2,1
"53661",3,24,27,24
"53662",1,2,3,2
"53663",3,3,6,5
"53664",2,1,3,2
"53665",1,12,13,12
"53666",1,8,9,8
"53667",3,34,37,35
"53668",1,2,3,2
"53669",2,6,8,6
"53670",1,5,6,5
"53671",4,6,10,9
"53672",12,30,42,38
"53673",169,169,338,169
"53674",20,20,40,20
"53675",12,30,42,38
"53676",9,3,12,11
"53677",2,4,6,5
"53678",7,1,8,7
"53679",6,169,175,174
"53680",5,45,50,48
"53681",2,15,17,16
"53682",1,1,2,1
"53683",1,1,2,1
"53684",4,23,27,23
"53685",1,2,3,2
"53686",1,169,170,169
"53687",6,4,10,9
"53688",2,3,5,3
"53689",3,3,6,4
"53690",1,2,3,2
"53691",3,11,14,11
"53692",2,61,63,61
"53693",1,2,3,2
"53694",3,23,26,23
"53695",3,19,22,20
"53696",1,3,4,3
"53697",1,1,2,1
"53698",3,13,16,14
"53699",35,25,60,59
"53700",2,10,12,11
"53701",3,1,4,3
"53702",1,8,9,8
"53703",1,5,6,5
"53704",2,2,4,2
"53705",3,11,14,13
"53706",1,15,16,15
"53707",2,17,19,18
"53708",1,1,2,1
"53709",1,1,2,1
"53710",12,4,16,15
"53711",1,4,5,4
"53712",2,5,7,6
"53713",3,14,17,14
"53714",2,18,20,19
"53715",1,3,4,3
"53716",13,1,14,13
"53717",1,2,3,2
"53718",1,4,5,4
"53719",1,3,4,3
"53720",3,12,15,14
"53721",2,31,33,32
"53722",5,7,12,10
"53723",2,11,13,11
"53724",2,10,12,10
"53725",5,5,10,5
"53726",3,4,7,6
"53727",4,5,9,7
"53728",1,1,2,1
"53729",1,31,32,31
"53730",10,2,12,11
"53731",1,2,3,2
"53732",3,25,28,25
"53733",5,35,40,37
"53734",1,4,5,4
"53735",4,1,5,4
"53736",10,1,11,10
"53737",3,1,4,3
"53738",1,10,11,10
"53739",1,1,2,1
"53740",4,7,11,8
"53741",1,1,2,1
"53742",1,1,2,1
"53743",2,2,4,3
"53744",16,55,71,63
"53745",1,1,2,1
"53746",4,1,5,4
"53747",5,11,16,15
"53748",4,15,19,15
"53749",4,11,15,14
"53750",1,1,2,1
"53751",2,17,19,17
"53752",2,4,6,5
"53753",1,3,4,3
"53754",1,4,5,4
"53755",1,8,9,8
"53756",2,11,13,11
"53757",6,10,16,15
"53758",3,5,8,6
"53759",2,8,10,9
"53760",24,20,44,43
"53761",2,4,6,4
"53762",3,6,9,7
"53763",2,8,10,8
"53764",2,3,5,3
"53765",11,2,13,12
"53766",1,4,5,4
"53767",4,14,18,17
"53768",1,16,17,16
"53769",1,6,7,6
"53770",4,12,16,15
"53771",2,6,8,7
"53772",5,2,7,5
"53773",1,3,4,3
"53774",1,29,30,29
"53775",2,3,5,3
"53776",1,1,2,1
"53777",5,1,6,5
"53778",1,1,2,1
"53779",1,1,2,1
"53780",1,10,11,10
"53781",4,4,8,4
"53782",1,8,9,8
"53783",3,14,17,14
"53784",6,5,11,10
"53785",3,20,23,20
"53786",1,3,4,3
"53787",4,11,15,14
"53788",1,4,5,4
"53789",3,12,15,14
"53790",1,1,2,1
"53791",1,21,22,21
"53792",3,25,28,25
"53793",1,3,4,3
"53794",2,8,10,8
"53795",6,61,67,62
"53796",2,14,16,15
"53797",1,1,2,1
"53798",1,4,5,4
"53799",3,2,5,4
"53800",2,2,4,2
"53801",7,31,38,34
"53802",1,5,6,5
"53803",4,1,5,4
"53804",37,24,61,59
"53805",16,3,19,16
"53806",3,6,9,6
"53807",1,16,17,16
"53808",8,2,10,8
"53809",2,11,13,11
"53810",2,5,7,6
"53811",7,2,9,7
"53812",2,15,17,15
"53813",7,14,21,20
"53814",1,3,4,3
"53815",2,15,17,15
"53816",15,12,27,24
"53817",7,8,15,12
"53818",2,14,16,14
"53819",1,3,4,3
"53820",2,5,7,5
"53821",40,5,45,44
"53822",1,2,3,2
"53823",6,1,7,6
"53824",1,5,6,5
"53825",2,1,3,2
"53826",1,10,11,10
"53827",2,9,11,9
"53828",2,4,6,4
"53829",5,12,17,15
"53830",2,6,8,6
"53831",1,13,14,13
"53832",1,54,55,54
"53833",2,2,4,3
"53834",5,16,21,18
"53835",6,7,13,12
"53836",6,22,28,24
"53837",2,7,9,7
"53838",3,13,16,14
"53839",7,5,12,10
"53840",2,14,16,14
"53841",1,21,22,21
"53842",1,1,2,1
"53843",1,6,7,6
"53844",5,3,8,7
"53845",2,5,7,6
"53846",15,1,16,15
"53847",2,10,12,10
"53848",1,10,11,10
"53849",8,1,9,8
"53850",1,3,4,3
"53851",7,1,8,7
"53852",1,13,14,13
"53853",1,12,13,12
"53854",5,7,12,8
"53855",1,7,8,7
"53856",1,19,20,19
"53857",1,19,20,19
"53858",1,1,2,1
"53859",1,5,6,5
"53860",6,3,9,8
"53861",1,2,3,2
"53862",2,8,10,8
"53863",3,3,6,5
"53864",1,2,3,2
"53865",6,37,43,41
"53866",1,1,2,1
"53867",1,2,3,2
"53868",6,35,41,39
"53869",2,11,13,12
"53870",1,3,4,3
"53871",2,2,4,3
"53872",6,60,66,60
"53873",20,4,24,22
"53874",9,36,45,41
"53875",2,12,14,12
"53876",2,12,14,12
"53877",2,1,3,2
"53878",15,6,21,19
"53879",3,13,16,15
"53880",1,7,8,7
"53881",11,56,67,61
"53882",8,12,20,18
"53883",5,22,27,24
"53884",5,5,10,9
"53885",1,1,2,1
"53886",5,35,40,36
"53887",1,4,5,4
"53888",1,1,2,1
"53889",2,15,17,15
"53890",17,7,24,22
"53891",8,1,9,8
"53892",1,1,2,1
"53893",1,12,13,12
"53894",5,2,7,6
"53895",17,1,18,17
"53896",11,29,40,36
"53897",2,10,12,10
"53898",1,12,13,12
"53899",1,14,15,14
"53900",1,40,41,40
"53901",1,3,4,3
"53902",5,1,6,5
"53903",2,1,3,2
"53904",1,1,2,1
"53905",1,5,6,5
"53906",1,60,61,60
"53907",2,4,6,4
"53908",3,7,10,9
"53909",2,16,18,16
"53910",2,6,8,7
"53911",5,9,14,13
"53912",2,13,15,13
"53913",2,4,6,5
"53914",4,56,60,56
"53915",3,13,16,14
"53916",9,60,69,66
"53917",2,5,7,5
"53918",3,16,19,16
"53919",8,19,27,26
"53920",5,6,11,6
"53921",9,20,29,28
"53922",2,17,19,17
"53923",3,9,12,10
"53924",169,20,189,182
"53925",2,5,7,6
"53926",5,61,66,64
"53927",1,2,3,2
"53928",1,16,17,16
"53929",1,5,6,5
"53930",1,5,6,5
"53931",1,5,6,5
"53932",6,20,26,21
"53933",9,25,34,31
"53934",1,18,19,18
"53935",2,7,9,7
"53936",1,4,5,4
"53937",2,6,8,6
"53938",3,17,20,18
"53939",7,12,19,15
"53940",1,10,11,10
"53941",1,9,10,9
"53942",2,1,3,2
"53943",23,35,58,57
"53944",1,3,4,3
"53945",3,2,5,3
"53946",3,8,11,9
"53947",2,5,7,5
"53948",6,28,34,32
"53949",1,3,4,3
"53950",5,13,18,15
"53951",1,1,2,1
"53952",6,6,12,10
"53953",5,10,15,13
"53954",5,20,25,22
"53955",1,1,2,1
"53956",1,11,12,11
"53957",3,6,9,7
"53958",17,2,19,17
"53959",2,12,14,12
"53960",3,4,7,6
"53961",1,20,21,20
"53962",2,9,11,9
"53963",1,1,2,1
"53964",1,11,12,11
"53965",2,3,5,4
"53966",1,3,4,3
"53967",2,9,11,10
"53968",1,2,3,2
"53969",1,2,3,2
"53970",2,2,4,3
"53971",4,16,20,18
"53972",20,169,189,187
"53973",28,21,49,48
"53974",1,1,2,1
"53975",2,5,7,6
"53976",1,2,3,2
"53977",2,2,4,3
"53978",1,15,16,15
"53979",2,12,14,12
"53980",4,1,5,4
"53981",4,2,6,5
"53982",1,1,2,1
"53983",169,21,190,185
"53984",1,15,16,15
"53985",5,15,20,18
"53986",2,1,3,2
"53987",9,7,16,13
"53988",12,29,41,34
"53989",6,2,8,6
"53990",3,13,16,14
"53991",4,2,6,5
"53992",15,1,16,15
"53993",12,13,25,23
"53994",1,5,6,5
"53995",4,1,5,4
"53996",2,2,4,2
"53997",5,32,37,35
"53998",7,28,35,31
"53999",2,18,20,18
"54000",3,9,12,9
"54001",2,14,16,14
"54002",2,2,4,2
"54003",12,8,20,19
"54004",6,42,48,46
"54005",4,6,10,7
"54006",3,1,4,3
"54007",6,24,30,27
"54008",1,8,9,8
"54009",1,10,11,10
"54010",2,14,16,14
"54011",3,2,5,4
"54012",3,6,9,7
"54013",2,3,5,4
"54014",2,1,3,2
"54015",2,12,14,13
"54016",8,30,38,36
"54017",7,27,34,32
"54018",1,15,16,15
"54019",3,42,45,43
"54020",8,4,12,11
"54021",5,12,17,16
"54022",1,3,4,3
"54023",4,40,44,43
"54024",1,4,5,4
"54025",3,8,11,9
"54026",1,2,3,2
"54027",1,5,6,5
"54028",2,1,3,2
"54029",2,7,9,8
"54030",2,8,10,8
"54031",3,5,8,7
"54032",3,10,13,10
"54033",1,3,4,3
"54034",3,2,5,3
"54035",1,2,3,2
"54036",2,2,4,3
"54037",1,1,2,1
"54038",2,15,17,16
"54039",3,1,4,3
"54040",1,2,3,2
"54041",2,2,4,3
"54042",1,6,7,6
"54043",8,6,14,13
"54044",2,21,23,21
"54045",3,1,4,3
"54046",6,8,14,11
"54047",9,5,14,13
"54048",1,40,41,40
"54049",4,21,25,22
"54050",11,11,22,11
"54051",19,15,34,33
"54052",5,5,10,5
"54053",1,2,3,2
"54054",2,10,12,10
"54055",4,6,10,8
"54056",1,4,5,4
"54057",4,8,12,9
"54058",1,3,4,3
"54059",3,11,14,12
"54060",2,8,10,9
"54061",1,1,2,1
"54062",1,5,6,5
"54063",8,42,50,48
"54064",2,13,15,14
"54065",3,21,24,22
"54066",2,3,5,4
"54067",3,10,13,10
"54068",2,6,8,7
"54069",3,29,32,31
"54070",3,19,22,20
"54071",4,3,7,6
"54072",10,1,11,10
"54073",2,42,44,42
"54074",2,20,22,20
"54075",11,42,53,49
"54076",1,18,19,18
"54077",4,1,5,4
"54078",3,7,10,9
"54079",6,16,22,20
"54080",4,16,20,18
"54081",1,5,6,5
"54082",3,9,12,9
"54083",1,18,19,18
"54084",7,9,16,15
"54085",1,3,4,3
"54086",6,5,11,10
"54087",7,29,36,32
"54088",3,1,4,3
"54089",2,1,3,2
"54090",1,1,2,1
"54091",7,6,13,12
"54092",2,1,3,2
"54093",1,10,11,10
"54094",1,3,4,3
"54095",1,2,3,2
"54096",5,12,17,14
"54097",1,1,2,1
"54098",3,18,21,20
"54099",1,9,10,9
"54100",1,6,7,6
"54101",1,6,7,6
"54102",2,7,9,8
"54103",4,2,6,4
"54104",4,28,32,31
"54105",1,25,26,25
"54106",2,25,27,25
"54107",1,5,6,5
"54108",2,24,26,24
"54109",1,1,2,1
"54110",2,4,6,5
"54111",2,7,9,8
"54112",1,46,47,46
"54113",1,2,3,2
"54114",2,9,11,9
"54115",1,3,4,3
"54116",1,2,3,2
"54117",1,12,13,12
"54118",3,1,4,3
"54119",1,40,41,40
"54120",7,6,13,10
"54121",1,6,7,6
"54122",2,2,4,3
"54123",2,13,15,14
"54124",4,3,7,5
"54125",3,11,14,13
"54126",1,1,2,1
"54127",1,25,26,25
"54128",9,22,31,30
"54129",5,23,28,27
"54130",4,46,50,49
"54131",1,5,6,5
"54132",1,15,16,15
"54133",8,4,12,11
"54134",1,1,2,1
"54135",7,5,12,11
"54136",4,10,14,13
"54137",1,1,2,1
"54138",1,1,2,1
"54139",15,8,23,21
"54140",2,6,8,7
"54141",6,17,23,21
"54142",3,11,14,12
"54143",6,4,10,9
"54144",1,1,2,1
"54145",5,3,8,7
"54146",2,5,7,6
"54147",7,2,9,8
"54148",9,3,12,10
"54149",8,1,9,8
"54150",12,17,29,24
"54151",6,8,14,12
"54152",13,2,15,13
"54153",1,1,2,1
"54154",5,2,7,6
"54155",8,169,177,171
"54156",3,9,12,9
"54157",1,5,6,5
"54158",3,3,6,4
"54159",7,1,8,7
"54160",1,9,10,9
"54161",2,5,7,6
"54162",4,24,28,27
"54163",1,1,2,1
"54164",4,3,7,6
"54165",28,12,40,31
"54166",1,29,30,29
"54167",1,34,35,34
"54168",4,3,7,6
"54169",1,1,2,1
"54170",1,12,13,12
"54171",1,3,4,3
"54172",4,8,12,11
"54173",2,3,5,4
"54174",1,7,8,7
"54175",2,56,58,56
"54176",2,6,8,7
"54177",2,38,40,38
"54178",2,10,12,10
"54179",6,10,16,13
"54180",2,15,17,16
"54181",1,3,4,3
"54182",2,13,15,14
"54183",9,8,17,14
"54184",1,8,9,8
"54185",2,2,4,2
"54186",2,11,13,11
"54187",3,2,5,3
"54188",2,3,5,3
"54189",1,12,13,12
"54190",19,169,188,178
"54191",1,13,14,13
"54192",5,2,7,6
"54193",2,2,4,2
"54194",1,1,2,1
"54195",9,1,10,9
"54196",15,12,27,25
"54197",4,16,20,18
"54198",1,3,4,3
"54199",5,7,12,10
"54200",2,8,10,9
"54201",2,6,8,7
"54202",5,14,19,16
"54203",7,1,8,7
"54204",3,17,20,17
"54205",3,18,21,18
"54206",2,3,5,3
"54207",3,6,9,8
"54208",2,1,3,2
"54209",3,4,7,6
"54210",2,1,3,2
"54211",3,8,11,9
"54212",1,1,2,1
"54213",1,10,11,10
"54214",4,16,20,18
"54215",2,3,5,3
"54216",1,7,8,7
"54217",5,14,19,18
"54218",2,12,14,13
"54219",2,6,8,6
"54220",4,6,10,7
"54221",1,5,6,5
"54222",2,6,8,7
"54223",16,16,32,16
"54224",1,6,7,6
"54225",1,1,2,1
"54226",3,3,6,3
"54227",2,16,18,16
"54228",1,31,32,31
"54229",7,60,67,61
"54230",1,3,4,3
"54231",3,9,12,11
"54232",10,7,17,16
"54233",8,14,22,20
"54234",2,3,5,4
"54235",5,18,23,20
"54236",2,5,7,6
"54237",2,1,3,2
"54238",10,26,36,29
"54239",2,2,4,2
"54240",3,56,59,57
"54241",3,6,9,6
"54242",2,1,3,2
"54243",3,10,13,11
"54244",4,15,19,17
"54245",6,5,11,8
"54246",5,4,9,6
"54247",1,4,5,4
"54248",3,35,38,35
"54249",1,10,11,10
"54250",3,3,6,5
"54251",11,1,12,11
"54252",3,26,29,26
"54253",16,54,70,54
"54254",2,4,6,5
"54255",1,15,16,15
"54256",23,17,40,38
"54257",1,3,4,3
"54258",3,6,9,6
"54259",1,40,41,40
"54260",4,20,24,22
"54261",3,1,4,3
"54262",1,1,2,1
"54263",2,3,5,3
"54264",7,4,11,10
"54265",3,4,7,5
"54266",2,12,14,12
"54267",1,10,11,10
"54268",2,6,8,7
"54269",6,1,7,6
"54270",6,7,13,9
"54271",2,2,4,2
"54272",1,1,2,1
"54273",2,4,6,5
"54274",2,2,4,3
"54275",4,4,8,6
"54276",2,8,10,9
"54277",7,6,13,9
"54278",6,1,7,6
"54279",5,32,37,35
"54280",1,22,23,22
"54281",1,14,15,14
"54282",2,1,3,2
"54283",1,7,8,7
"54284",1,3,4,3
"54285",4,8,12,9
"54286",1,6,7,6
"54287",2,8,10,8
"54288",6,34,40,39
"54289",3,3,6,5
"54290",5,2,7,5
"54291",2,2,4,2
"54292",8,169,177,172
"54293",1,17,18,17
"54294",1,1,2,1
"54295",3,8,11,8
"54296",1,6,7,6
"54297",1,8,9,8
"54298",8,5,13,9
"54299",3,1,4,3
"54300",3,11,14,12
"54301",4,1,5,4
"54302",1,13,14,13
"54303",1,10,11,10
"54304",1,7,8,7
"54305",1,10,11,10
"54306",1,5,6,5
"54307",1,7,8,7
"54308",2,6,8,7
"54309",5,5,10,9
"54310",1,5,6,5
"54311",1,7,8,7
"54312",1,12,13,12
"54313",12,7,19,18
"54314",1,9,10,9
"54315",2,2,4,2
"54316",1,5,6,5
"54317",1,10,11,10
"54318",1,1,2,1
"54319",1,1,2,1
"54320",8,20,28,25
"54321",1,2,3,2
"54322",1,11,12,11
"54323",2,3,5,3
"54324",1,61,62,61
"54325",12,2,14,13
"54326",1,6,7,6
"54327",1,2,3,2
"54328",2,10,12,11
"54329",2,4,6,4
"54330",2,15,17,16
"54331",8,18,26,23
"54332",1,3,4,3
"54333",1,6,7,6
"54334",2,4,6,5
"54335",1,1,2,1
"54336",2,5,7,6
"54337",1,8,9,8
"54338",1,6,7,6
"54339",1,1,2,1
"54340",1,2,3,2
"54341",2,7,9,8
"54342",1,4,5,4
"54343",1,13,14,13
"54344",1,24,25,24
"54345",10,9,19,18
"54346",11,29,40,36
"54347",5,11,16,14
"54348",3,31,34,31
"54349",10,8,18,17
"54350",2,34,36,34
"54351",2,2,4,3
"54352",2,3,5,4
"54353",4,28,32,29
"54354",1,11,12,11
"54355",2,18,20,18
"54356",2,2,4,2
"54357",1,5,6,5
"54358",2,14,16,15
"54359",1,3,4,3
"54360",4,1,5,4
"54361",5,1,6,5
"54362",1,1,2,1
"54363",7,7,14,13
"54364",1,24,25,24
"54365",1,1,2,1
"54366",3,54,57,54
"54367",10,2,12,11
"54368",1,1,2,1
"54369",5,12,17,15
"54370",6,6,12,6
"54371",7,20,27,25
"54372",1,1,2,1
"54373",2,39,41,40
"54374",2,37,39,37
"54375",3,2,5,4
"54376",1,1,2,1
"54377",1,1,2,1
"54378",16,7,23,17
"54379",4,4,8,6
"54380",3,2,5,4
"54381",1,6,7,6
"54382",1,9,10,9
"54383",7,2,9,7
"54384",4,14,18,17
"54385",2,56,58,56
"54386",16,55,71,63
"54387",1,2,3,2
"54388",4,11,15,12
"54389",3,32,35,32
"54390",9,56,65,63
"54391",7,3,10,9
"54392",4,29,33,30
"54393",1,12,13,12
"54394",2,7,9,8
"54395",3,7,10,8
"54396",6,9,15,13
"54397",6,1,7,6
"54398",6,12,18,16
"54399",3,5,8,6
"54400",3,30,33,31
"54401",8,12,20,18
"54402",7,7,14,13
"54403",1,4,5,4
"54404",1,4,5,4
"54405",15,8,23,22
"54406",2,4,6,4
"54407",22,5,27,24
"54408",2,4,6,4
"54409",3,5,8,7
"54410",10,5,15,14
"54411",5,25,30,28
"54412",2,4,6,5
"54413",2,38,40,38
"54414",3,24,27,25
"54415",3,16,19,18
"54416",9,19,28,26
"54417",7,6,13,10
"54418",7,35,42,41
"54419",5,11,16,15
"54420",4,10,14,13
"54421",9,42,51,50
"54422",7,60,67,61
"54423",3,2,5,4
"54424",4,1,5,4
"54425",6,1,7,6
"54426",1,1,2,1
"54427",2,11,13,12
"54428",3,2,5,4
"54429",2,6,8,6
"54430",3,18,21,20
"54431",1,14,15,14
"54432",1,7,8,7
"54433",5,5,10,5
"54434",1,7,8,7
"54435",1,13,14,13
"54436",2,34,36,34
"54437",5,13,18,17
"54438",1,12,13,12
"54439",1,24,25,24
"54440",4,1,5,4
"54441",12,4,16,14
"54442",4,7,11,10
"54443",6,14,20,18
"54444",1,3,4,3
"54445",2,9,11,9
"54446",1,2,3,2
"54447",1,6,7,6
"54448",2,9,11,10
"54449",2,1,3,2
"54450",6,21,27,22
"54451",1,4,5,4
"54452",9,20,29,28
"54453",10,5,15,14
"54454",1,5,6,5
"54455",35,24,59,54
"54456",1,8,9,8
"54457",2,7,9,8
"54458",4,4,8,6
"54459",3,56,59,56
"54460",4,23,27,25
"54461",5,7,12,9
"54462",1,7,8,7
"54463",2,5,7,5
"54464",10,26,36,29
"54465",2,30,32,31
"54466",7,8,15,12
"54467",1,16,17,16
"54468",1,4,5,4
"54469",2,3,5,3
"54470",4,17,21,19
"54471",3,6,9,6
"54472",3,11,14,12
"54473",8,2,10,8
"54474",1,3,4,3
"54475",2,45,47,46
"54476",1,16,17,16
"54477",3,2,5,4
"54478",2,1,3,2
"54479",1,7,8,7
"54480",1,4,5,4
"54481",4,2,6,5
"54482",2,12,14,13
"54483",2,11,13,11
"54484",3,3,6,4
"54485",3,2,5,4
"54486",2,4,6,4
"54487",1,3,4,3
"54488",1,7,8,7
"54489",3,2,5,3
"54490",2,34,36,34
"54491",3,7,10,9
"54492",22,29,51,49
"54493",1,7,8,7
"54494",1,2,3,2
"54495",2,3,5,3
"54496",3,18,21,20
"54497",2,11,13,11
"54498",1,6,7,6
"54499",5,19,24,22
"54500",5,10,15,12
"54501",9,19,28,22
"54502",7,3,10,9
"54503",1,14,15,14
"54504",1,4,5,4
"54505",4,29,33,31
"54506",1,1,2,1
"54507",1,13,14,13
"54508",5,12,17,16
"54509",1,7,8,7
"54510",3,1,4,3
"54511",1,4,5,4
"54512",15,3,18,17
"54513",2,1,3,2
"54514",5,3,8,7
"54515",1,11,12,11
"54516",1,13,14,13
"54517",1,6,7,6
"54518",1,9,10,9
"54519",7,10,17,13
"54520",6,1,7,6
"54521",2,1,3,2
"54522",5,11,16,11
"54523",9,9,18,9
"54524",1,26,27,26
"54525",3,2,5,4
"54526",1,10,11,10
"54527",1,1,2,1
"54528",1,1,2,1
"54529",1,14,15,14
"54530",1,3,4,3
"54531",3,7,10,9
"54532",1,6,7,6
"54533",1,2,3,2
"54534",4,1,5,4
"54535",1,35,36,35
"54536",4,7,11,8
"54537",3,1,4,3
"54538",6,22,28,25
"54539",4,14,18,17
"54540",1,7,8,7
"54541",4,34,38,36
"54542",2,4,6,4
"54543",2,1,3,2
"54544",1,13,14,13
"54545",2,15,17,15
"54546",1,42,43,42
"54547",6,15,21,18
"54548",2,12,14,12
"54549",3,17,20,19
"54550",1,2,3,2
"54551",1,13,14,13
"54552",1,26,27,26
"54553",1,19,20,19
"54554",1,2,3,2
"54555",1,3,4,3
"54556",6,15,21,18
"54557",1,1,2,1
"54558",2,1,3,2
"54559",2,6,8,6
"54560",1,28,29,28
"54561",1,12,13,12
"54562",5,24,29,26
"54563",6,15,21,20
"54564",1,1,2,1
"54565",3,23,26,24
"54566",14,1,15,14
"54567",1,16,17,16
"54568",2,6,8,7
"54569",1,6,7,6
"54570",3,6,9,7
"54571",1,8,9,8
"54572",3,5,8,7
"54573",2,23,25,24
"54574",2,9,11,10
"54575",2,9,11,9
"54576",1,1,2,1
"54577",1,13,14,13
"54578",3,32,35,34
"54579",15,17,32,30
"54580",1,2,3,2
"54581",6,24,30,25
"54582",10,6,16,15
"54583",1,2,3,2
"54584",1,5,6,5
"54585",5,2,7,5
"54586",7,42,49,48
"54587",3,1,4,3
"54588",4,16,20,17
"54589",7,12,19,15
"54590",5,2,7,6
"54591",1,4,5,4
"54592",1,8,9,8
"54593",2,6,8,7
"54594",3,28,31,30
"54595",7,13,20,18
"54596",7,12,19,15
"54597",2,2,4,3
"54598",1,10,11,10
"54599",3,17,20,19
"54600",3,18,21,18
"54601",3,5,8,7
"54602",4,6,10,8
"54603",1,1,2,1
"54604",3,6,9,8
"54605",2,10,12,10
"54606",3,3,6,4
"54607",5,19,24,23
"54608",2,1,3,2
"54609",2,4,6,5
"54610",1,3,4,3
"54611",1,4,5,4
"54612",2,2,4,2
"54613",6,10,16,15
"54614",4,1,5,4
"54615",1,2,3,2
"54616",1,3,4,3
"54617",1,8,9,8
"54618",1,1,2,1
"54619",1,1,2,1
"54620",2,6,8,6
"54621",2,6,8,6
"54622",1,10,11,10
"54623",1,1,2,1
"54624",1,1,2,1
"54625",1,5,6,5
"54626",1,1,2,1
"54627",1,5,6,5
"54628",1,10,11,10
"54629",3,1,4,3
"54630",2,1,3,2
"54631",1,1,2,1
"54632",1,1,2,1
"54633",3,1,4,3
"54634",1,10,11,10
"54635",2,8,10,8
"54636",1,1,2,1
"54637",1,1,2,1
"54638",2,4,6,5
"54639",2,1,3,2
"54640",1,1,2,1
"54641",1,1,2,1
"54642",7,1,8,7
"54643",4,1,5,4
"54644",2,2,4,3
"54645",3,7,10,8
"54646",3,10,13,12
"54647",1,5,6,5
"54648",2,60,62,60
"54649",9,36,45,41
"54650",7,44,51,47
"54651",13,5,18,17
"54652",2,4,6,5
"54653",12,29,41,34
"54654",2,20,22,20
"54655",5,28,33,29
"54656",1,10,11,10
"54657",1,9,10,9
"54658",3,1,4,3
"54659",1,5,6,5
"54660",1,23,24,23
"54661",2,4,6,4
"54662",1,3,4,3
"54663",2,6,8,7
"54664",3,15,18,16
"54665",1,3,4,3
"54666",6,15,21,18
"54667",6,5,11,9
"54668",1,25,26,25
"54669",1,4,5,4
"54670",4,3,7,5
"54671",5,5,10,5
"54672",4,1,5,4
"54673",2,1,3,2
"54674",2,17,19,17
"54675",5,1,6,5
"54676",1,1,2,1
"54677",3,1,4,3
"54678",1,3,4,3
"54679",1,21,22,21
"54680",13,7,20,19
"54681",8,5,13,9
"54682",1,1,2,1
"54683",1,14,15,14
"54684",2,12,14,13
"54685",7,9,16,15
"54686",1,2,3,2
"54687",2,18,20,19
"54688",5,18,23,20
"54689",3,3,6,5
"54690",5,18,23,21
"54691",2,9,11,9
"54692",1,4,5,4
"54693",2,8,10,9
"54694",1,38,39,38
"54695",1,1,2,1
"54696",1,6,7,6
"54697",2,8,10,9
"54698",4,21,25,21
"54699",3,15,18,16
"54700",3,7,10,8
"54701",7,2,9,8
"54702",1,9,10,9
"54703",13,2,15,13
"54704",4,46,50,48
"54705",13,1,14,13
"54706",5,9,14,12
"54707",2,6,8,6
"54708",4,60,64,62
"54709",15,1,16,15
"54710",1,1,2,1
"54711",10,16,26,25
"54712",5,13,18,17
"54713",1,5,6,5
"54714",1,7,8,7
"54715",2,4,6,4
"54716",1,7,8,7
"54717",1,12,13,12
"54718",1,8,9,8
"54719",1,1,2,1
"54720",3,1,4,3
"54721",4,34,38,36
"54722",3,17,20,17
"54723",2,12,14,12
"54724",1,6,7,6
"54725",10,6,16,15
"54726",1,1,2,1
"54727",5,6,11,6
"54728",5,5,10,5
"54729",3,1,4,3
"54730",1,1,2,1
"54731",5,20,25,20
"54732",1,5,6,5
"54733",1,5,6,5
"54734",5,1,6,5
"54735",1,4,5,4
"54736",1,4,5,4
"54737",2,1,3,2
"54738",2,36,38,37
"54739",1,1,2,1
"54740",4,2,6,5
"54741",2,7,9,7
"54742",13,35,48,47
"54743",2,25,27,26
"54744",4,15,19,18
"54745",1,13,14,13
"54746",7,19,26,19
"54747",2,10,12,11
"54748",2,22,24,22
"54749",3,1,4,3
"54750",3,4,7,6
"54751",2,9,11,9
"54752",1,1,2,1
"54753",2,25,27,26
"54754",1,6,7,6
"54755",2,36,38,36
"54756",1,15,16,15
"54757",1,1,2,1
"54758",1,10,11,10
"54759",4,1,5,4
"54760",5,61,66,64
"54761",1,2,3,2
"54762",1,36,37,36
"54763",1,4,5,4
"54764",4,11,15,14
"54765",5,4,9,8
"54766",4,15,19,18
"54767",1,28,29,28
"54768",4,17,21,18
"54769",4,169,173,171
"54770",1,2,3,2
"54771",2,3,5,3
"54772",3,9,12,9
"54773",1,24,25,24
"54774",5,176,181,179
"54775",1,4,5,4
"54776",7,15,22,21
"54777",3,1,4,3
"54778",2,9,11,10
"54779",1,9,10,9
"54780",4,5,9,7
"54781",2,6,8,6
"54782",3,25,28,26
"54783",7,2,9,8
"54784",1,8,9,8
"54785",3,29,32,31
"54786",1,7,8,7
"54787",1,6,7,6
"54788",2,40,42,40
"54789",1,8,9,8
"54790",2,40,42,41
"54791",1,7,8,7
"54792",3,11,14,11
"54793",2,10,12,10
"54794",3,5,8,6
"54795",25,2,27,25
"54796",1,5,6,5
"54797",2,11,13,11
"54798",2,15,17,15
"54799",5,8,13,12
"54800",1,2,3,2
"54801",1,4,5,4
"54802",1,2,3,2
"54803",2,61,63,61
"54804",1,23,24,23
"54805",2,4,6,4
"54806",4,4,8,5
"54807",3,32,35,33
"54808",10,3,13,12
"54809",2,20,22,21
"54810",2,4,6,5
"54811",10,15,25,23
"54812",1,20,21,20
"54813",23,9,32,31
"54814",1,6,7,6
"54815",13,6,19,18
"54816",2,12,14,13
"54817",3,14,17,15
"54818",4,5,9,8
"54819",2,11,13,12
"54820",1,1,2,1
"54821",7,4,11,8
"54822",1,20,21,20
"54823",8,36,44,41
"54824",2,2,4,3
"54825",7,2,9,7
"54826",2,3,5,4
"54827",9,1,10,9
"54828",4,54,58,57
"54829",4,12,16,15
"54830",3,5,8,6
"54831",2,9,11,9
"54832",2,11,13,12
"54833",6,20,26,21
"54834",2,10,12,10
"54835",2,6,8,6
"54836",1,23,24,23
"54837",2,4,6,5
"54838",2,2,4,3
"54839",1,18,19,18
"54840",1,11,12,11
"54841",2,2,4,2
"54842",6,6,12,11
"54843",2,17,19,17
"54844",1,4,5,4
"54845",2,1,3,2
"54846",3,11,14,13
"54847",4,15,19,17
"54848",5,5,10,9
"54849",1,3,4,3
"54850",3,5,8,7
"54851",3,3,6,3
"54852",2,4,6,5
"54853",169,176,345,342
"54854",5,17,22,21
"54855",14,10,24,23
"54856",3,8,11,9
"54857",4,1,5,4
"54858",3,1,4,3
"54859",1,8,9,8
"54860",1,1,2,1
"54861",2,6,8,6
"54862",2,8,10,8
"54863",4,17,21,19
"54864",1,5,6,5
"54865",1,11,12,11
"54866",1,9,10,9
"54867",3,1,4,3
"54868",1,7,8,7
"54869",2,30,32,30
"54870",1,18,19,18
"54871",2,1,3,2
"54872",2,7,9,7
"54873",37,19,56,54
"54874",3,13,16,14
"54875",3,8,11,10
"54876",2,17,19,17
"54877",1,1,2,1
"54878",3,1,4,3
"54879",9,9,18,9
"54880",1,5,6,5
"54881",2,5,7,6
"54882",9,16,25,17
"54883",4,5,9,7
"54884",3,32,35,32
"54885",1,1,2,1
"54886",1,23,24,23
"54887",1,3,4,3
"54888",2,60,62,61
"54889",5,4,9,5
"54890",1,1,2,1
"54891",3,4,7,6
"54892",3,1,4,3
"54893",1,2,3,2
"54894",2,5,7,6
"54895",5,15,20,19
"54896",2,3,5,3
"54897",1,1,2,1
"54898",1,5,6,5
"54899",4,8,12,8
"54900",1,1,2,1
"54901",4,11,15,14
"54902",3,6,9,7
"54903",2,3,5,4
"54904",3,7,10,8
"54905",4,18,22,21
"54906",1,12,13,12
"54907",5,4,9,8
"54908",5,19,24,22
"54909",1,11,12,11
"54910",4,9,13,12
"54911",5,17,22,21
"54912",5,19,24,21
"54913",2,4,6,5
"54914",3,1,4,3
"54915",3,9,12,9
"54916",4,24,28,27
"54917",1,3,4,3
"54918",8,14,22,20
"54919",4,3,7,5
"54920",16,55,71,63
"54921",1,10,11,10
"54922",1,1,2,1
"54923",1,5,6,5
"54924",2,12,14,12
"54925",1,1,2,1
"54926",3,6,9,7
"54927",2,24,26,24
"54928",3,10,13,12
"54929",2,25,27,25
"54930",1,5,6,5
"54931",4,11,15,13
"54932",14,19,33,31
"54933",7,7,14,12
"54934",3,1,4,3
"54935",3,2,5,3
"54936",2,7,9,8
"54937",2,31,33,31
"54938",7,9,16,9
"54939",1,2,3,2
"54940",7,6,13,11
"54941",2,30,32,30
"54942",7,4,11,10
"54943",3,4,7,5
"54944",3,21,24,21
"54945",1,26,27,26
"54946",24,5,29,26
"54947",2,3,5,4
"54948",1,4,5,4
"54949",3,14,17,16
"54950",1,8,9,8
"54951",1,12,13,12
"54952",2,1,3,2
"54953",3,12,15,13
"54954",2,2,4,2
"54955",2,13,15,13
"54956",2,7,9,7
"54957",2,3,5,3
"54958",2,4,6,4
"54959",6,1,7,6
"54960",3,2,5,4
"54961",3,34,37,35
"54962",1,1,2,1
"54963",5,14,19,16
"54964",2,7,9,7
"54965",6,28,34,31
"54966",8,31,39,32
"54967",2,11,13,11
"54968",1,1,2,1
"54969",2,38,40,38
"54970",6,5,11,8
"54971",1,6,7,6
"54972",5,5,10,9
"54973",1,6,7,6
"54974",3,5,8,6
"54975",3,16,19,18
"54976",1,3,4,3
"54977",4,28,32,30
"54978",1,1,2,1
"54979",2,2,4,2
"54980",1,3,4,3
"54981",1,16,17,16
"54982",1,1,2,1
"54983",4,2,6,5
"54984",35,11,46,45
"54985",1,11,12,11
"54986",3,5,8,6
"54987",3,6,9,6
"54988",3,56,59,56
"54989",2,55,57,55
"54990",1,5,6,5
"54991",3,5,8,7
"54992",1,19,20,19
"54993",1,5,6,5
"54994",3,4,7,6
"54995",5,46,51,50
"54996",1,4,5,4
"54997",6,5,11,8
"54998",2,29,31,29
"54999",5,16,21,18
"55000",3,14,17,14
"55001",2,7,9,8
"55002",2,2,4,3
"55003",7,2,9,8
"55004",2,2,4,3
"55005",6,15,21,20
"55006",7,7,14,12
"55007",1,5,6,5
"55008",6,27,33,32
"55009",1,6,7,6
"55010",14,9,23,22
"55011",3,3,6,4
"55012",1,6,7,6
"55013",2,6,8,7
"55014",4,60,64,62
"55015",3,28,31,29
"55016",4,8,12,11
"55017",16,54,70,54
"55018",2,5,7,5
"55019",1,5,6,5
"55020",3,6,9,7
"55021",1,2,3,2
"55022",31,2,33,31
"55023",5,3,8,5
"55024",3,1,4,3
"55025",5,12,17,14
"55026",2,55,57,55
"55027",8,4,12,11
"55028",4,56,60,56
"55029",1,1,2,1
"55030",1,11,12,11
"55031",1,1,2,1
"55032",1,7,8,7
"55033",2,2,4,2
"55034",3,29,32,29
"55035",6,21,27,22
"55036",2,11,13,12
"55037",2,5,7,5
"55038",7,3,10,9
"55039",5,2,7,6
"55040",1,4,5,4
"55041",10,3,13,10
"55042",5,13,18,16
"55043",35,2,37,35
"55044",5,17,22,21
"55045",2,30,32,31
"55046",7,9,16,11
"55047",1,5,6,5
"55048",37,1,38,37
"55049",2,1,3,2
"55050",8,14,22,21
"55051",1,3,4,3
"55052",4,16,20,17
"55053",1,10,11,10
"55054",5,5,10,7
"55055",16,54,70,54
"55056",6,6,12,10
"55057",1,1,2,1
"55058",2,55,57,56
"55059",3,5,8,5
"55060",13,3,16,14
"55061",6,60,66,60
"55062",4,1,5,4
"55063",4,25,29,26
"55064",5,169,174,170
"55065",11,29,40,37
"55066",6,17,23,21
"55067",6,61,67,62
"55068",5,1,6,5
"55069",1,11,12,11
"55070",1,2,3,2
"55071",3,3,6,4
"55072",2,5,7,6
"55073",2,36,38,37
"55074",3,5,8,6
"55075",3,16,19,16
"55076",2,3,5,4
"55077",1,4,5,4
"55078",3,15,18,16
"55079",6,1,7,6
"55080",3,20,23,20
"55081",4,6,10,7
"55082",1,2,3,2
"55083",7,13,20,18
"55084",12,7,19,16
"55085",1,1,2,1
"55086",1,8,9,8
"55087",10,15,25,22
"55088",5,7,12,11
"55089",1,11,12,11
"55090",1,9,10,9
"55091",5,2,7,6
"55092",2,1,3,2
"55093",1,4,5,4
"55094",2,2,4,3
"55095",1,8,9,8
"55096",4,32,36,35
"55097",2,3,5,4
"55098",1,1,2,1
"55099",5,3,8,6
"55100",2,7,9,8
"55101",2,60,62,60
"55102",1,3,4,3
"55103",2,3,5,4
"55104",11,7,18,15
"55105",19,28,47,43
"55106",2,4,6,4
"55107",2,1,3,2
"55108",1,10,11,10
"55109",1,8,9,8
"55110",7,4,11,8
"55111",2,16,18,17
"55112",1,61,62,61
"55113",5,15,20,17
"55114",15,11,26,22
"55115",1,15,16,15
"55116",7,10,17,14
"55117",2,56,58,57
"55118",1,6,7,6
"55119",1,2,3,2
"55120",4,38,42,41
"55121",3,9,12,9
"55122",2,8,10,9
"55123",1,2,3,2
"55124",1,23,24,23
"55125",9,41,50,47
"55126",3,6,9,8
"55127",3,8,11,9
"55128",1,4,5,4
"55129",11,2,13,11
"55130",1,4,5,4
"55131",1,13,14,13
"55132",4,15,19,18
"55133",5,5,10,5
"55134",4,2,6,4
"55135",2,5,7,6
"55136",16,4,20,17
"55137",13,9,22,18
"55138",4,28,32,29
"55139",1,5,6,5
"55140",1,19,20,19
"55141",8,6,14,12
"55142",4,8,12,11
"55143",4,20,24,21
"55144",1,1,2,1
"55145",1,18,19,18
"55146",4,24,28,26
"55147",1,1,2,1
"55148",1,12,13,12
"55149",2,14,16,14
"55150",1,2,3,2
"55151",7,44,51,47
"55152",5,2,7,6
"55153",2,2,4,3
"55154",8,18,26,24
"55155",1,1,2,1
"55156",2,5,7,5
"55157",1,6,7,6
"55158",3,8,11,8
"55159",11,16,27,24
"55160",1,4,5,4
"55161",15,8,23,22
"55162",2,6,8,6
"55163",2,12,14,13
"55164",2,24,26,24
"55165",4,1,5,4
"55166",6,7,13,12
"55167",3,6,9,8
"55168",5,37,42,41
"55169",3,13,16,14
"55170",1,3,4,3
"55171",4,13,17,16
"55172",1,3,4,3
"55173",2,15,17,16
"55174",6,40,46,42
"55175",1,8,9,8
"55176",1,14,15,14
"55177",4,2,6,4
"55178",6,7,13,11
"55179",3,5,8,6
"55180",2,7,9,7
"55181",1,2,3,2
"55182",1,6,7,6
"55183",3,14,17,14
"55184",11,19,30,27
"55185",2,2,4,2
"55186",4,4,8,5
"55187",1,3,4,3
"55188",3,5,8,6
"55189",1,4,5,4
"55190",1,14,15,14
"55191",1,3,4,3
"55192",6,35,41,38
"55193",12,9,21,20
"55194",2,8,10,8
"55195",8,7,15,14
"55196",2,8,10,8
"55197",13,1,14,13
"55198",2,35,37,36
"55199",2,7,9,8
"55200",5,15,20,18
"55201",1,1,2,1
"55202",2,11,13,12
"55203",7,12,19,18
"55204",6,7,13,11
"55205",2,9,11,10
"55206",5,14,19,16
"55207",3,2,5,4
"55208",1,13,14,13
"55209",1,40,41,40
"55210",1,5,6,5
"55211",18,18,36,18
"55212",6,10,16,15
"55213",4,9,13,11
"55214",2,9,11,10
"55215",1,4,5,4
"55216",1,1,2,1
"55217",1,4,5,4
"55218",21,5,26,25
"55219",1,1,2,1
"55220",1,2,3,2
"55221",7,1,8,7
"55222",7,1,8,7
"55223",2,6,8,6
"55224",3,16,19,18
"55225",1,7,8,7
"55226",1,11,12,11
"55227",13,9,22,21
"55228",2,7,9,7
"55229",2,11,13,11
"55230",3,2,5,4
"55231",1,2,3,2
"55232",1,7,8,7
"55233",24,5,29,26
"55234",1,2,3,2
"55235",1,10,11,10
"55236",1,5,6,5
"55237",1,54,55,54
"55238",3,1,4,3
"55239",2,2,4,3
"55240",3,13,16,14
"55241",1,5,6,5
"55242",1,1,2,1
"55243",3,23,26,23
"55244",3,15,18,16
"55245",5,29,34,32
"55246",1,1,2,1
"55247",4,5,9,7
"55248",1,9,10,9
"55249",5,10,15,13
"55250",1,9,10,9
"55251",9,18,27,22
"55252",9,19,28,23
"55253",4,16,20,18
"55254",2,2,4,2
"55255",3,5,8,7
"55256",16,3,19,16
"55257",1,5,6,5
"55258",2,28,30,29
"55259",6,6,12,6
"55260",5,6,11,8
"55261",1,54,55,54
"55262",1,14,15,14
"55263",1,4,5,4
"55264",2,2,4,3
"55265",17,56,73,68
"55266",2,20,22,20
"55267",1,12,13,12
"55268",3,10,13,12
"55269",4,1,5,4
"55270",4,25,29,28
"55271",3,4,7,5
"55272",1,25,26,25
"55273",1,4,5,4
"55274",5,4,9,7
"55275",6,14,20,17
"55276",1,1,2,1
"55277",1,17,18,17
"55278",2,3,5,3
"55279",1,5,6,5
"55280",1,5,6,5
"55281",11,13,24,23
"55282",3,10,13,11
"55283",2,8,10,9
"55284",1,4,5,4
"55285",7,9,16,10
"55286",2,37,39,37
"55287",1,6,7,6
"55288",1,10,11,10
"55289",3,5,8,7
"55290",3,7,10,8
"55291",4,9,13,12
"55292",4,15,19,16
"55293",1,5,6,5
"55294",3,31,34,31
"55295",10,32,42,41
"55296",1,169,170,169
"55297",2,13,15,14
"55298",13,12,25,24
"55299",17,13,30,24
"55300",3,169,172,171
"55301",4,6,10,8
"55302",1,1,2,1
"55303",13,7,20,17
"55304",1,61,62,61
"55305",1,14,15,14
"55306",2,8,10,9
"55307",6,10,16,15
"55308",7,2,9,7
"55309",2,13,15,13
"55310",5,24,29,26
"55311",1,16,17,16
"55312",1,2,3,2
"55313",2,18,20,18
"55314",7,14,21,17
"55315",2,7,9,8
"55316",1,2,3,2
"55317",3,25,28,26
"55318",2,22,24,22
"55319",4,6,10,7
"55320",4,4,8,5
"55321",2,6,8,6
"55322",1,15,16,15
"55323",8,15,23,22
"55324",6,8,14,12
"55325",2,16,18,17
"55326",1,9,10,9
"55327",1,9,10,9
"55328",1,1,2,1
"55329",1,2,3,2
"55330",18,4,22,20
"55331",5,7,12,11
"55332",2,4,6,5
"55333",1,16,17,16
"55334",1,8,9,8
"55335",2,10,12,11
"55336",1,18,19,18
"55337",1,2,3,2
"55338",2,4,6,4
"55339",2,23,25,24
"55340",6,24,30,25
"55341",8,9,17,11
"55342",2,6,8,7
"55343",5,11,16,13
"55344",1,1,2,1
"55345",2,5,7,5
"55346",2,3,5,3
"55347",1,21,22,21
"55348",2,15,17,16
"55349",2,15,17,16
"55350",8,3,11,10
"55351",6,4,10,8
"55352",9,60,69,66
"55353",2,2,4,2
"55354",5,28,33,29
"55355",1,8,9,8
"55356",5,12,17,16
"55357",2,13,15,14
"55358",2,3,5,4
"55359",4,56,60,56
"55360",8,3,11,10
"55361",3,12,15,14
"55362",1,8,9,8
"55363",2,20,22,21
"55364",5,9,14,13
"55365",4,7,11,9
"55366",1,4,5,4
"55367",32,3,35,32
"55368",2,1,3,2
"55369",2,6,8,7
"55370",13,2,15,14
"55371",2,24,26,24
"55372",4,24,28,26
"55373",1,6,7,6
"55374",1,5,6,5
"55375",1,3,4,3
"55376",4,34,38,36
"55377",2,2,4,2
"55378",11,2,13,12
"55379",8,12,20,18
"55380",5,8,13,10
"55381",6,14,20,18
"55382",3,4,7,6
"55383",1,3,4,3
"55384",4,8,12,9
"55385",3,2,5,4
"55386",2,3,5,4
"55387",31,5,36,31
"55388",5,33,38,36
"55389",2,15,17,15
"55390",1,10,11,10
"55391",23,1,24,23
"55392",7,35,42,39
"55393",1,2,3,2
"55394",4,16,20,18
"55395",1,5,6,5
"55396",2,4,6,4
"55397",2,61,63,62
"55398",5,11,16,14
"55399",3,2,5,4
"55400",2,6,8,6
"55401",4,2,6,4
"55402",16,7,23,17
"55403",13,2,15,13
"55404",1,1,2,1
"55405",2,12,14,13
"55406",2,16,18,16
"55407",9,13,22,18
"55408",2,12,14,12
"55409",1,3,4,3
"55410",2,5,7,6
"55411",2,4,6,4
"55412",2,10,12,10
"55413",2,1,3,2
"55414",4,7,11,7
"55415",2,6,8,6
"55416",5,7,12,11
"55417",7,27,34,27
"55418",4,9,13,12
"55419",1,10,11,10
"55420",2,1,3,2
"55421",1,5,6,5
"55422",1,6,7,6
"55423",8,17,25,20
"55424",1,12,13,12
"55425",1,20,21,20
"55426",13,5,18,17
"55427",1,56,57,56
"55428",1,4,5,4
"55429",13,24,37,32
"55430",4,5,9,5
"55431",5,20,25,24
"55432",7,1,8,7
"55433",5,1,6,5
"55434",6,6,12,11
"55435",3,2,5,3
"55436",1,10,11,10
"55437",1,3,4,3
"55438",7,10,17,14
"55439",1,3,4,3
"55440",1,14,15,14
"55441",3,2,5,3
"55442",2,24,26,24
"55443",1,5,6,5
"55444",2,31,33,31
"55445",14,19,33,31
"55446",1,60,61,60
"55447",5,6,11,8
"55448",2,7,9,8
"55449",1,2,3,2
"55450",3,8,11,10
"55451",1,4,5,4
"55452",5,28,33,29
"55453",2,12,14,13
"55454",1,5,6,5
"55455",2,6,8,7
"55456",3,12,15,14
"55457",1,11,12,11
"55458",3,20,23,21
"55459",5,4,9,8
"55460",1,4,5,4
"55461",4,15,19,15
"55462",4,3,7,4
"55463",1,8,9,8
"55464",1,4,5,4
"55465",2,14,16,15
"55466",4,25,29,26
"55467",2,23,25,23
"55468",2,7,9,7
"55469",1,2,3,2
"55470",1,1,2,1
"55471",4,9,13,10
"55472",1,27,28,27
"55473",2,13,15,13
"55474",9,19,28,25
"55475",5,2,7,5
"55476",1,2,3,2
"55477",1,5,6,5
"55478",1,2,3,2
"55479",1,7,8,7
"55480",4,1,5,4
"55481",10,8,18,17
"55482",1,4,5,4
"55483",1,7,8,7
"55484",7,7,14,7
"55485",3,1,4,3
"55486",1,13,14,13
"55487",2,5,7,6
"55488",3,14,17,16
"55489",19,17,36,29
"55490",5,18,23,20
"55491",40,13,53,49
"55492",1,1,2,1
"55493",2,3,5,4
"55494",1,2,3,2
"55495",1,1,2,1
"55496",1,3,4,3
"55497",2,11,13,11
"55498",35,3,38,37
"55499",4,16,20,17
"55500",1,3,4,3
"55501",1,9,10,9
"55502",5,11,16,15
"55503",1,8,9,8
"55504",2,23,25,23
"55505",3,11,14,12
"55506",3,1,4,3
"55507",1,1,2,1
"55508",2,11,13,12
"55509",1,4,5,4
"55510",1,3,4,3
"55511",4,2,6,5
"55512",3,3,6,5
"55513",1,4,5,4
"55514",1,18,19,18
"55515",3,18,21,19
"55516",3,60,63,61
"55517",1,5,6,5
"55518",2,6,8,7
"55519",3,1,4,3
"55520",12,1,13,12
"55521",4,5,9,8
"55522",3,6,9,6
"55523",11,29,40,36
"55524",1,4,5,4
"55525",6,1,7,6
"55526",3,20,23,21
"55527",1,3,4,3
"55528",2,2,4,3
"55529",11,35,46,45
"55530",5,52,57,56
"55531",1,3,4,3
"55532",1,6,7,6
"55533",1,5,6,5
"55534",2,7,9,8
"55535",8,15,23,21
"55536",2,22,24,23
"55537",1,7,8,7
"55538",1,3,4,3
"55539",2,25,27,25
"55540",5,29,34,32
"55541",7,24,31,29
"55542",4,56,60,56
"55543",2,18,20,18
"55544",1,5,6,5
"55545",2,4,6,5
"55546",2,1,3,2
"55547",2,1,3,2
"55548",3,6,9,8
"55549",2,3,5,4
"55550",1,1,2,1
"55551",4,16,20,18
"55552",1,1,2,1
"55553",28,12,40,31
"55554",2,1,3,2
"55555",1,13,14,13
"55556",2,1,3,2
"55557",3,8,11,8
"55558",10,18,28,23
"55559",1,1,2,1
"55560",7,9,16,9
"55561",1,34,35,34
"55562",3,14,17,15
"55563",1,1,2,1
"55564",3,10,13,10
"55565",2,21,23,21
"55566",9,24,33,32
"55567",1,1,2,1
"55568",2,10,12,11
"55569",17,2,19,18
"55570",2,12,14,12
"55571",1,2,3,2
"55572",2,4,6,5
"55573",1,2,3,2
"55574",6,7,13,11
"55575",2,5,7,6
"55576",10,1,11,10
"55577",5,15,20,19
"55578",1,4,5,4
"55579",1,9,10,9
"55580",5,15,20,19
"55581",2,10,12,11
"55582",2,22,24,22
"55583",2,1,3,2
"55584",11,36,47,44
"55585",10,17,27,26
"55586",3,16,19,18
"55587",4,1,5,4
"55588",1,10,11,10
"55589",1,15,16,15
"55590",4,3,7,6
"55591",3,3,6,4
"55592",3,4,7,6
"55593",5,3,8,6
"55594",4,4,8,7
"55595",2,10,12,11
"55596",5,1,6,5
"55597",1,5,6,5
"55598",1,1,2,1
"55599",1,3,4,3
"55600",4,21,25,21
"55601",5,8,13,12
"55602",1,12,13,12
"55603",5,4,9,8
"55604",5,4,9,5
"55605",2,3,5,4
"55606",5,19,24,22
"55607",1,4,5,4
"55608",1,13,14,13
"55609",3,7,10,9
"55610",1,11,12,11
"55611",1,1,2,1
"55612",18,18,36,35
"55613",1,1,2,1
"55614",1,4,5,4
"55615",3,15,18,17
"55616",3,17,20,18
"55617",7,6,13,12
"55618",6,6,12,11
"55619",4,1,5,4
"55620",6,60,66,60
"55621",2,8,10,8
"55622",5,12,17,13
"55623",2,1,3,2
"55624",5,3,8,7
"55625",2,4,6,5
"55626",5,61,66,65
"55627",3,2,5,4
"55628",3,20,23,22
"55629",1,5,6,5
"55630",2,14,16,14
"55631",2,11,13,12
"55632",5,3,8,6
"55633",9,1,10,9
"55634",3,35,38,35
"55635",6,35,41,39
"55636",2,22,24,23
"55637",12,18,30,24
"55638",6,15,21,18
"55639",4,2,6,5
"55640",15,11,26,22
"55641",11,24,35,33
"55642",6,2,8,7
"55643",3,6,9,7
"55644",6,6,12,11
"55645",2,10,12,10
"55646",5,22,27,24
"55647",4,17,21,17
"55648",4,7,11,9
"55649",2,14,16,14
"55650",4,5,9,7
"55651",1,1,2,1
"55652",2,8,10,8
"55653",2,16,18,17
"55654",2,6,8,7
"55655",1,6,7,6
"55656",1,26,27,26
"55657",8,25,33,30
"55658",2,54,56,54
"55659",7,2,9,7
"55660",2,5,7,6
"55661",1,60,61,60
"55662",2,4,6,4
"55663",5,36,41,39
"55664",2,3,5,4
"55665",11,3,14,12
"55666",4,5,9,7
"55667",1,1,2,1
"55668",2,36,38,37
"55669",6,12,18,17
"55670",2,16,18,16
"55671",10,13,23,22
"55672",7,29,36,34
"55673",1,2,3,2
"55674",4,10,14,13
"55675",3,7,10,8
"55676",4,40,44,43
"55677",1,5,6,5
"55678",8,5,13,9
"55679",5,10,15,12
"55680",6,5,11,10
"55681",1,12,13,12
"55682",6,13,19,18
"55683",9,169,178,176
"55684",3,10,13,12
"55685",4,1,5,4
"55686",1,54,55,54
"55687",9,38,47,44
"55688",1,1,2,1
"55689",2,10,12,10
"55690",25,2,27,25
"55691",1,1,2,1
"55692",1,5,6,5
"55693",5,5,10,9
"55694",11,5,16,15
"55695",1,1,2,1
"55696",2,2,4,2
"55697",25,10,35,34
"55698",6,11,17,15
"55699",2,1,3,2
"55700",1,11,12,11
"55701",4,16,20,17
"55702",2,10,12,10
"55703",1,15,16,15
"55704",1,56,57,56
"55705",2,29,31,29
"55706",2,1,3,2
"55707",1,8,9,8
"55708",14,1,15,14
"55709",5,1,6,5
"55710",3,20,23,21
"55711",1,9,10,9
"55712",8,11,19,18
"55713",9,16,25,17
"55714",9,18,27,22
"55715",1,1,2,1
"55716",1,13,14,13
"55717",1,7,8,7
"55718",4,12,16,15
"55719",1,24,25,24
"55720",9,18,27,22
"55721",2,22,24,23
"55722",8,30,38,35
"55723",1,5,6,5
"55724",2,10,12,10
"55725",3,5,8,6
"55726",2,20,22,21
"55727",1,13,14,13
"55728",5,11,16,15
"55729",14,19,33,31
"55730",12,16,28,22
"55731",1,4,5,4
"55732",1,4,5,4
"55733",1,3,4,3
"55734",1,3,4,3
"55735",2,6,8,7
"55736",21,169,190,185
"55737",3,3,6,5
"55738",6,29,35,31
"55739",1,20,21,20
"55740",1,12,13,12
"55741",1,25,26,25
"55742",2,3,5,3
"55743",2,9,11,9
"55744",2,1,3,2
"55745",1,26,27,26
"55746",4,23,27,25
"55747",6,29,35,31
"55748",5,3,8,7
"55749",1,4,5,4
"55750",1,1,2,1
"55751",4,10,14,12
"55752",1,14,15,14
"55753",1,5,6,5
"55754",5,3,8,6
"55755",7,1,8,7
"55756",1,23,24,23
"55757",2,6,8,7
"55758",3,6,9,8
"55759",1,10,11,10
"55760",3,2,5,3
"55761",10,10,20,19
"55762",6,2,8,7
"55763",2,12,14,13
"55764",2,9,11,10
"55765",1,14,15,14
"55766",2,7,9,7
"55767",2,1,3,2
"55768",16,28,44,43
"55769",4,1,5,4
"55770",2,11,13,12
"55771",4,8,12,10
"55772",1,18,19,18
"55773",1,20,21,20
"55774",2,12,14,13
"55775",6,14,20,16
"55776",1,12,13,12
"55777",7,3,10,9
"55778",3,26,29,26
"55779",2,4,6,5
"55780",1,9,10,9
"55781",1,1,2,1
"55782",1,3,4,3
"55783",13,5,18,13
"55784",2,5,7,6
"55785",28,10,38,36
"55786",28,8,36,34
"55787",2,34,36,34
"55788",1,9,10,9
"55789",2,12,14,12
"55790",6,1,7,6
"55791",3,1,4,3
"55792",5,4,9,5
"55793",3,1,4,3
"55794",6,1,7,6
"55795",1,22,23,22
"55796",1,1,2,1
"55797",3,11,14,11
"55798",1,1,2,1
"55799",1,34,35,34
"55800",2,4,6,4
"55801",4,33,37,35
"55802",1,2,3,2
"55803",3,1,4,3
"55804",7,8,15,14
"55805",2,56,58,57
"55806",3,34,37,34
"55807",3,34,37,34
"55808",2,1,3,2
"55809",10,1,11,10
"55810",10,4,14,12
"55811",2,2,4,3
"55812",1,2,3,2
"55813",18,36,54,47
"55814",2,22,24,22
"55815",2,12,14,12
"55816",44,3,47,45
"55817",1,13,14,13
"55818",3,5,8,6
"55819",4,18,22,19
"55820",12,9,21,18
"55821",1,18,19,18
"55822",1,1,2,1
"55823",3,1,4,3
"55824",2,6,8,6
"55825",13,17,30,22
"55826",7,14,21,20
"55827",1,8,9,8
"55828",4,23,27,23
"55829",1,8,9,8
"55830",1,61,62,61
"55831",3,56,59,57
"55832",1,7,8,7
"55833",1,7,8,7
"55834",19,169,188,185
"55835",9,169,178,174
"55836",5,4,9,8
"55837",4,2,6,5
"55838",1,32,33,32
"55839",1,7,8,7
"55840",3,2,5,3
"55841",1,12,13,12
"55842",4,1,5,4
"55843",2,37,39,37
"55844",6,10,16,15
"55845",2,1,3,2
"55846",9,13,22,18
"55847",2,11,13,12
"55848",2,14,16,15
"55849",2,16,18,17
"55850",1,6,7,6
"55851",4,8,12,11
"55852",3,1,4,3
"55853",6,2,8,7
"55854",5,3,8,6
"55855",36,4,40,37
"55856",3,2,5,3
"55857",1,9,10,9
"55858",1,1,2,1
"55859",8,15,23,22
"55860",1,12,13,12
"55861",3,11,14,12
"55862",4,15,19,15
"55863",9,4,13,10
"55864",9,9,18,9
"55865",2,2,4,2
"55866",16,4,20,18
"55867",1,1,2,1
"55868",10,30,40,38
"55869",1,2,3,2
"55870",1,16,17,16
"55871",3,8,11,8
"55872",1,8,9,8
"55873",1,1,2,1
"55874",1,1,2,1
"55875",2,22,24,23
"55876",1,18,19,18
"55877",2,5,7,5
"55878",1,1,2,1
"55879",1,9,10,9
"55880",1,9,10,9
"55881",2,39,41,39
"55882",1,19,20,19
"55883",5,11,16,14
"55884",10,3,13,11
"55885",7,7,14,10
"55886",6,9,15,12
"55887",1,13,14,13
"55888",13,13,26,13
"55889",1,21,22,21
"55890",5,3,8,7
"55891",1,18,19,18
"55892",2,7,9,8
"55893",4,4,8,5
"55894",3,1,4,3
"55895",2,3,5,3
"55896",6,5,11,7
"55897",2,12,14,12
"55898",1,1,2,1
"55899",1,55,56,55
"55900",1,5,6,5
"55901",3,1,4,3
"55902",3,1,4,3
"55903",1,2,3,2
"55904",2,1,3,2
"55905",2,1,3,2
"55906",3,55,58,57
"55907",3,2,5,4
"55908",1,9,10,9
"55909",7,55,62,58
"55910",1,1,2,1
"55911",2,10,12,11
"55912",2,9,11,9
"55913",3,7,10,8
"55914",3,1,4,3
"55915",1,1,2,1
"55916",1,2,3,2
"55917",3,13,16,15
"55918",2,46,48,46
"55919",16,1,17,16
"55920",1,1,2,1
"55921",3,4,7,6
"55922",11,11,22,21
"55923",11,1,12,11
"55924",3,60,63,61
"55925",9,2,11,10
"55926",1,5,6,5
"55927",6,15,21,18
"55928",11,16,27,24
"55929",12,1,13,12
"55930",21,169,190,185
"55931",2,15,17,15
"55932",1,1,2,1
"55933",4,8,12,8
"55934",1,4,5,4
"55935",1,2,3,2
"55936",1,1,2,1
"55937",1,11,12,11
"55938",4,4,8,6
"55939",5,6,11,8
"55940",3,39,42,40
"55941",12,2,14,13
"55942",5,8,13,10
"55943",4,10,14,11
"55944",4,8,12,9
"55945",2,3,5,4
"55946",4,6,10,6
"55947",3,1,4,3
"55948",14,23,37,36
"55949",19,14,33,32
"55950",4,16,20,18
"55951",2,6,8,7
"55952",1,16,17,16
"55953",1,13,14,13
"55954",2,8,10,8
"55955",2,18,20,19
"55956",1,13,14,13
"55957",1,11,12,11
"55958",5,5,10,5
"55959",1,1,2,1
"55960",3,6,9,8
"55961",1,3,4,3
"55962",1,7,8,7
"55963",2,2,4,3
"55964",2,24,26,25
"55965",16,3,19,16
"55966",1,1,2,1
"55967",1,4,5,4
"55968",1,11,12,11
"55969",8,8,16,14
"55970",1,8,9,8
"55971",5,24,29,27
"55972",2,3,5,4
"55973",3,24,27,26
"55974",1,38,39,38
"55975",7,17,24,22
"55976",3,5,8,6
"55977",16,42,58,56
"55978",4,61,65,64
"55979",1,1,2,1
"55980",1,8,9,8
"55981",5,24,29,26
"55982",2,9,11,10
"55983",2,3,5,4
"55984",3,25,28,26
"55985",5,40,45,41
"55986",2,22,24,23
"55987",7,10,17,14
"55988",5,13,18,15
"55989",2,19,21,19
"55990",1,3,4,3
"55991",4,14,18,17
"55992",1,13,14,13
"55993",3,60,63,60
"55994",4,8,12,8
"55995",2,61,63,61
"55996",1,1,2,1
"55997",2,4,6,5
"55998",1,12,13,12
"55999",3,9,12,9
"56000",7,32,39,37
"56001",1,3,4,3
"56002",1,6,7,6
"56003",3,7,10,8
"56004",2,10,12,11
"56005",4,13,17,14
"56006",2,19,21,19
"56007",1,2,3,2
"56008",2,13,15,14
"56009",1,2,3,2
"56010",6,1,7,6
"56011",3,4,7,5
"56012",1,3,4,3
"56013",13,11,24,23
"56014",1,1,2,1
"56015",2,32,34,32
"56016",3,3,6,4
"56017",6,61,67,62
"56018",1,2,3,2
"56019",7,1,8,7
"56020",2,8,10,9
"56021",5,3,8,6
"56022",1,5,6,5
"56023",2,5,7,6
"56024",1,1,2,1
"56025",2,2,4,3
"56026",19,169,188,185
"56027",5,36,41,40
"56028",2,2,4,2
"56029",6,9,15,12
"56030",2,2,4,3
"56031",4,3,7,6
"56032",4,1,5,4
"56033",2,2,4,2
"56034",5,12,17,16
"56035",35,1,36,35
"56036",1,12,13,12
"56037",8,17,25,20
"56038",1,23,24,23
"56039",1,14,15,14
"56040",1,2,3,2
"56041",2,3,5,4
"56042",2,8,10,9
"56043",14,3,17,14
"56044",1,1,2,1
"56045",2,3,5,4
"56046",8,8,16,15
"56047",33,2,35,33
"56048",2,11,13,11
"56049",2,10,12,11
"56050",1,12,13,12
"56051",6,14,20,19
"56052",2,1,3,2
"56053",4,15,19,16
"56054",2,10,12,11
"56055",3,6,9,6
"56056",6,13,19,18
"56057",1,1,2,1
"56058",14,1,15,14
"56059",4,13,17,16
"56060",2,6,8,7
"56061",1,1,2,1
"56062",4,8,12,11
"56063",31,5,36,31
"56064",2,34,36,34
"56065",1,10,11,10
"56066",2,10,12,11
"56067",1,1,2,1
"56068",4,12,16,15
"56069",4,3,7,6
"56070",3,4,7,6
"56071",2,20,22,20
"56072",2,4,6,5
"56073",2,1,3,2
"56074",3,1,4,3
"56075",8,12,20,19
"56076",3,60,63,61
"56077",25,14,39,32
"56078",1,4,5,4
"56079",16,20,36,33
"56080",1,14,15,14
"56081",3,1,4,3
"56082",3,20,23,20
"56083",2,2,4,3
"56084",3,3,6,5
"56085",1,1,2,1
"56086",3,1,4,3
"56087",2,7,9,8
"56088",1,12,13,12
"56089",4,46,50,48
"56090",1,17,18,17
"56091",1,6,7,6
"56092",3,24,27,25
"56093",3,30,33,31
"56094",2,4,6,4
"56095",7,9,16,14
"56096",1,1,2,1
"56097",2,20,22,21
"56098",3,12,15,14
"56099",1,1,2,1
"56100",2,14,16,14
"56101",5,7,12,10
"56102",2,11,13,11
"56103",4,2,6,5
"56104",10,4,14,12
"56105",1,3,4,3
"56106",7,10,17,13
"56107",1,16,17,16
"56108",4,2,6,4
"56109",2,10,12,10
"56110",5,18,23,21
"56111",3,2,5,4
"56112",1,7,8,7
"56113",2,3,5,4
"56114",2,5,7,5
"56115",6,15,21,18
"56116",1,34,35,34
"56117",1,1,2,1
"56118",1,2,3,2
"56119",1,19,20,19
"56120",1,3,4,3
"56121",1,2,3,2
"56122",3,10,13,10
"56123",2,4,6,4
"56124",19,169,188,178
"56125",1,1,2,1
"56126",14,38,52,43
"56127",3,2,5,4
"56128",4,8,12,10
"56129",5,5,10,7
"56130",3,24,27,24
"56131",2,8,10,9
"56132",2,6,8,7
"56133",3,32,35,32
"56134",3,55,58,56
"56135",28,12,40,31
"56136",2,169,171,169
"56137",1,1,2,1
"56138",1,27,28,27
"56139",12,1,13,12
"56140",6,3,9,7
"56141",2,4,6,5
"56142",12,4,16,15
"56143",1,20,21,20
"56144",6,7,13,11
"56145",4,9,13,11
"56146",3,31,34,32
"56147",1,1,2,1
"56148",2,2,4,3
"56149",1,20,21,20
"56150",6,42,48,45
"56151",1,28,29,28
"56152",1,4,5,4
"56153",2,6,8,6
"56154",1,2,3,2
"56155",13,24,37,32
"56156",1,2,3,2
"56157",2,2,4,2
"56158",1,24,25,24
"56159",3,16,19,17
"56160",3,3,6,4
"56161",2,2,4,2
"56162",4,24,28,26
"56163",2,4,6,5
"56164",2,1,3,2
"56165",1,9,10,9
"56166",1,1,2,1
"56167",3,6,9,8
"56168",3,26,29,27
"56169",1,24,25,24
"56170",4,9,13,12
"56171",5,29,34,33
"56172",1,7,8,7
"56173",1,7,8,7
"56174",2,2,4,3
"56175",1,1,2,1
"56176",11,36,47,44
"56177",17,1,18,17
"56178",1,18,19,18
"56179",1,2,3,2
"56180",1,38,39,38
"56181",1,2,3,2
"56182",61,2,63,62
"56183",3,1,4,3
"56184",1,5,6,5
"56185",1,1,2,1
"56186",3,4,7,6
"56187",14,28,42,38
"56188",14,25,39,32
"56189",2,60,62,60
"56190",3,2,5,4
"56191",2,10,12,10
"56192",25,14,39,32
"56193",2,6,8,7
"56194",28,1,29,28
"56195",24,35,59,54
"56196",2,14,16,15
"56197",13,13,26,13
"56198",1,9,10,9
"56199",7,36,43,42
"56200",1,29,30,29
"56201",1,10,11,10
"56202",1,1,2,1
"56203",1,1,2,1
"56204",3,1,4,3
"56205",2,3,5,4
"56206",3,60,63,60
"56207",1,9,10,9
"56208",6,11,17,15
"56209",2,16,18,16
"56210",13,19,32,28
"56211",1,26,27,26
"56212",1,8,9,8
"56213",1,4,5,4
"56214",1,11,12,11
"56215",2,14,16,14
"56216",1,7,8,7
"56217",1,38,39,38
"56218",7,1,8,7
"56219",4,12,16,15
"56220",25,1,26,25
"56221",2,3,5,3
"56222",5,15,20,17
"56223",2,8,10,8
"56224",1,2,3,2
"56225",7,9,16,10
"56226",1,19,20,19
"56227",1,7,8,7
"56228",1,24,25,24
"56229",5,169,174,170
"56230",3,44,47,45
"56231",4,21,25,24
"56232",6,10,16,14
"56233",2,9,11,9
"56234",1,5,6,5
"56235",3,6,9,7
"56236",1,61,62,61
"56237",1,1,2,1
"56238",8,169,177,171
"56239",5,15,20,17
"56240",3,8,11,8
"56241",6,16,22,21
"56242",6,11,17,16
"56243",2,1,3,2
"56244",9,18,27,22
"56245",1,11,12,11
"56246",1,13,14,13
"56247",15,36,51,48
"56248",2,32,34,32
"56249",6,55,61,60
"56250",1,19,20,19
"56251",3,6,9,7
"56252",2,21,23,21
"56253",3,25,28,26
"56254",16,7,23,17
"56255",2,1,3,2
"56256",1,1,2,1
"56257",5,19,24,22
"56258",1,5,6,5
"56259",1,4,5,4
"56260",1,4,5,4
"56261",5,3,8,6
"56262",1,17,18,17
"56263",1,42,43,42
"56264",1,6,7,6
"56265",2,11,13,11
"56266",4,1,5,4
"56267",6,5,11,7
"56268",2,3,5,4
"56269",3,17,20,19
"56270",5,9,14,11
"56271",5,11,16,14
"56272",2,1,3,2
"56273",1,4,5,4
"56274",5,11,16,14
"56275",2,9,11,10
"56276",3,31,34,33
"56277",2,6,8,6
"56278",4,6,10,7
"56279",4,3,7,5
"56280",6,17,23,21
"56281",1,3,4,3
"56282",1,1,2,1
"56283",7,7,14,12
"56284",15,12,27,24
"56285",1,12,13,12
"56286",11,5,16,11
"56287",14,19,33,31
"56288",11,27,38,34
"56289",13,11,24,23
"56290",2,7,9,8
"56291",2,3,5,4
"56292",1,5,6,5
"56293",1,1,2,1
"56294",5,6,11,10
"56295",17,1,18,17
"56296",6,2,8,7
"56297",2,9,11,10
"56298",4,13,17,15
"56299",2,2,4,3
"56300",1,9,10,9
"56301",6,3,9,6
"56302",3,3,6,4
"56303",1,6,7,6
"56304",1,22,23,22
"56305",9,6,15,14
"56306",1,11,12,11
"56307",1,4,5,4
"56308",1,3,4,3
"56309",1,12,13,12
"56310",2,7,9,7
"56311",5,1,6,5
"56312",1,15,16,15
"56313",1,1,2,1
"56314",1,2,3,2
"56315",2,4,6,5
"56316",12,1,13,12
"56317",4,169,173,171
"56318",2,3,5,4
"56319",35,30,65,64
"56320",3,20,23,22
"56321",1,2,3,2
"56322",12,26,38,31
"56323",1,7,8,7
"56324",1,5,6,5
"56325",2,13,15,14
"56326",6,1,7,6
"56327",2,1,3,2
"56328",1,2,3,2
"56329",1,10,11,10
"56330",5,12,17,13
"56331",2,5,7,6
"56332",21,3,24,23
"56333",3,4,7,5
"56334",3,29,32,30
"56335",11,1,12,11
"56336",12,8,20,15
"56337",7,3,10,9
"56338",6,18,24,21
"56339",11,30,41,40
"56340",1,2,3,2
"56341",4,8,12,11
"56342",2,4,6,4
"56343",1,6,7,6
"56344",6,169,175,170
"56345",2,6,8,6
"56346",1,20,21,20
"56347",2,1,3,2
"56348",1,14,15,14
"56349",3,19,22,20
"56350",7,1,8,7
"56351",3,6,9,7
"56352",4,1,5,4
"56353",1,23,24,23
"56354",1,9,10,9
"56355",1,45,46,45
"56356",2,6,8,6
"56357",1,1,2,1
"56358",1,14,15,14
"56359",10,25,35,34
"56360",7,32,39,37
"56361",6,60,66,60
"56362",4,9,13,12
"56363",4,9,13,12
"56364",1,3,4,3
"56365",1,11,12,11
"56366",3,13,16,14
"56367",1,2,3,2
"56368",18,2,20,19
"56369",1,5,6,5
"56370",2,9,11,10
"56371",8,11,19,17
"56372",10,2,12,11
"56373",4,4,8,7
"56374",2,34,36,35
"56375",1,2,3,2
"56376",1,17,18,17
"56377",1,4,5,4
"56378",1,5,6,5
"56379",1,1,2,1
"56380",3,4,7,4
"56381",1,1,2,1
"56382",15,11,26,22
"56383",2,2,4,2
"56384",5,2,7,6
"56385",3,1,4,3
"56386",11,6,17,16
"56387",2,8,10,9
"56388",1,8,9,8
"56389",2,15,17,15
"56390",1,5,6,5
"56391",17,13,30,24
"56392",5,5,10,9
"56393",2,4,6,5
"56394",2,2,4,2
"56395",3,2,5,3
"56396",3,9,12,9
"56397",7,1,8,7
"56398",2,12,14,13
"56399",9,25,34,31
"56400",5,11,16,13
"56401",2,4,6,5
"56402",11,14,25,24
"56403",8,31,39,32
"56404",3,4,7,5
"56405",5,5,10,7
"56406",3,10,13,10
"56407",4,11,15,14
"56408",7,29,36,32
"56409",2,60,62,60
"56410",2,11,13,12
"56411",1,1,2,1
"56412",9,18,27,22
"56413",7,4,11,10
"56414",6,40,46,42
"56415",1,5,6,5
"56416",2,1,3,2
"56417",3,2,5,4
"56418",1,10,11,10
"56419",10,15,25,22
"56420",1,31,32,31
"56421",3,13,16,15
"56422",7,3,10,9
"56423",1,12,13,12
"56424",3,18,21,20
"56425",1,25,26,25
"56426",1,4,5,4
"56427",1,1,2,1
"56428",2,2,4,2
"56429",1,4,5,4
"56430",13,13,26,13
"56431",1,15,16,15
"56432",3,8,11,10
"56433",2,24,26,25
"56434",1,8,9,8
"56435",4,8,12,11
"56436",25,14,39,32
"56437",3,2,5,4
"56438",1,5,6,5
"56439",1,1,2,1
"56440",7,4,11,8
"56441",1,1,2,1
"56442",9,169,178,175
"56443",4,4,8,5
"56444",1,7,8,7
"56445",3,42,45,44
"56446",1,23,24,23
"56447",31,2,33,31
"56448",4,4,8,6
"56449",1,13,14,13
"56450",2,61,63,61
"56451",5,18,23,20
"56452",1,14,15,14
"56453",1,10,11,10
"56454",2,10,12,11
"56455",3,9,12,9
"56456",3,6,9,6
"56457",3,10,13,12
"56458",3,1,4,3
"56459",19,17,36,29
"56460",1,1,2,1
"56461",1,15,16,15
"56462",1,2,3,2
"56463",3,20,23,20
"56464",6,7,13,9
"56465",3,20,23,20
"56466",2,5,7,6
"56467",1,2,3,2
"56468",6,4,10,9
"56469",3,7,10,8
"56470",15,11,26,22
"56471",1,6,7,6
"56472",4,45,49,48
"56473",2,1,3,2
"56474",1,6,7,6
"56475",2,2,4,2
"56476",7,3,10,9
"56477",10,12,22,20
"56478",1,2,3,2
"56479",1,4,5,4
"56480",2,9,11,9
"56481",14,12,26,25
"56482",5,3,8,6
"56483",5,21,26,23
"56484",3,25,28,26
"56485",19,9,28,22
"56486",1,33,34,33
"56487",2,5,7,6
"56488",5,15,20,19
"56489",7,2,9,8
"56490",1,14,15,14
"56491",1,16,17,16
"56492",4,7,11,9
"56493",2,35,37,36
"56494",3,9,12,10
"56495",5,6,11,10
"56496",10,26,36,29
"56497",1,3,4,3
"56498",2,18,20,18
"56499",3,10,13,12
"56500",1,21,22,21
"56501",2,1,3,2
"56502",6,8,14,13
"56503",2,4,6,5
"56504",5,7,12,10
"56505",21,169,190,185
"56506",3,16,19,17
"56507",1,61,62,61
"56508",2,16,18,16
"56509",1,20,21,20
"56510",4,14,18,17
"56511",1,1,2,1
"56512",10,10,20,18
"56513",15,12,27,25
"56514",5,2,7,6
"56515",2,32,34,32
"56516",2,9,11,9
"56517",1,3,4,3
"56518",2,17,19,17
"56519",1,8,9,8
"56520",10,1,11,10
"56521",2,1,3,2
"56522",2,6,8,6
"56523",1,16,17,16
"56524",1,2,3,2
"56525",3,26,29,27
"56526",6,7,13,12
"56527",6,1,7,6
"56528",12,6,18,17
"56529",7,11,18,17
"56530",2,2,4,2
"56531",12,11,23,22
"56532",1,3,4,3
"56533",9,10,19,18
"56534",4,1,5,4
"56535",5,6,11,10
"56536",3,11,14,13
"56537",4,6,10,8
"56538",4,8,12,11
"56539",2,28,30,29
"56540",2,32,34,33
"56541",3,3,6,4
"56542",2,1,3,2
"56543",1,16,17,16
"56544",3,9,12,11
"56545",5,13,18,15
"56546",4,31,35,34
"56547",3,8,11,10
"56548",6,4,10,8
"56549",2,6,8,7
"56550",5,10,15,14
"56551",4,11,15,14
"56552",9,4,13,10
"56553",4,24,28,26
"56554",2,5,7,5
"56555",5,169,174,170
"56556",9,1,10,9
"56557",10,1,11,10
"56558",6,55,61,59
"56559",2,5,7,6
"56560",2,26,28,26
"56561",7,4,11,10
"56562",17,13,30,24
"56563",2,2,4,3
"56564",1,2,3,2
"56565",1,8,9,8
"56566",8,169,177,171
"56567",1,9,10,9
"56568",3,32,35,32
"56569",11,12,23,22
"56570",3,35,38,35
"56571",3,6,9,8
"56572",5,1,6,5
"56573",3,4,7,6
"56574",1,4,5,4
"56575",1,10,11,10
"56576",1,6,7,6
"56577",3,5,8,7
"56578",1,2,3,2
"56579",1,12,13,12
"56580",9,54,63,58
"56581",4,1,5,4
"56582",2,11,13,12
"56583",1,12,13,12
"56584",2,15,17,16
"56585",12,13,25,23
"56586",3,2,5,4
"56587",1,1,2,1
"56588",1,1,2,1
"56589",38,1,39,38
"56590",2,4,6,4
"56591",8,11,19,18
"56592",14,38,52,43
"56593",6,3,9,8
"56594",4,11,15,13
"56595",2,169,171,169
"56596",1,1,2,1
"56597",4,15,19,15
"56598",2,1,3,2
"56599",7,2,9,7
"56600",6,1,7,6
"56601",5,9,14,13
"56602",3,7,10,9
"56603",17,56,73,68
"56604",2,2,4,3
"56605",4,6,10,8
"56606",1,1,2,1
"56607",3,5,8,7
"56608",7,4,11,10
"56609",4,3,7,4
"56610",1,10,11,10
"56611",4,35,39,38
"56612",8,5,13,9
"56613",13,2,15,14
"56614",2,35,37,36
"56615",1,11,12,11
"56616",1,1,2,1
"56617",2,2,4,3
"56618",2,10,12,10
"56619",1,11,12,11
"56620",7,45,52,49
"56621",1,3,4,3
"56622",4,6,10,9
"56623",4,2,6,4
"56624",169,169,338,169
"56625",2,12,14,13
"56626",5,3,8,5
"56627",2,7,9,7
"56628",8,31,39,32
"56629",10,15,25,24
"56630",6,3,9,7
"56631",5,11,16,14
"56632",169,9,178,174
"56633",1,2,3,2
"56634",8,20,28,27
"56635",3,3,6,4
"56636",3,21,24,23
"56637",2,3,5,4
"56638",4,9,13,12
"56639",1,5,6,5
"56640",1,23,24,23
"56641",15,5,20,17
"56642",2,13,15,13
"56643",3,11,14,11
"56644",3,7,10,9
"56645",1,2,3,2
"56646",1,1,2,1
"56647",1,5,6,5
"56648",1,15,16,15
"56649",2,1,3,2
"56650",3,5,8,7
"56651",2,12,14,12
"56652",2,26,28,26
"56653",1,4,5,4
"56654",4,8,12,10
"56655",1,20,21,20
"56656",2,5,7,6
"56657",6,28,34,31
"56658",1,20,21,20
"56659",3,2,5,4
"56660",3,3,6,4
"56661",3,15,18,15
"56662",15,8,23,21
"56663",9,19,28,22
"56664",1,2,3,2
"56665",5,2,7,5
"56666",9,38,47,45
"56667",24,24,48,24
"56668",8,8,16,14
"56669",1,7,8,7
"56670",4,16,20,17
"56671",6,2,8,7
"56672",1,2,3,2
"56673",3,12,15,14
"56674",2,3,5,3
"56675",1,1,2,1
"56676",1,15,16,15
"56677",4,8,12,10
"56678",2,5,7,6
"56679",6,169,175,170
"56680",8,24,32,28
"56681",7,29,36,34
"56682",13,12,25,23
"56683",1,8,9,8
"56684",3,15,18,16
"56685",3,4,7,4
"56686",7,14,21,18
"56687",1,4,5,4
"56688",1,1,2,1
"56689",5,8,13,10
"56690",2,12,14,12
"56691",1,4,5,4
"56692",3,1,4,3
"56693",3,1,4,3
"56694",18,25,43,38
"56695",3,6,9,8
"56696",8,7,15,14
"56697",13,13,26,22
"56698",2,2,4,3
"56699",2,11,13,12
"56700",1,1,2,1
"56701",2,2,4,3
"56702",3,1,4,3
"56703",2,7,9,7
"56704",6,60,66,60
"56705",1,5,6,5
"56706",2,31,33,32
"56707",2,2,4,3
"56708",4,12,16,13
"56709",2,1,3,2
"56710",3,23,26,25
"56711",18,2,20,18
"56712",5,9,14,11
"56713",10,38,48,45
"56714",5,12,17,13
"56715",2,25,27,25
"56716",1,14,15,14
"56717",1,6,7,6
"56718",3,11,14,13
"56719",3,22,25,24
"56720",3,2,5,3
"56721",7,13,20,19
"56722",3,32,35,32
"56723",6,15,21,16
"56724",2,8,10,9
"56725",3,2,5,4
"56726",12,9,21,18
"56727",2,1,3,2
"56728",8,18,26,24
"56729",2,7,9,8
"56730",2,4,6,5
"56731",1,1,2,1
"56732",2,1,3,2
"56733",14,2,16,15
"56734",3,7,10,8
"56735",2,7,9,7
"56736",7,9,16,9
"56737",2,1,3,2
"56738",1,1,2,1
"56739",1,2,3,2
"56740",4,1,5,4
"56741",5,37,42,40
"56742",2,3,5,4
"56743",2,6,8,6
"56744",1,5,6,5
"56745",2,13,15,14
"56746",1,6,7,6
"56747",3,4,7,6
"56748",2,3,5,3
"56749",1,1,2,1
"56750",15,42,57,53
"56751",2,13,15,14
"56752",2,3,5,4
"56753",4,7,11,10
"56754",1,8,9,8
"56755",1,3,4,3
"56756",4,16,20,17
"56757",13,2,15,14
"56758",9,9,18,9
"56759",5,17,22,19
"56760",2,36,38,37
"56761",1,1,2,1
"56762",3,4,7,6
"56763",1,15,16,15
"56764",5,3,8,7
"56765",11,10,21,18
"56766",1,55,56,55
"56767",1,15,16,15
"56768",1,3,4,3
"56769",2,14,16,14
"56770",9,2,11,10
"56771",4,5,9,8
"56772",4,9,13,11
"56773",28,12,40,39
"56774",1,1,2,1
"56775",28,28,56,55
"56776",2,1,3,2
"56777",2,2,4,2
"56778",1,22,23,22
"56779",6,24,30,25
"56780",2,19,21,20
"56781",3,4,7,6
"56782",1,1,2,1
"56783",1,6,7,6
"56784",12,5,17,16
"56785",6,4,10,8
"56786",2,1,3,2
"56787",1,1,2,1
"56788",1,2,3,2
"56789",1,14,15,14
"56790",8,3,11,9
"56791",4,4,8,7
"56792",6,14,20,17
"56793",4,6,10,9
"56794",6,3,9,8
"56795",1,22,23,22
"56796",3,9,12,11
"56797",2,10,12,11
"56798",3,3,6,5
"56799",6,15,21,18
"56800",7,5,12,10
"56801",5,5,10,5
"56802",5,3,8,6
"56803",4,35,39,38
"56804",6,2,8,7
"56805",3,18,21,20
"56806",3,1,4,3
"56807",3,1,4,3
"56808",1,31,32,31
"56809",1,1,2,1
"56810",2,33,35,34
"56811",16,4,20,19
"56812",2,5,7,5
"56813",1,1,2,1
"56814",2,14,16,15
"56815",13,21,34,32
"56816",6,15,21,18
"56817",1,4,5,4
"56818",2,1,3,2
"56819",3,36,39,38
"56820",32,6,38,37
"56821",1,7,8,7
"56822",2,33,35,34
"56823",4,29,33,31
"56824",3,60,63,60
"56825",1,5,6,5
"56826",18,36,54,47
"56827",24,25,49,48
"56828",13,15,28,27
"56829",2,16,18,16
"56830",15,12,27,24
"56831",6,3,9,8
"56832",11,1,12,11
"56833",1,17,18,17
"56834",4,16,20,18
"56835",1,3,4,3
"56836",4,4,8,7
"56837",5,33,38,36
"56838",1,22,23,22
"56839",5,1,6,5
"56840",2,2,4,3
"56841",2,1,3,2
"56842",9,5,14,13
"56843",4,11,15,14
"56844",5,1,6,5
"56845",2,8,10,9
"56846",2,5,7,6
"56847",1,26,27,26
"56848",7,19,26,23
"56849",2,30,32,31
"56850",19,3,22,21
"56851",1,3,4,3
"56852",1,10,11,10
"56853",2,1,3,2
"56854",13,1,14,13
"56855",3,18,21,20
"56856",1,15,16,15
"56857",12,18,30,24
"56858",1,1,2,1
"56859",1,1,2,1
"56860",4,13,17,15
"56861",4,1,5,4
"56862",3,1,4,3
"56863",3,1,4,3
"56864",1,1,2,1
"56865",7,1,8,7
"56866",4,15,19,15
"56867",8,1,9,8
"56868",25,1,26,25
"56869",2,3,5,4
"56870",7,6,13,12
"56871",5,4,9,8
"56872",3,17,20,19
"56873",11,5,16,11
"56874",5,1,6,5
"56875",7,3,10,9
"56876",1,6,7,6
"56877",16,1,17,16
"56878",1,2,3,2
"56879",1,1,2,1
"56880",5,1,6,5
"56881",2,9,11,10
"56882",1,25,26,25
"56883",2,3,5,3
"56884",10,26,36,30
"56885",3,13,16,13
"56886",2,2,4,3
"56887",1,2,3,2
"56888",1,18,19,18
"56889",2,27,29,28
"56890",4,16,20,19
"56891",1,14,15,14
"56892",2,3,5,4
"56893",1,1,2,1
"56894",13,1,14,13
"56895",4,1,5,4
"56896",1,13,14,13
"56897",1,9,10,9
"56898",1,2,3,2
"56899",3,35,38,35
"56900",5,25,30,28
"56901",1,13,14,13
"56902",5,2,7,6
"56903",5,35,40,36
"56904",2,1,3,2
"56905",1,1,2,1
"56906",8,5,13,12
"56907",3,36,39,38
"56908",2,1,3,2
"56909",2,7,9,7
"56910",1,4,5,4
"56911",20,6,26,23
"56912",2,4,6,4
"56913",6,13,19,14
"56914",1,61,62,61
"56915",1,1,2,1
"56916",3,10,13,10
"56917",2,26,28,26
"56918",1,7,8,7
"56919",9,38,47,45
"56920",1,11,12,11
"56921",2,20,22,20
"56922",5,2,7,6
"56923",2,61,63,61
"56924",8,3,11,10
"56925",28,12,40,31
"56926",25,14,39,32
"56927",5,2,7,6
"56928",2,31,33,32
"56929",3,3,6,4
"56930",2,8,10,8
"56931",1,1,2,1
"56932",3,11,14,13
"56933",15,5,20,17
"56934",4,14,18,17
"56935",1,1,2,1
"56936",7,14,21,20
"56937",6,5,11,8
"56938",2,3,5,4
"56939",6,35,41,38
"56940",2,23,25,24
"56941",1,10,11,10
"56942",14,3,17,14
"56943",2,3,5,4
"56944",2,1,3,2
"56945",1,3,4,3
"56946",4,15,19,18
"56947",13,12,25,23
"56948",7,2,9,8
"56949",13,2,15,13
"56950",1,13,14,13
"56951",2,13,15,14
"56952",7,11,18,15
"56953",3,4,7,5
"56954",1,2,3,2
"56955",3,1,4,3
"56956",3,6,9,6
"56957",1,16,17,16
"56958",1,12,13,12
"56959",5,11,16,14
"56960",1,8,9,8
"56961",8,1,9,8
"56962",1,25,26,25
"56963",2,12,14,13
"56964",1,3,4,3
"56965",11,12,23,17
"56966",2,4,6,4
"56967",1,1,2,1
"56968",3,55,58,56
"56969",3,33,36,34
"56970",3,4,7,6
"56971",169,3,172,170
"56972",1,1,2,1
"56973",2,61,63,61
"56974",4,11,15,14
"56975",4,15,19,15
"56976",3,5,8,6
"56977",2,38,40,38
"56978",10,26,36,29
"56979",11,16,27,24
"56980",4,24,28,27
"56981",8,36,44,43
"56982",1,7,8,7
"56983",1,1,2,1
"56984",31,1,32,31
"56985",1,7,8,7
"56986",1,7,8,7
"56987",5,9,14,11
"56988",1,1,2,1
"56989",12,4,16,15
"56990",6,1,7,6
"56991",6,9,15,12
"56992",3,7,10,8
"56993",8,2,10,9
"56994",3,1,4,3
"56995",29,13,42,41
"56996",16,1,17,16
"56997",3,2,5,3
"56998",1,17,18,17
"56999",1,6,7,6
"57000",4,6,10,9
"57001",1,1,2,1
"57002",1,13,14,13
"57003",13,1,14,13
"57004",10,18,28,23
"57005",3,1,4,3
"57006",3,6,9,7
"57007",1,1,2,1
"57008",2,4,6,4
"57009",4,1,5,4
"57010",6,1,7,6
"57011",3,3,6,3
"57012",12,19,31,30
"57013",4,21,25,24
"57014",11,24,35,33
"57015",7,11,18,17
"57016",27,12,39,37
"57017",3,15,18,17
"57018",1,3,4,3
"57019",13,169,182,173
"57020",5,3,8,5
"57021",7,29,36,34
"57022",1,2,3,2
"57023",6,15,21,18
"57024",3,27,30,29
"57025",2,6,8,7
"57026",5,42,47,46
"57027",1,4,5,4
"57028",1,11,12,11
"57029",25,14,39,37
"57030",4,15,19,16
"57031",1,10,11,10
"57032",1,6,7,6
"57033",3,3,6,4
"57034",2,40,42,41
"57035",1,2,3,2
"57036",9,36,45,44
"57037",2,7,9,8
"57038",15,8,23,21
"57039",3,5,8,6
"57040",4,28,32,30
"57041",1,5,6,5
"57042",1,5,6,5
"57043",2,4,6,4
"57044",1,13,14,13
"57045",2,7,9,7
"57046",1,5,6,5
"57047",1,15,16,15
"57048",3,4,7,6
"57049",12,30,42,38
"57050",1,1,2,1
"57051",169,19,188,178
"57052",8,18,26,24
"57053",1,10,11,10
"57054",9,7,16,13
"57055",1,2,3,2
"57056",1,10,11,10
"57057",11,17,28,27
"57058",8,30,38,35
"57059",5,169,174,170
"57060",3,44,47,45
"57061",2,4,6,4
"57062",1,1,2,1
"57063",4,20,24,23
"57064",1,32,33,32
"57065",5,24,29,27
"57066",5,3,8,6
"57067",3,3,6,5
"57068",1,5,6,5
"57069",2,6,8,6
"57070",3,31,34,33
"57071",1,2,3,2
"57072",1,2,3,2
"57073",2,45,47,45
"57074",2,5,7,5
"57075",1,7,8,7
"57076",1,1,2,1
"57077",8,4,12,11
"57078",1,4,5,4
"57079",5,4,9,5
"57080",1,15,16,15
"57081",4,28,32,30
"57082",3,24,27,25
"57083",1,1,2,1
"57084",6,169,175,170
"57085",4,14,18,17
"57086",3,14,17,15
"57087",1,1,2,1
"57088",2,20,22,21
"57089",7,5,12,11
"57090",8,8,16,15
"57091",21,169,190,185
"57092",1,4,5,4
"57093",3,2,5,4
"57094",19,169,188,185
"57095",6,9,15,13
"57096",9,3,12,9
"57097",1,3,4,3
"57098",4,13,17,16
"57099",2,24,26,24
"57100",1,13,14,13
"57101",1,3,4,3
"57102",1,1,2,1
"57103",1,14,15,14
"57104",3,1,4,3
"57105",6,14,20,16
"57106",2,40,42,40
"57107",5,11,16,13
"57108",2,4,6,5
"57109",1,2,3,2
"57110",5,1,6,5
"57111",2,8,10,9
"57112",5,19,24,21
"57113",6,4,10,9
"57114",13,32,45,39
"57115",4,1,5,4
"57116",1,16,17,16
"57117",10,8,18,17
"57118",16,5,21,20
"57119",2,4,6,4
"57120",2,29,31,30
"57121",8,26,34,33
"57122",1,3,4,3
"57123",2,1,3,2
"57124",1,30,31,30
"57125",8,3,11,8
"57126",2,1,3,2
"57127",8,9,17,11
"57128",1,1,2,1
"57129",1,12,13,12
"57130",9,5,14,11
"57131",1,6,7,6
"57132",9,169,178,174
"57133",16,11,27,25
"57134",19,19,38,19
"57135",11,10,21,18
"57136",2,20,22,21
"57137",1,2,3,2
"57138",11,2,13,12
"57139",1,1,2,1
"57140",1,8,9,8
"57141",1,2,3,2
"57142",3,1,4,3
"57143",6,9,15,13
"57144",5,40,45,41
"57145",3,16,19,18
"57146",3,56,59,58
"57147",15,36,51,50
"57148",5,25,30,29
"57149",12,3,15,14
"57150",1,5,6,5
"57151",1,2,3,2
"57152",1,2,3,2
"57153",1,5,6,5
"57154",6,20,26,25
"57155",14,13,27,25
"57156",2,2,4,2
"57157",1,44,45,44
"57158",2,11,13,12
"57159",13,2,15,13
"57160",1,1,2,1
"57161",17,2,19,18
"57162",1,4,5,4
"57163",1,1,2,1
"57164",13,12,25,24
"57165",6,2,8,7
"57166",1,1,2,1
"57167",2,10,12,10
"57168",1,8,9,8
"57169",3,1,4,3
"57170",2,12,14,13
"57171",2,2,4,2
"57172",1,1,2,1
"57173",1,2,3,2
"57174",1,8,9,8
"57175",2,56,58,57
"57176",1,3,4,3
"57177",3,19,22,21
"57178",1,3,4,3
"57179",2,54,56,54
"57180",16,7,23,17
"57181",1,1,2,1
"57182",3,10,13,11
"57183",16,55,71,63
"57184",13,8,21,17
"57185",3,5,8,7
"57186",35,2,37,35
"57187",8,1,9,8
"57188",1,28,29,28
"57189",8,169,177,171
"57190",6,7,13,11
"57191",6,25,31,30
"57192",3,1,4,3
"57193",4,1,5,4
"57194",2,2,4,3
"57195",3,1,4,3
"57196",6,55,61,60
"57197",2,13,15,13
"57198",25,14,39,32
"57199",8,6,14,13
"57200",5,3,8,7
"57201",5,1,6,5
"57202",4,169,173,172
"57203",1,1,2,1
"57204",1,25,26,25
"57205",2,4,6,4
"57206",5,5,10,7
"57207",3,3,6,5
"57208",4,8,12,10
"57209",4,21,25,23
"57210",1,1,2,1
"57211",5,10,15,13
"57212",2,1,3,2
"57213",2,54,56,54
"57214",2,1,3,2
"57215",2,2,4,3
"57216",14,43,57,56
"57217",5,1,6,5
"57218",1,1,2,1
"57219",1,7,8,7
"57220",10,9,19,17
"57221",1,1,2,1
"57222",2,3,5,4
"57223",3,32,35,32
"57224",6,9,15,13
"57225",2,2,4,3
"57226",1,4,5,4
"57227",3,2,5,4
"57228",5,1,6,5
"57229",3,7,10,7
"57230",7,2,9,8
"57231",4,4,8,5
"57232",1,8,9,8
"57233",6,8,14,13
"57234",3,2,5,3
"57235",3,35,38,36
"57236",3,42,45,43
"57237",9,28,37,36
"57238",1,6,7,6
"57239",14,2,16,15
"57240",13,14,27,26
"57241",3,25,28,27
"57242",6,14,20,14
"57243",1,38,39,38
"57244",4,7,11,10
"57245",3,1,4,3
"57246",3,8,11,9
"57247",2,1,3,2
"57248",2,4,6,4
"57249",2,3,5,3
"57250",1,17,18,17
"57251",2,7,9,7
"57252",1,1,2,1
"57253",1,17,18,17
"57254",9,3,12,11
"57255",1,6,7,6
"57256",15,1,16,15
"57257",3,32,35,32
"57258",3,1,4,3
"57259",11,27,38,34
"57260",3,2,5,4
"57261",1,25,26,25
"57262",4,7,11,9
"57263",1,2,3,2
"57264",1,9,10,9
"57265",3,8,11,9
"57266",3,15,18,16
"57267",3,1,4,3
"57268",11,1,12,11
"57269",4,4,8,6
"57270",6,9,15,13
"57271",1,3,4,3
"57272",2,19,21,19
"57273",5,3,8,6
"57274",2,8,10,8
"57275",1,3,4,3
"57276",7,176,183,182
"57277",1,15,16,15
"57278",2,2,4,2
"57279",16,21,37,35
"57280",13,7,20,17
"57281",1,18,19,18
"57282",10,26,36,30
"57283",1,11,12,11
"57284",1,7,8,7
"57285",3,9,12,11
"57286",7,60,67,61
"57287",3,25,28,25
"57288",10,32,42,41
"57289",5,1,6,5
"57290",3,23,26,23
"57291",8,13,21,20
"57292",2,1,3,2
"57293",2,7,9,8
"57294",9,56,65,63
"57295",35,20,55,54
"57296",2,8,10,9
"57297",1,13,14,13
"57298",1,3,4,3
"57299",9,1,10,9
"57300",2,12,14,12
"57301",3,8,11,8
"57302",4,26,30,29
"57303",1,1,2,1
"57304",1,9,10,9
"57305",1,5,6,5
"57306",1,14,15,14
"57307",3,3,6,5
"57308",17,36,53,52
"57309",3,4,7,5
"57310",3,19,22,20
"57311",5,5,10,8
"57312",1,7,8,7
"57313",1,2,3,2
"57314",11,37,48,41
"57315",37,15,52,49
"57316",2,7,9,8
"57317",5,16,21,19
"57318",2,3,5,4
"57319",4,33,37,36
"57320",9,169,178,176
"57321",1,1,2,1
"57322",14,38,52,43
"57323",1,2,3,2
"57324",4,11,15,12
"57325",1,32,33,32
"57326",4,1,5,4
"57327",20,20,40,39
"57328",3,23,26,23
"57329",6,9,15,14
"57330",1,3,4,3
"57331",9,8,17,9
"57332",4,2,6,5
"57333",2,1,3,2
"57334",5,35,40,36
"57335",4,24,28,27
"57336",1,9,10,9
"57337",1,3,4,3
"57338",1,2,3,2
"57339",7,3,10,7
"57340",16,4,20,17
"57341",2,2,4,3
"57342",4,4,8,6
"57343",1,1,2,1
"57344",2,1,3,2
"57345",3,14,17,14
"57346",9,25,34,31
"57347",5,16,21,19
"57348",9,3,12,11
"57349",8,17,25,24
"57350",2,6,8,7
"57351",3,3,6,4
"57352",1,11,12,11
"57353",1,4,5,4
"57354",1,5,6,5
"57355",6,19,25,24
"57356",6,5,11,7
"57357",1,8,9,8
"57358",2,2,4,2
"57359",1,3,4,3
"57360",1,34,35,34
"57361",3,15,18,16
"57362",2,4,6,5
"57363",7,9,16,10
"57364",2,1,3,2
"57365",1,1,2,1
"57366",13,169,182,173
"57367",7,10,17,14
"57368",1,2,3,2
"57369",3,2,5,4
"57370",2,16,18,17
"57371",1,1,2,1
"57372",1,13,14,13
"57373",12,9,21,18
"57374",2,1,3,2
"57375",2,6,8,7
"57376",1,13,14,13
"57377",1,10,11,10
"57378",5,1,6,5
"57379",10,1,11,10
"57380",4,4,8,7
"57381",3,9,12,10
"57382",1,4,5,4
"57383",2,21,23,21
"57384",2,12,14,12
"57385",16,1,17,16
"57386",5,3,8,7
"57387",3,3,6,4
"57388",9,12,21,20
"57389",1,8,9,8
"57390",1,3,4,3
"57391",1,2,3,2
"57392",4,3,7,5
"57393",1,9,10,9
"57394",5,5,10,9
"57395",2,2,4,3
"57396",1,12,13,12
"57397",1,2,3,2
"57398",2,11,13,12
"57399",5,9,14,13
"57400",4,16,20,18
"57401",1,1,2,1
"57402",4,5,9,6
"57403",8,31,39,36
"57404",4,22,26,25
"57405",1,4,5,4
"57406",1,3,4,3
"57407",3,4,7,6
"57408",2,8,10,8
"57409",1,1,2,1
"57410",2,4,6,5
"57411",2,29,31,30
"57412",6,29,35,31
"57413",1,4,5,4
"57414",15,15,30,15
"57415",1,1,2,1
"57416",7,10,17,14
"57417",13,12,25,23
"57418",13,30,43,42
"57419",2,12,14,13
"57420",5,1,6,5
"57421",14,2,16,15
"57422",6,16,22,19
"57423",3,3,6,5
"57424",4,19,23,20
"57425",6,11,17,16
"57426",4,1,5,4
"57427",2,26,28,27
"57428",2,52,54,52
"57429",3,3,6,4
"57430",1,1,2,1
"57431",27,9,36,35
"57432",4,12,16,15
"57433",8,4,12,10
"57434",4,1,5,4
"57435",1,3,4,3
"57436",1,8,9,8
"57437",1,20,21,20
"57438",1,15,16,15
"57439",5,3,8,7
"57440",4,1,5,4
"57441",1,13,14,13
"57442",3,4,7,6
"57443",6,7,13,12
"57444",2,25,27,26
"57445",3,23,26,24
"57446",14,28,42,38
"57447",9,4,13,10
"57448",3,3,6,4
"57449",3,1,4,3
"57450",3,2,5,3
"57451",4,12,16,13
"57452",6,2,8,7
"57453",1,6,7,6
"57454",1,6,7,6
"57455",6,1,7,6
"57456",2,16,18,17
"57457",6,2,8,7
"57458",4,4,8,5
"57459",7,1,8,7
"57460",4,4,8,7
"57461",1,7,8,7
"57462",1,1,2,1
"57463",19,1,20,19
"57464",3,13,16,14
"57465",2,7,9,8
"57466",11,10,21,20
"57467",20,37,57,54
"57468",1,9,10,9
"57469",3,2,5,4
"57470",1,4,5,4
"57471",3,1,4,3
"57472",3,6,9,6
"57473",4,27,31,29
"57474",13,24,37,32
"57475",15,20,35,34
"57476",1,1,2,1
"57477",2,3,5,4
"57478",3,20,23,22
"57479",1,1,2,1
"57480",10,13,23,21
"57481",3,3,6,4
"57482",1,1,2,1
"57483",10,3,13,12
"57484",2,9,11,10
"57485",2,16,18,17
"57486",1,7,8,7
"57487",6,10,16,13
"57488",7,9,16,9
"57489",4,13,17,16
"57490",7,40,47,45
"57491",1,1,2,1
"57492",1,7,8,7
"57493",1,3,4,3
"57494",9,5,14,11
"57495",3,9,12,11
"57496",2,2,4,3
"57497",1,4,5,4
"57498",1,5,6,5
"57499",4,17,21,18
"57500",1,1,2,1
"57501",2,12,14,12
"57502",6,1,7,6
"57503",2,12,14,13
"57504",2,1,3,2
"57505",4,4,8,5
"57506",3,14,17,16
"57507",5,4,9,8
"57508",2,12,14,12
"57509",4,4,8,7
"57510",3,10,13,11
"57511",1,14,15,14
"57512",1,1,2,1
"57513",2,4,6,5
"57514",20,13,33,30
"57515",4,1,5,4
"57516",4,7,11,10
"57517",16,27,43,41
"57518",1,19,20,19
"57519",1,3,4,3
"57520",1,15,16,15
"57521",2,4,6,4
"57522",8,3,11,9
"57523",1,8,9,8
"57524",1,8,9,8
"57525",1,14,15,14
"57526",3,11,14,12
"57527",3,44,47,45
"57528",4,28,32,31
"57529",13,14,27,25
"57530",6,1,7,6
"57531",1,52,53,52
"57532",4,1,5,4
"57533",2,4,6,4
"57534",2,1,3,2
"57535",3,25,28,25
"57536",10,26,36,30
"57537",8,31,39,37
"57538",11,21,32,31
"57539",1,5,6,5
"57540",1,16,17,16
"57541",2,5,7,5
"57542",1,25,26,25
"57543",1,1,2,1
"57544",5,1,6,5
"57545",2,2,4,3
"57546",2,56,58,56
"57547",1,3,4,3
"57548",7,3,10,9
"57549",1,1,2,1
"57550",3,20,23,20
"57551",1,3,4,3
"57552",2,3,5,3
"57553",3,20,23,20
"57554",7,2,9,7
"57555",1,2,3,2
"57556",8,31,39,38
"57557",6,7,13,11
"57558",2,2,4,3
"57559",3,19,22,19
"57560",13,1,14,13
"57561",37,45,82,79
"57562",2,3,5,4
"57563",2,5,7,6
"57564",1,3,4,3
"57565",8,2,10,9
"57566",1,2,3,2
"57567",1,1,2,1
"57568",4,9,13,11
"57569",4,16,20,18
"57570",1,7,8,7
"57571",1,1,2,1
"57572",3,14,17,15
"57573",2,1,3,2
"57574",28,12,40,31
"57575",1,5,6,5
"57576",6,5,11,10
"57577",13,169,182,173
"57578",4,2,6,5
"57579",2,11,13,11
"57580",1,17,18,17
"57581",2,46,48,46
"57582",1,25,26,25
"57583",2,8,10,8
"57584",3,12,15,14
"57585",2,1,3,2
"57586",2,11,13,11
"57587",1,2,3,2
"57588",1,1,2,1
"57589",7,7,14,10
"57590",3,11,14,12
"57591",9,18,27,23
"57592",2,10,12,10
"57593",1,2,3,2
"57594",2,3,5,3
"57595",3,1,4,3
"57596",1,5,6,5
"57597",2,2,4,2
"57598",1,1,2,1
"57599",1,3,4,3
"57600",5,40,45,44
"57601",2,12,14,13
"57602",1,19,20,19
"57603",3,5,8,7
"57604",2,20,22,21
"57605",4,10,14,13
"57606",1,4,5,4
"57607",6,4,10,8
"57608",1,2,3,2
"57609",5,1,6,5
"57610",8,5,13,12
"57611",1,15,16,15
"57612",1,60,61,60
"57613",5,55,60,58
"57614",3,5,8,5
"57615",1,10,11,10
"57616",1,4,5,4
"57617",8,9,17,11
"57618",3,6,9,8
"57619",6,8,14,12
"57620",1,14,15,14
"57621",4,7,11,10
"57622",2,17,19,18
"57623",7,16,23,19
"57624",3,11,14,13
"57625",11,31,42,39
"57626",1,2,3,2
"57627",1,20,21,20
"57628",3,30,33,32
"57629",1,2,3,2
"57630",1,14,15,14
"57631",1,12,13,12
"57632",10,8,18,17
"57633",31,2,33,31
"57634",3,7,10,7
"57635",6,169,175,170
"57636",2,21,23,21
"57637",4,19,23,22
"57638",3,1,4,3
"57639",2,5,7,6
"57640",1,6,7,6
"57641",1,21,22,21
"57642",3,2,5,3
"57643",3,2,5,3
"57644",1,7,8,7
"57645",7,19,26,23
"57646",1,22,23,22
"57647",3,9,12,10
"57648",1,6,7,6
"57649",1,34,35,34
"57650",2,46,48,47
"57651",1,3,4,3
"57652",9,36,45,44
"57653",4,9,13,11
"57654",15,36,51,48
"57655",3,16,19,18
"57656",9,30,39,38
"57657",7,3,10,9
"57658",3,29,32,31
"57659",1,3,4,3
"57660",2,6,8,7
"57661",1,10,11,10
"57662",2,4,6,4
"57663",1,2,3,2
"57664",1,8,9,8
"57665",2,4,6,4
"57666",3,3,6,4
"57667",3,34,37,35
"57668",1,6,7,6
"57669",1,1,2,1
"57670",1,1,2,1
"57671",3,7,10,9
"57672",1,3,4,3
"57673",2,18,20,18
"57674",2,10,12,11
"57675",1,11,12,11
"57676",6,7,13,11
"57677",5,1,6,5
"57678",3,11,14,13
"57679",2,2,4,3
"57680",2,1,3,2
"57681",2,2,4,2
"57682",11,37,48,41
"57683",2,13,15,13
"57684",7,60,67,61
"57685",11,4,15,14
"57686",8,19,27,26
"57687",2,1,3,2
"57688",1,4,5,4
"57689",1,4,5,4
"57690",13,2,15,14
"57691",8,24,32,31
"57692",3,7,10,8
"57693",27,24,51,50
"57694",3,14,17,16
"57695",1,10,11,10
"57696",7,29,36,32
"57697",3,29,32,30
"57698",3,28,31,29
"57699",6,7,13,12
"57700",169,20,189,182
"57701",1,2,3,2
"57702",2,14,16,14
"57703",1,18,19,18
"57704",9,3,12,10
"57705",15,42,57,53
"57706",18,1,19,18
"57707",2,13,15,13
"57708",3,4,7,4
"57709",7,6,13,12
"57710",3,23,26,23
"57711",4,2,6,4
"57712",2,7,9,8
"57713",2,4,6,5
"57714",5,34,39,34
"57715",1,20,21,20
"57716",6,3,9,8
"57717",1,26,27,26
"57718",1,28,29,28
"57719",4,15,19,18
"57720",1,12,13,12
"57721",4,8,12,10
"57722",9,17,26,22
"57723",1,9,10,9
"57724",16,7,23,17
"57725",16,16,32,29
"57726",1,5,6,5
"57727",1,6,7,6
"57728",5,6,11,9
"57729",8,8,16,14
"57730",15,15,30,15
"57731",1,6,7,6
"57732",1,4,5,4
"57733",6,16,22,19
"57734",13,40,53,52
"57735",1,18,19,18
"57736",1,3,4,3
"57737",3,2,5,3
"57738",1,1,2,1
"57739",1,1,2,1
"57740",2,15,17,16
"57741",4,8,12,11
"57742",1,30,31,30
"57743",1,1,2,1
"57744",6,4,10,7
"57745",7,14,21,17
"57746",1,1,2,1
"57747",3,4,7,6
"57748",1,2,3,2
"57749",1,42,43,42
"57750",1,3,4,3
"57751",8,3,11,10
"57752",3,38,41,39
"57753",1,28,29,28
"57754",21,4,25,21
"57755",4,6,10,9
"57756",1,3,4,3
"57757",9,10,19,16
"57758",1,5,6,5
"57759",1,15,16,15
"57760",4,1,5,4
"57761",4,4,8,7
"57762",2,5,7,6
"57763",9,45,54,51
"57764",2,4,6,4
"57765",5,11,16,13
"57766",1,1,2,1
"57767",1,9,10,9
"57768",1,15,16,15
"57769",3,9,12,11
"57770",5,45,50,48
"57771",1,5,6,5
"57772",3,5,8,6
"57773",3,18,21,20
"57774",5,1,6,5
"57775",22,15,37,36
"57776",1,4,5,4
"57777",1,4,5,4
"57778",8,6,14,13
"57779",3,10,13,10
"57780",4,11,15,13
"57781",7,9,16,10
"57782",1,4,5,4
"57783",1,13,14,13
"57784",5,4,9,7
"57785",1,2,3,2
"57786",2,2,4,2
"57787",6,23,29,28
"57788",3,12,15,12
"57789",1,18,19,18
"57790",2,4,6,4
"57791",3,1,4,3
"57792",3,1,4,3
"57793",6,11,17,15
"57794",3,52,55,54
"57795",1,1,2,1
"57796",1,11,12,11
"57797",2,15,17,16
"57798",4,11,15,12
"57799",1,16,17,16
"57800",1,26,27,26
"57801",15,1,16,15
"57802",3,14,17,14
"57803",8,3,11,8
"57804",1,7,8,7
"57805",2,4,6,5
"57806",7,15,22,21
"57807",3,12,15,14
"57808",1,1,2,1
"57809",14,32,46,42
"57810",10,31,41,39
"57811",20,31,51,50
"57812",5,1,6,5
"57813",3,6,9,8
"57814",1,7,8,7
"57815",1,3,4,3
"57816",1,3,4,3
"57817",8,30,38,35
"57818",3,16,19,16
"57819",11,11,22,11
"57820",12,3,15,14
"57821",2,6,8,6
"57822",1,1,2,1
"57823",4,1,5,4
"57824",2,4,6,5
"57825",2,3,5,4
"57826",1,5,6,5
"57827",1,1,2,1
"57828",4,18,22,20
"57829",13,17,30,22
"57830",1,5,6,5
"57831",2,4,6,5
"57832",1,13,14,13
"57833",7,5,12,11
"57834",1,2,3,2
"57835",4,1,5,4
"57836",12,15,27,25
"57837",8,1,9,8
"57838",4,3,7,6
"57839",8,9,17,15
"57840",1,40,41,40
"57841",5,1,6,5
"57842",1,1,2,1
"57843",2,2,4,2
"57844",2,1,3,2
"57845",3,19,22,20
"57846",4,1,5,4
"57847",3,8,11,8
"57848",9,11,20,19
"57849",1,2,3,2
"57850",2,1,3,2
"57851",10,25,35,34
"57852",9,1,10,9
"57853",8,4,12,9
"57854",4,3,7,4
"57855",1,10,11,10
"57856",5,14,19,17
"57857",1,1,2,1
"57858",4,6,10,8
"57859",3,9,12,11
"57860",2,2,4,3
"57861",2,14,16,15
"57862",1,6,7,6
"57863",11,25,36,35
"57864",1,9,10,9
"57865",5,19,24,22
"57866",4,1,5,4
"57867",2,9,11,10
"57868",31,5,36,31
"57869",1,5,6,5
"57870",1,14,15,14
"57871",1,1,2,1
"57872",2,1,3,2
"57873",1,2,3,2
"57874",4,17,21,20
"57875",1,11,12,11
"57876",1,1,2,1
"57877",4,4,8,5
"57878",9,54,63,58
"57879",16,4,20,18
"57880",1,16,17,16
"57881",1,18,19,18
"57882",10,31,41,39
"57883",3,20,23,22
"57884",6,55,61,59
"57885",3,2,5,4
"57886",4,29,33,32
"57887",1,8,9,8
"57888",1,1,2,1
"57889",3,3,6,4
"57890",9,5,14,12
"57891",3,7,10,8
"57892",3,14,17,16
"57893",5,6,11,9
"57894",4,4,8,5
"57895",10,12,22,21
"57896",4,14,18,17
"57897",10,3,13,11
"57898",4,2,6,5
"57899",2,11,13,12
"57900",3,19,22,21
"57901",3,3,6,4
"57902",1,1,2,1
"57903",7,2,9,8
"57904",5,4,9,8
"57905",4,13,17,15
"57906",1,6,7,6
"57907",1,1,2,1
"57908",1,4,5,4
"57909",1,1,2,1
"57910",3,18,21,19
"57911",4,2,6,5
"57912",2,7,9,8
"57913",1,23,24,23
"57914",8,56,64,61
"57915",3,4,7,5
"57916",1,16,17,16
"57917",1,5,6,5
"57918",3,8,11,9
"57919",9,5,14,10
"57920",16,42,58,56
"57921",1,3,4,3
"57922",10,26,36,30
"57923",18,4,22,20
"57924",4,5,9,8
"57925",3,26,29,26
"57926",1,1,2,1
"57927",1,1,2,1
"57928",2,14,16,15
"57929",2,3,5,3
"57930",13,2,15,14
"57931",3,4,7,6
"57932",6,20,26,25
"57933",1,3,4,3
"57934",1,2,3,2
"57935",10,40,50,48
"57936",1,1,2,1
"57937",3,1,4,3
"57938",1,2,3,2
"57939",1,1,2,1
"57940",1,1,2,1
"57941",11,5,16,14
"57942",3,13,16,15
"57943",2,12,14,13
"57944",2,6,8,6
"57945",7,7,14,10
"57946",4,15,19,17
"57947",12,41,53,52
"57948",1,1,2,1
"57949",37,15,52,49
"57950",2,5,7,6
"57951",1,9,10,9
"57952",1,8,9,8
"57953",3,54,57,56
"57954",2,1,3,2
"57955",1,3,4,3
"57956",1,2,3,2
"57957",1,2,3,2
"57958",4,6,10,9
"57959",1,4,5,4
"57960",4,3,7,6
"57961",8,5,13,12
"57962",1,16,17,16
"57963",1,11,12,11
"57964",3,5,8,7
"57965",5,1,6,5
"57966",37,3,40,39
"57967",1,8,9,8
"57968",1,1,2,1
"57969",176,5,181,180
"57970",1,3,4,3
"57971",12,5,17,16
"57972",6,1,7,6
"57973",2,6,8,7
"57974",3,15,18,16
"57975",1,1,2,1
"57976",7,9,16,12
"57977",13,7,20,19
"57978",3,20,23,20
"57979",11,3,14,13
"57980",1,9,10,9
"57981",2,8,10,8
"57982",2,6,8,6
"57983",2,2,4,3
"57984",5,1,6,5
"57985",1,7,8,7
"57986",1,6,7,6
"57987",12,20,32,29
"57988",1,1,2,1
"57989",3,32,35,32
"57990",8,1,9,8
"57991",11,12,23,22
"57992",2,16,18,17
"57993",1,2,3,2
"57994",1,1,2,1
"57995",1,7,8,7
"57996",4,5,9,7
"57997",1,55,56,55
"57998",1,1,2,1
"57999",11,4,15,14
"58000",12,2,14,13
"58001",2,4,6,5
"58002",5,9,14,13
"58003",4,23,27,23
"58004",1,1,2,1
"58005",2,20,22,20
"58006",1,4,5,4
"58007",2,36,38,37
"58008",2,14,16,14
"58009",5,6,11,8
"58010",1,9,10,9
"58011",3,12,15,14
"58012",3,29,32,30
"58013",1,2,3,2
"58014",5,33,38,36
"58015",1,2,3,2
"58016",1,5,6,5
"58017",1,4,5,4
"58018",1,3,4,3
"58019",1,1,2,1
"58020",3,3,6,5
"58021",6,18,24,21
"58022",3,4,7,6
"58023",8,3,11,8
"58024",1,5,6,5
"58025",11,35,46,44
"58026",2,7,9,8
"58027",4,16,20,18
"58028",8,4,12,11
"58029",1,11,12,11
"58030",3,3,6,5
"58031",3,9,12,11
"58032",2,3,5,4
"58033",1,5,6,5
"58034",4,3,7,6
"58035",1,28,29,28
"58036",3,4,7,4
"58037",13,21,34,32
"58038",2,1,3,2
"58039",2,2,4,3
"58040",16,4,20,18
"58041",1,18,19,18
"58042",1,16,17,16
"58043",7,14,21,20
"58044",35,27,62,61
"58045",1,2,3,2
"58046",2,16,18,16
"58047",1,4,5,4
"58048",18,36,54,47
"58049",3,4,7,6
"58050",3,13,16,13
"58051",2,10,12,11
"58052",20,169,189,184
"58053",1,4,5,4
"58054",1,3,4,3
"58055",3,13,16,15
"58056",1,2,3,2
"58057",3,13,16,14
"58058",12,26,38,31
"58059",10,9,19,16
"58060",1,36,37,36
"58061",2,2,4,3
"58062",3,1,4,3
"58063",4,24,28,26
"58064",2,37,39,38
"58065",2,17,19,17
"58066",1,5,6,5
"58067",1,19,20,19
"58068",3,3,6,4
"58069",3,37,40,39
"58070",1,1,2,1
"58071",1,19,20,19
"58072",6,1,7,6
"58073",1,3,4,3
"58074",8,31,39,36
"58075",1,2,3,2
"58076",1,13,14,13
"58077",9,16,25,23
"58078",1,2,3,2
"58079",3,2,5,4
"58080",3,21,24,21
"58081",15,46,61,59
"58082",37,45,82,79
"58083",2,24,26,24
"58084",6,6,12,9
"58085",2,7,9,8
"58086",5,4,9,8
"58087",1,4,5,4
"58088",1,10,11,10
"58089",1,2,3,2
"58090",3,32,35,32
"58091",13,5,18,17
"58092",1,9,10,9
"58093",2,2,4,2
"58094",3,7,10,8
"58095",1,14,15,14
"58096",1,10,11,10
"58097",3,2,5,4
"58098",1,1,2,1
"58099",8,29,37,36
"58100",1,2,3,2
"58101",1,4,5,4
"58102",1,11,12,11
"58103",3,42,45,43
"58104",3,29,32,31
"58105",4,26,30,29
"58106",1,3,4,3
"58107",4,5,9,8
"58108",8,3,11,10
"58109",1,4,5,4
"58110",13,12,25,23
"58111",5,37,42,41
"58112",17,1,18,17
"58113",3,20,23,22
"58114",4,6,10,8
"58115",6,7,13,11
"58116",4,37,41,38
"58117",21,35,56,52
"58118",3,18,21,19
"58119",3,17,20,18
"58120",3,1,4,3
"58121",8,9,17,16
"58122",1,6,7,6
"58123",3,22,25,23
"58124",10,3,13,11
"58125",4,1,5,4
"58126",2,6,8,6
"58127",1,4,5,4
"58128",1,1,2,1
"58129",1,9,10,9
"58130",5,1,6,5
"58131",3,3,6,5
"58132",3,6,9,7
"58133",20,8,28,25
"58134",3,60,63,61
"58135",6,4,10,9
"58136",4,35,39,37
"58137",1,1,2,1
"58138",2,7,9,8
"58139",7,1,8,7
"58140",1,9,10,9
"58141",1,14,15,14
"58142",1,4,5,4
"58143",6,4,10,9
"58144",1,6,7,6
"58145",4,7,11,10
"58146",3,8,11,8
"58147",6,3,9,8
"58148",5,5,10,5
"58149",3,1,4,3
"58150",3,2,5,4
"58151",5,11,16,11
"58152",1,4,5,4
"58153",2,4,6,5
"58154",3,1,4,3
"58155",1,15,16,15
"58156",9,54,63,58
"58157",9,8,17,9
"58158",4,17,21,20
"58159",7,2,9,8
"58160",4,1,5,4
"58161",2,12,14,12
"58162",8,34,42,39
"58163",1,12,13,12
"58164",2,176,178,176
"58165",1,1,2,1
"58166",60,3,63,62
"58167",1,1,2,1
"58168",7,9,16,15
"58169",2,16,18,17
"58170",11,10,21,18
"58171",3,7,10,8
"58172",3,3,6,3
"58173",1,3,4,3
"58174",3,3,6,4
"58175",6,10,16,13
"58176",25,14,39,32
"58177",6,1,7,6
"58178",1,4,5,4
"58179",17,2,19,18
"58180",2,1,3,2
"58181",7,5,12,10
"58182",7,1,8,7
"58183",3,44,47,45
"58184",4,3,7,6
"58185",1,1,2,1
"58186",2,5,7,6
"58187",5,12,17,13
"58188",3,18,21,19
"58189",9,23,32,31
"58190",3,5,8,7
"58191",1,27,28,27
"58192",3,11,14,12
"58193",1,34,35,34
"58194",6,11,17,16
"58195",3,1,4,3
"58196",2,2,4,2
"58197",1,5,6,5
"58198",1,1,2,1
"58199",2,35,37,36
"58200",5,1,6,5
"58201",2,11,13,12
"58202",2,5,7,5
"58203",2,12,14,12
"58204",1,1,2,1
"58205",35,2,37,35
"58206",3,16,19,17
"58207",13,1,14,13
"58208",13,5,18,13
"58209",2,2,4,3
"58210",5,14,19,18
"58211",15,28,43,42
"58212",4,10,14,13
"58213",1,11,12,11
"58214",11,31,42,39
"58215",4,29,33,31
"58216",2,4,6,4
"58217",1,4,5,4
"58218",3,1,4,3
"58219",1,26,27,26
"58220",1,8,9,8
"58221",3,2,5,4
"58222",18,13,31,30
"58223",3,13,16,15
"58224",20,169,189,184
"58225",13,169,182,173
"58226",1,1,2,1
"58227",4,1,5,4
"58228",12,6,18,17
"58229",3,35,38,36
"58230",3,52,55,53
"58231",6,2,8,7
"58232",2,14,16,15
"58233",5,3,8,5
"58234",1,8,9,8
"58235",6,5,11,7
"58236",12,8,20,15
"58237",10,3,13,12
"58238",25,5,30,29
"58239",3,18,21,18
"58240",3,3,6,4
"58241",2,5,7,6
"58242",5,19,24,21
"58243",7,176,183,181
"58244",1,4,5,4
"58245",1,4,5,4
"58246",2,4,6,4
"58247",3,4,7,4
"58248",3,5,8,5
"58249",11,16,27,24
"58250",8,2,10,8
"58251",1,6,7,6
"58252",3,169,172,170
"58253",6,7,13,12
"58254",3,8,11,8
"58255",2,5,7,6
"58256",1,1,2,1
"58257",7,1,8,7
"58258",2,24,26,24
"58259",1,1,2,1
"58260",2,19,21,19
"58261",3,23,26,24
"58262",8,6,14,13
"58263",10,35,45,35
"58264",23,169,192,191
"58265",4,8,12,10
"58266",5,5,10,9
"58267",1,2,3,2
"58268",1,2,3,2
"58269",1,1,2,1
"58270",5,6,11,10
"58271",10,10,20,10
"58272",2,2,4,3
"58273",4,17,21,17
"58274",5,6,11,9
"58275",10,38,48,46
"58276",18,1,19,18
"58277",13,25,38,36
"58278",2,17,19,17
"58279",1,1,2,1
"58280",1,56,57,56
"58281",4,16,20,18
"58282",1,3,4,3
"58283",1,17,18,17
"58284",1,18,19,18
"58285",11,37,48,41
"58286",10,23,33,32
"58287",5,20,25,20
"58288",3,38,41,39
"58289",21,4,25,21
"58290",16,29,45,43
"58291",1,2,3,2
"58292",5,28,33,32
"58293",14,1,15,14
"58294",3,1,4,3
"58295",2,1,3,2
"58296",10,35,45,35
"58297",3,6,9,7
"58298",1,27,28,27
"58299",1,2,3,2
"58300",10,38,48,45
"58301",1,2,3,2
"58302",2,1,3,2
"58303",13,40,53,51
"58304",61,12,73,71
"58305",4,10,14,12
"58306",3,9,12,11
"58307",1,54,55,54
"58308",6,10,16,15
"58309",4,13,17,16
"58310",4,27,31,28
"58311",1,7,8,7
"58312",5,7,12,10
"58313",1,2,3,2
"58314",7,9,16,12
"58315",2,5,7,5
"58316",1,2,3,2
"58317",16,5,21,20
"58318",8,8,16,8
"58319",2,9,11,9
"58320",1,8,9,8
"58321",1,9,10,9
"58322",13,10,23,21
"58323",2,55,57,55
"58324",3,31,34,32
"58325",1,28,29,28
"58326",2,5,7,5
"58327",2,7,9,7
"58328",4,15,19,18
"58329",1,6,7,6
"58330",10,11,21,20
"58331",1,1,2,1
"58332",1,14,15,14
"58333",1,3,4,3
"58334",13,4,17,15
"58335",46,46,92,46
"58336",1,3,4,3
"58337",1,42,43,42
"58338",27,28,55,54
"58339",4,9,13,12
"58340",1,26,27,26
"58341",1,18,19,18
"58342",13,37,50,49
"58343",3,10,13,11
"58344",2,9,11,9
"58345",1,25,26,25
"58346",1,1,2,1
"58347",2,3,5,4
"58348",3,13,16,15
"58349",10,3,13,12
"58350",1,3,4,3
"58351",1,1,2,1
"58352",2,4,6,5
"58353",3,18,21,18
"58354",3,1,4,3
"58355",1,45,46,45
"58356",4,12,16,15
"58357",3,45,48,47
"58358",1,1,2,1
"58359",1,8,9,8
"58360",2,2,4,3
"58361",1,14,15,14
"58362",1,19,20,19
"58363",2,4,6,4
"58364",1,15,16,15
"58365",5,25,30,29
"58366",2,3,5,4
"58367",3,1,4,3
"58368",16,20,36,33
"58369",5,12,17,16
"58370",1,9,10,9
"58371",7,9,16,9
"58372",4,8,12,10
"58373",2,2,4,3
"58374",1,2,3,2
"58375",15,8,23,20
"58376",2,11,13,11
"58377",3,11,14,11
"58378",3,4,7,4
"58379",11,9,20,19
"58380",2,4,6,5
"58381",3,1,4,3
"58382",1,5,6,5
"58383",7,13,20,18
"58384",1,1,2,1
"58385",1,2,3,2
"58386",2,1,3,2
"58387",5,4,9,5
"58388",7,29,36,34
"58389",3,21,24,21
"58390",2,29,31,29
"58391",8,13,21,20
"58392",2,2,4,2
"58393",2,26,28,27
"58394",1,9,10,9
"58395",7,3,10,8
"58396",3,31,34,32
"58397",7,14,21,20
"58398",7,13,20,19
"58399",2,1,3,2
"58400",2,2,4,3
"58401",1,11,12,11
"58402",7,14,21,20
"58403",8,2,10,9
"58404",2,7,9,7
"58405",3,14,17,16
"58406",4,1,5,4
"58407",2,15,17,16
"58408",3,2,5,4
"58409",12,26,38,31
"58410",2,1,3,2
"58411",6,13,19,16
"58412",19,28,47,43
"58413",1,4,5,4
"58414",18,36,54,51
"58415",1,176,177,176
"58416",11,5,16,14
"58417",9,2,11,10
"58418",13,2,15,13
"58419",5,4,9,8
"58420",5,28,33,32
"58421",2,1,3,2
"58422",4,5,9,8
"58423",3,12,15,14
"58424",3,35,38,37
"58425",2,6,8,7
"58426",1,3,4,3
"58427",10,27,37,33
"58428",2,9,11,10
"58429",1,3,4,3
"58430",3,8,11,9
"58431",1,16,17,16
"58432",1,32,33,32
"58433",1,9,10,9
"58434",4,4,8,7
"58435",1,29,30,29
"58436",1,11,12,11
"58437",9,5,14,11
"58438",8,23,31,29
"58439",6,16,22,19
"58440",2,3,5,4
"58441",9,8,17,9
"58442",2,3,5,4
"58443",1,25,26,25
"58444",4,2,6,5
"58445",3,3,6,4
"58446",1,23,24,23
"58447",12,15,27,25
"58448",10,3,13,12
"58449",3,16,19,16
"58450",1,1,2,1
"58451",6,11,17,14
"58452",8,27,35,34
"58453",4,4,8,6
"58454",1,4,5,4
"58455",1,8,9,8
"58456",1,1,2,1
"58457",4,8,12,9
"58458",6,30,36,35
"58459",9,8,17,9
"58460",7,6,13,11
"58461",1,9,10,9
"58462",1,3,4,3
"58463",3,34,37,34
"58464",3,3,6,5
"58465",16,7,23,17
"58466",1,7,8,7
"58467",8,2,10,8
"58468",2,1,3,2
"58469",5,14,19,17
"58470",2,2,4,2
"58471",4,6,10,9
"58472",2,5,7,6
"58473",2,11,13,12
"58474",3,4,7,6
"58475",2,2,4,2
"58476",1,13,14,13
"58477",6,4,10,9
"58478",1,16,17,16
"58479",2,1,3,2
"58480",2,1,3,2
"58481",31,1,32,31
"58482",3,5,8,6
"58483",4,3,7,4
"58484",13,14,27,25
"58485",6,3,9,8
"58486",1,2,3,2
"58487",11,11,22,11
"58488",6,5,11,10
"58489",1,2,3,2
"58490",1,15,16,15
"58491",1,22,23,22
"58492",3,10,13,12
"58493",8,45,53,52
"58494",9,3,12,10
"58495",1,1,2,1
"58496",1,1,2,1
"58497",3,34,37,36
"58498",6,56,62,57
"58499",1,12,13,12
"58500",4,9,13,12
"58501",2,2,4,2
"58502",1,6,7,6
"58503",8,3,11,10
"58504",9,16,25,17
"58505",9,27,36,35
"58506",7,11,18,15
"58507",15,16,31,27
"58508",4,5,9,7
"58509",8,4,12,11
"58510",1,3,4,3
"58511",5,23,28,27
"58512",1,1,2,1
"58513",2,6,8,6
"58514",1,2,3,2
"58515",6,1,7,6
"58516",10,10,20,10
"58517",3,13,16,15
"58518",1,34,35,34
"58519",3,13,16,13
"58520",2,1,3,2
"58521",1,5,6,5
"58522",1,1,2,1
"58523",3,8,11,9
"58524",4,8,12,9
"58525",3,1,4,3
"58526",13,2,15,13
"58527",12,8,20,18
"58528",25,25,50,25
"58529",38,4,42,41
"58530",4,11,15,14
"58531",3,5,8,6
"58532",4,1,5,4
"58533",3,7,10,8
"58534",19,33,52,51
"58535",1,5,6,5
"58536",8,4,12,10
"58537",4,25,29,26
"58538",1,15,16,15
"58539",1,3,4,3
"58540",11,16,27,25
"58541",1,16,17,16
"58542",1,6,7,6
"58543",2,45,47,45
"58544",2,4,6,4
"58545",3,5,8,6
"58546",1,3,4,3
"58547",1,1,2,1
"58548",1,10,11,10
"58549",4,56,60,59
"58550",10,2,12,11
"58551",1,5,6,5
"58552",3,34,37,36
"58553",1,2,3,2
"58554",8,2,10,9
"58555",9,5,14,11
"58556",1,11,12,11
"58557",6,5,11,9
"58558",1,15,16,15
"58559",2,7,9,8
"58560",8,16,24,22
"58561",3,16,19,16
"58562",1,1,2,1
"58563",9,4,13,11
"58564",5,14,19,17
"58565",10,26,36,30
"58566",2,1,3,2
"58567",6,2,8,7
"58568",8,25,33,32
"58569",1,8,9,8
"58570",4,4,8,7
"58571",2,4,6,5
"58572",5,2,7,5
"58573",3,11,14,12
"58574",6,3,9,8
"58575",1,2,3,2
"58576",1,7,8,7
"58577",11,16,27,24
"58578",4,12,16,15
"58579",3,45,48,46
"58580",1,4,5,4
"58581",15,1,16,15
"58582",1,17,18,17
"58583",5,17,22,19
"58584",10,169,179,178
"58585",1,1,2,1
"58586",2,3,5,3
"58587",2,16,18,17
"58588",8,1,9,8
"58589",2,1,3,2
"58590",15,17,32,30
"58591",3,3,6,5
"58592",5,7,12,10
"58593",2,7,9,7
"58594",3,2,5,4
"58595",1,4,5,4
"58596",5,7,12,11
"58597",2,5,7,6
"58598",4,11,15,13
"58599",4,5,9,8
"58600",1,10,11,10
"58601",4,27,31,30
"58602",22,176,198,186
"58603",1,3,4,3
"58604",1,13,14,13
"58605",1,1,2,1
"58606",1,6,7,6
"58607",1,23,24,23
"58608",8,28,36,35
"58609",3,9,12,11
"58610",20,1,21,20
"58611",3,1,4,3
"58612",9,5,14,10
"58613",1,2,3,2
"58614",3,12,15,14
"58615",3,9,12,9
"58616",1,2,3,2
"58617",1,10,11,10
"58618",1,8,9,8
"58619",2,5,7,5
"58620",4,5,9,6
"58621",3,37,40,37
"58622",1,5,6,5
"58623",1,3,4,3
"58624",2,25,27,26
"58625",9,17,26,22
"58626",4,16,20,16
"58627",11,35,46,44
"58628",1,10,11,10
"58629",4,13,17,16
"58630",5,5,10,9
"58631",2,2,4,3
"58632",2,6,8,7
"58633",3,18,21,18
"58634",7,1,8,7
"58635",2,2,4,3
"58636",1,2,3,2
"58637",1,28,29,28
"58638",2,6,8,7
"58639",5,7,12,10
"58640",1,1,2,1
"58641",28,10,38,36
"58642",1,14,15,14
"58643",13,5,18,17
"58644",4,21,25,21
"58645",7,7,14,13
"58646",5,10,15,13
"58647",1,33,34,33
"58648",4,3,7,4
"58649",11,31,42,39
"58650",1,15,16,15
"58651",7,5,12,10
"58652",4,13,17,15
"58653",1,1,2,1
"58654",6,2,8,6
"58655",25,3,28,27
"58656",2,3,5,3
"58657",2,4,6,4
"58658",1,5,6,5
"58659",11,8,19,17
"58660",14,12,26,25
"58661",4,176,180,178
"58662",18,36,54,47
"58663",10,7,17,15
"58664",7,2,9,8
"58665",1,36,37,36
"58666",5,1,6,5
"58667",9,8,17,9
"58668",1,42,43,42
"58669",31,8,39,37
"58670",1,20,21,20
"58671",1,15,16,15
"58672",7,29,36,34
"58673",4,26,30,27
"58674",1,2,3,2
"58675",7,33,40,38
"58676",4,46,50,49
"58677",3,28,31,30
"58678",4,12,16,15
"58679",2,2,4,3
"58680",2,7,9,8
"58681",9,23,32,27
"58682",2,11,13,12
"58683",3,15,18,17
"58684",2,55,57,55
"58685",5,15,20,19
"58686",4,18,22,20
"58687",13,32,45,39
"58688",9,5,14,11
"58689",4,10,14,12
"58690",2,3,5,3
"58691",14,4,18,17
"58692",4,11,15,13
"58693",1,15,16,15
"58694",6,8,14,12
"58695",12,11,23,22
"58696",3,19,22,21
"58697",3,14,17,16
"58698",1,1,2,1
"58699",3,35,38,36
"58700",2,14,16,14
"58701",8,3,11,9
"58702",2,11,13,11
"58703",11,36,47,44
"58704",7,10,17,16
"58705",2,4,6,4
"58706",1,2,3,2
"58707",2,1,3,2
"58708",2,11,13,12
"58709",5,3,8,7
"58710",2,25,27,25
"58711",4,1,5,4
"58712",3,9,12,10
"58713",1,30,31,30
"58714",1,2,3,2
"58715",1,18,19,18
"58716",1,52,53,52
"58717",1,1,2,1
"58718",13,23,36,33
"58719",5,12,17,16
"58720",3,52,55,54
"58721",9,10,19,17
"58722",1,1,2,1
"58723",1,35,36,35
"58724",6,14,20,14
"58725",19,169,188,178
"58726",2,4,6,5
"58727",2,4,6,5
"58728",1,9,10,9
"58729",3,3,6,5
"58730",13,17,30,22
"58731",3,8,11,9
"58732",2,34,36,35
"58733",2,2,4,3
"58734",1,18,19,18
"58735",2,60,62,60
"58736",2,14,16,15
"58737",6,11,17,16
"58738",4,2,6,5
"58739",5,17,22,21
"58740",1,7,8,7
"58741",22,2,24,23
"58742",1,12,13,12
"58743",1,1,2,1
"58744",1,9,10,9
"58745",16,14,30,27
"58746",1,54,55,54
"58747",3,8,11,10
"58748",1,1,2,1
"58749",1,2,3,2
"58750",12,7,19,16
"58751",4,5,9,8
"58752",16,55,71,63
"58753",4,9,13,11
"58754",1,1,2,1
"58755",1,1,2,1
"58756",1,1,2,1
"58757",15,4,19,18
"58758",2,4,6,4
"58759",1,3,4,3
"58760",3,5,8,7
"58761",2,8,10,8
"58762",10,5,15,14
"58763",1,26,27,26
"58764",1,6,7,6
"58765",3,3,6,4
"58766",5,1,6,5
"58767",10,10,20,10
"58768",4,1,5,4
"58769",1,2,3,2
"58770",3,20,23,22
"58771",5,11,16,11
"58772",1,1,2,1
"58773",1,17,18,17
"58774",3,11,14,13
"58775",2,2,4,3
"58776",5,5,10,8
"58777",1,56,57,56
"58778",1,2,3,2
"58779",1,18,19,18
"58780",28,10,38,36
"58781",4,1,5,4
"58782",2,2,4,3
"58783",13,3,16,15
"58784",2,13,15,14
"58785",8,34,42,39
"58786",2,38,40,38
"58787",7,45,52,50
"58788",6,2,8,6
"58789",14,32,46,42
"58790",10,2,12,11
"58791",1,1,2,1
"58792",1,3,4,3
"58793",1,3,4,3
"58794",4,3,7,6
"58795",6,4,10,7
"58796",2,2,4,3
"58797",2,11,13,11
"58798",2,5,7,6
"58799",4,4,8,5
"58800",4,2,6,5
"58801",28,12,40,31
"58802",4,24,28,26
"58803",3,13,16,14
"58804",2,7,9,8
"58805",3,1,4,3
"58806",4,21,25,21
"58807",6,18,24,23
"58808",2,2,4,3
"58809",7,1,8,7
"58810",3,32,35,32
"58811",3,5,8,7
"58812",9,9,18,9
"58813",3,18,21,18
"58814",12,13,25,24
"58815",1,1,2,1
"58816",5,16,21,20
"58817",5,10,15,14
"58818",2,2,4,3
"58819",1,1,2,1
"58820",7,6,13,11
"58821",1,176,177,176
"58822",2,4,6,5
"58823",1,6,7,6
"58824",3,21,24,21
"58825",4,46,50,48
"58826",14,2,16,15
"58827",3,23,26,23
"58828",12,4,16,15
"58829",5,2,7,6
"58830",6,9,15,13
"58831",9,9,18,9
"58832",37,45,82,79
"58833",1,2,3,2
"58834",30,14,44,43
"58835",169,1,170,169
"58836",1,5,6,5
"58837",1,2,3,2
"58838",11,7,18,16
"58839",8,28,36,35
"58840",1,1,2,1
"58841",2,25,27,26
"58842",2,8,10,8
"58843",2,26,28,26
"58844",6,1,7,6
"58845",20,169,189,184
"58846",15,16,31,27
"58847",10,4,14,13
"58848",3,18,21,19
"58849",1,25,26,25
"58850",4,10,14,12
"58851",8,18,26,24
"58852",5,1,6,5
"58853",1,11,12,11
"58854",5,8,13,12
"58855",5,15,20,19
"58856",1,9,10,9
"58857",1,6,7,6
"58858",12,9,21,19
"58859",1,1,2,1
"58860",7,15,22,21
"58861",1,1,2,1
"58862",5,9,14,11
"58863",1,6,7,6
"58864",1,4,5,4
"58865",4,4,8,7
"58866",2,45,47,45
"58867",2,7,9,8
"58868",1,8,9,8
"58869",9,5,14,12
"58870",1,9,10,9
"58871",1,1,2,1
"58872",5,14,19,18
"58873",6,3,9,7
"58874",6,14,20,18
"58875",9,8,17,9
"58876",1,3,4,3
"58877",2,25,27,26
"58878",1,2,3,2
"58879",3,10,13,10
"58880",10,7,17,15
"58881",6,6,12,6
"58882",5,7,12,10
"58883",2,17,19,17
"58884",1,2,3,2
"58885",4,2,6,5
"58886",12,1,13,12
"58887",1,1,2,1
"58888",1,31,32,31
"58889",3,8,11,10
"58890",61,4,65,64
"58891",6,1,7,6
"58892",3,1,4,3
"58893",4,1,5,4
"58894",1,3,4,3
"58895",1,35,36,35
"58896",2,9,11,10
"58897",2,6,8,7
"58898",16,3,19,16
"58899",2,8,10,9
"58900",2,7,9,8
"58901",1,1,2,1
"58902",2,3,5,4
"58903",1,6,7,6
"58904",2,9,11,9
"58905",5,2,7,6
"58906",1,1,2,1
"58907",9,176,185,181
"58908",3,14,17,15
"58909",1,12,13,12
"58910",5,25,30,27
"58911",2,11,13,11
"58912",1,8,9,8
"58913",6,2,8,7
"58914",2,3,5,4
"58915",1,44,45,44
"58916",2,12,14,13
"58917",2,12,14,13
"58918",1,4,5,4
"58919",10,3,13,11
"58920",28,6,34,33
"58921",1,2,3,2
"58922",12,30,42,38
"58923",8,2,10,8
"58924",2,4,6,5
"58925",1,13,14,13
"58926",3,4,7,4
"58927",7,9,16,15
"58928",1,5,6,5
"58929",10,1,11,10
"58930",6,4,10,8
"58931",1,3,4,3
"58932",1,2,3,2
"58933",1,2,3,2
"58934",3,10,13,11
"58935",3,1,4,3
"58936",1,19,20,19
"58937",11,40,51,50
"58938",2,5,7,6
"58939",7,169,176,173
"58940",1,8,9,8
"58941",2,1,3,2
"58942",3,5,8,6
"58943",3,25,28,27
"58944",21,35,56,52
"58945",1,4,5,4
"58946",22,12,34,33
"58947",3,6,9,8
"58948",1,3,4,3
"58949",16,29,45,43
"58950",1,4,5,4
"58951",3,4,7,4
"58952",5,29,34,31
"58953",5,35,40,35
"58954",3,5,8,5
"58955",1,7,8,7
"58956",2,7,9,7
"58957",2,55,57,55
"58958",2,4,6,4
"58959",5,6,11,9
"58960",3,8,11,9
"58961",8,34,42,39
"58962",2,2,4,3
"58963",10,8,18,17
"58964",1,16,17,16
"58965",1,1,2,1
"58966",4,5,9,8
"58967",3,56,59,58
"58968",4,1,5,4
"58969",1,1,2,1
"58970",3,1,4,3
"58971",1,25,26,25
"58972",4,2,6,5
"58973",2,18,20,19
"58974",4,2,6,5
"58975",6,29,35,31
"58976",4,10,14,13
"58977",13,1,14,13
"58978",4,21,25,23
"58979",1,3,4,3
"58980",4,2,6,4
"58981",3,52,55,54
"58982",14,1,15,14
"58983",22,176,198,186
"58984",5,1,6,5
"58985",3,16,19,17
"58986",1,5,6,5
"58987",1,5,6,5
"58988",2,1,3,2
"58989",1,18,19,18
"58990",7,5,12,10
"58991",5,9,14,13
"58992",3,5,8,7
"58993",4,13,17,15
"58994",10,19,29,25
"58995",13,15,28,27
"58996",15,15,30,29
"58997",1,14,15,14
"58998",3,4,7,6
"58999",22,1,23,22
"59000",3,13,16,15
"59001",2,1,3,2
"59002",2,15,17,16
"59003",4,19,23,22
"59004",4,5,9,7
"59005",2,7,9,7
"59006",1,7,8,7
"59007",18,17,35,32
"59008",20,169,189,182
"59009",7,7,14,13
"59010",1,18,19,18
"59011",4,22,26,25
"59012",2,13,15,13
"59013",5,27,32,29
"59014",3,15,18,17
"59015",1,1,2,1
"59016",5,17,22,20
"59017",3,3,6,4
"59018",1,7,8,7
"59019",1,1,2,1
"59020",4,9,13,11
"59021",1,12,13,12
"59022",1,1,2,1
"59023",2,1,3,2
"59024",3,11,14,12
"59025",1,3,4,3
"59026",20,13,33,30
"59027",11,2,13,11
"59028",3,2,5,4
"59029",1,16,17,16
"59030",1,2,3,2
"59031",1,4,5,4
"59032",2,1,3,2
"59033",1,3,4,3
"59034",5,1,6,5
"59035",9,3,12,9
"59036",7,11,18,15
"59037",1,1,2,1
"59038",9,40,49,48
"59039",12,6,18,16
"59040",3,12,15,14
"59041",1,6,7,6
"59042",2,4,6,4
"59043",5,1,6,5
"59044",6,1,7,6
"59045",1,5,6,5
"59046",2,2,4,3
"59047",7,4,11,8
"59048",3,16,19,18
"59049",4,52,56,53
"59050",9,54,63,58
"59051",2,12,14,12
"59052",15,46,61,59
"59053",2,2,4,3
"59054",5,5,10,9
"59055",1,15,16,15
"59056",1,3,4,3
"59057",32,4,36,35
"59058",1,1,2,1
"59059",2,8,10,9
"59060",1,13,14,13
"59061",169,13,182,173
"59062",2,8,10,8
"59063",1,9,10,9
"59064",3,2,5,4
"59065",13,40,53,49
"59066",4,10,14,13
"59067",1,5,6,5
"59068",1,22,23,22
"59069",1,8,9,8
"59070",11,37,48,41
"59071",3,2,5,4
"59072",4,3,7,6
"59073",4,25,29,27
"59074",3,20,23,22
"59075",5,56,61,60
"59076",5,2,7,6
"59077",8,10,18,16
"59078",32,25,57,54
"59079",7,4,11,10
"59080",3,3,6,5
"59081",4,4,8,4
"59082",2,1,3,2
"59083",3,4,7,6
"59084",6,4,10,7
"59085",13,2,15,13
"59086",1,2,3,2
"59087",17,56,73,68
"59088",11,1,12,11
"59089",11,27,38,37
"59090",1,3,4,3
"59091",8,9,17,16
"59092",8,17,25,24
"59093",1,7,8,7
"59094",4,9,13,12
"59095",1,42,43,42
"59096",4,10,14,12
"59097",4,1,5,4
"59098",1,13,14,13
"59099",4,3,7,4
"59100",17,5,22,19
"59101",1,4,5,4
"59102",5,19,24,22
"59103",2,3,5,3
"59104",28,12,40,31
"59105",1,2,3,2
"59106",3,2,5,4
"59107",9,5,14,10
"59108",4,2,6,5
"59109",2,12,14,13
"59110",2,13,15,14
"59111",7,4,11,10
"59112",2,4,6,4
"59113",1,2,3,2
"59114",1,6,7,6
"59115",18,36,54,47
"59116",1,29,30,29
"59117",1,3,4,3
"59118",9,3,12,9
"59119",4,3,7,4
"59120",1,1,2,1
"59121",2,44,46,44
"59122",1,5,6,5
"59123",1,1,2,1
"59124",2,5,7,5
"59125",1,5,6,5
"59126",3,23,26,23
"59127",6,29,35,31
"59128",2,6,8,6
"59129",2,40,42,40
"59130",2,4,6,4
"59131",4,1,5,4
"59132",5,17,22,18
"59133",1,6,7,6
"59134",3,5,8,5
"59135",5,1,6,5
"59136",17,1,18,17
"59137",8,5,13,12
"59138",2,2,4,2
"59139",1,1,2,1
"59140",1,1,2,1
"59141",5,3,8,7
"59142",4,26,30,29
"59143",12,8,20,15
"59144",1,1,2,1
"59145",2,52,54,52
"59146",2,20,22,20
"59147",17,4,21,20
"59148",4,4,8,7
"59149",3,3,6,5
"59150",1,31,32,31
"59151",2,55,57,55
"59152",1,7,8,7
"59153",56,38,94,90
"59154",1,2,3,2
"59155",1,20,21,20
"59156",4,2,6,5
"59157",3,2,5,4
"59158",3,1,4,3
"59159",1,14,15,14
"59160",7,14,21,19
"59161",43,8,51,50
"59162",2,1,3,2
"59163",16,2,18,16
"59164",3,45,48,47
"59165",25,3,28,26
"59166",6,2,8,7
"59167",3,35,38,37
"59168",2,15,17,15
"59169",2,10,12,11
"59170",6,30,36,33
"59171",3,19,22,20
"59172",1,20,21,20
"59173",8,46,54,53
"59174",7,2,9,7
"59175",2,1,3,2
"59176",1,21,22,21
"59177",1,2,3,2
"59178",10,35,45,35
"59179",3,25,28,27
"59180",3,17,20,19
"59181",1,2,3,2
"59182",16,4,20,17
"59183",1,52,53,52
"59184",5,13,18,14
"59185",9,17,26,22
"59186",16,8,24,23
"59187",6,12,18,16
"59188",2,21,23,21
"59189",4,34,38,36
"59190",1,2,3,2
"59191",2,2,4,2
"59192",8,5,13,11
"59193",1,7,8,7
"59194",1,14,15,14
"59195",7,7,14,10
"59196",1,3,4,3
"59197",1,14,15,14
"59198",1,55,56,55
"59199",1,1,2,1
"59200",1,10,11,10
"59201",2,1,3,2
"59202",3,5,8,5
"59203",2,7,9,8
"59204",7,9,16,14
"59205",3,1,4,3
"59206",20,18,38,37
"59207",4,1,5,4
"59208",6,4,10,8
"59209",2,2,4,2
"59210",5,11,16,15
"59211",2,3,5,4
"59212",35,1,36,35
"59213",6,8,14,13
"59214",2,1,3,2
"59215",3,7,10,9
"59216",2,40,42,40
"59217",4,4,8,6
"59218",1,8,9,8
"59219",1,2,3,2
"59220",3,2,5,3
"59221",7,9,16,12
"59222",8,4,12,11
"59223",2,25,27,26
"59224",2,16,18,17
"59225",2,4,6,5
"59226",7,8,15,13
"59227",2,5,7,6
"59228",1,17,18,17
"59229",3,2,5,4
"59230",11,1,12,11
"59231",2,5,7,5
"59232",1,6,7,6
"59233",28,1,29,28
"59234",7,13,20,19
"59235",2,25,27,26
"59236",2,2,4,2
"59237",6,15,21,18
"59238",2,3,5,3
"59239",3,3,6,5
"59240",60,55,115,111
"59241",1,3,4,3
"59242",5,1,6,5
"59243",1,1,2,1
"59244",11,38,49,48
"59245",2,3,5,3
"59246",2,2,4,3
"59247",1,1,2,1
"59248",1,1,2,1
"59249",1,8,9,8
"59250",1,5,6,5
"59251",4,19,23,22
"59252",1,36,37,36
"59253",5,8,13,12
"59254",3,5,8,5
"59255",3,4,7,6
"59256",1,14,15,14
"59257",4,2,6,5
"59258",1,4,5,4
"59259",1,2,3,2
"59260",3,2,5,4
"59261",3,1,4,3
"59262",20,169,189,182
"59263",3,2,5,3
"59264",5,2,7,5
"59265",1,2,3,2
"59266",3,1,4,3
"59267",1,10,11,10
"59268",1,1,2,1
"59269",16,12,28,27
"59270",9,5,14,10
"59271",1,12,13,12
"59272",1,12,13,12
"59273",11,7,18,17
"59274",3,5,8,5
"59275",1,1,2,1
"59276",1,2,3,2
"59277",1,6,7,6
"59278",7,2,9,8
"59279",3,6,9,8
"59280",1,11,12,11
"59281",5,5,10,9
"59282",2,16,18,16
"59283",5,17,22,18
"59284",2,3,5,4
"59285",5,12,17,13
"59286",6,1,7,6
"59287",3,3,6,5
"59288",4,5,9,8
"59289",13,169,182,173
"59290",1,16,17,16
"59291",6,13,19,16
"59292",1,45,46,45
"59293",2,2,4,3
"59294",4,8,12,10
"59295",8,7,15,12
"59296",3,15,18,16
"59297",5,2,7,5
"59298",2,5,7,5
"59299",1,4,5,4
"59300",3,3,6,4
"59301",1,55,56,55
"59302",4,2,6,5
"59303",5,6,11,7
"59304",16,18,34,33
"59305",2,10,12,11
"59306",6,30,36,33
"59307",1,1,2,1
"59308",3,4,7,5
"59309",1,1,2,1
"59310",5,6,11,10
"59311",2,1,3,2
"59312",4,3,7,6
"59313",2,2,4,2
"59314",8,8,16,15
"59315",7,16,23,22
"59316",11,16,27,24
"59317",6,14,20,19
"59318",2,14,16,14
"59319",1,1,2,1
"59320",1,52,53,52
"59321",15,4,19,18
"59322",5,9,14,13
"59323",1,1,2,1
"59324",2,9,11,10
"59325",2,4,6,5
"59326",4,5,9,5
"59327",2,31,33,32
"59328",15,17,32,30
"59329",6,13,19,16
"59330",8,1,9,8
"59331",4,35,39,37
"59332",2,10,12,10
"59333",1,2,3,2
"59334",6,2,8,6
"59335",4,16,20,18
"59336",1,16,17,16
"59337",4,16,20,16
"59338",2,8,10,9
"59339",1,7,8,7
"59340",2,8,10,8
"59341",5,14,19,16
"59342",4,3,7,6
"59343",9,3,12,11
"59344",13,4,17,16
"59345",22,1,23,22
"59346",1,12,13,12
"59347",1,7,8,7
"59348",15,45,60,55
"59349",12,26,38,31
"59350",1,5,6,5
"59351",9,4,13,11
"59352",3,9,12,9
"59353",3,15,18,16
"59354",1,12,13,12
"59355",5,8,13,12
"59356",10,6,16,14
"59357",5,1,6,5
"59358",23,38,61,58
"59359",31,40,71,67
"59360",1,2,3,2
"59361",3,13,16,13
"59362",1,8,9,8
"59363",2,45,47,46
"59364",2,3,5,3
"59365",3,21,24,22
"59366",2,176,178,176
"59367",61,12,73,71
"59368",1,5,6,5
"59369",2,1,3,2
"59370",1,10,11,10
"59371",1,20,21,20
"59372",4,2,6,5
"59373",7,3,10,9
"59374",4,4,8,7
"59375",3,12,15,12
"59376",11,37,48,41
"59377",1,1,2,1
"59378",2,6,8,6
"59379",1,2,3,2
"59380",1,2,3,2
"59381",1,176,177,176
"59382",3,13,16,15
"59383",2,8,10,9
"59384",4,6,10,8
"59385",2,10,12,11
"59386",7,1,8,7
"59387",18,17,35,32
"59388",1,10,11,10
"59389",2,15,17,15
"59390",11,11,22,21
"59391",4,2,6,5
"59392",2,3,5,4
"59393",1,1,2,1
"59394",6,7,13,11
"59395",6,56,62,61
"59396",2,176,178,176
"59397",3,4,7,6
"59398",3,18,21,19
"59399",1,1,2,1
"59400",5,11,16,11
"59401",2,54,56,54
"59402",4,6,10,9
"59403",3,3,6,5
"59404",6,43,49,47
"59405",10,1,11,10
"59406",1,3,4,3
"59407",3,15,18,17
"59408",9,54,63,58
"59409",8,3,11,9
"59410",1,6,7,6
"59411",10,27,37,33
"59412",3,23,26,24
"59413",2,1,3,2
"59414",3,5,8,6
"59415",3,6,9,8
"59416",1,1,2,1
"59417",1,14,15,14
"59418",6,2,8,7
"59419",5,34,39,34
"59420",56,38,94,90
"59421",6,11,17,14
"59422",4,4,8,7
"59423",2,18,20,18
"59424",5,4,9,7
"59425",5,2,7,6
"59426",12,26,38,31
"59427",13,1,14,13
"59428",7,7,14,12
"59429",1,1,2,1
"59430",10,10,20,10
"59431",2,17,19,18
"59432",3,45,48,47
"59433",17,33,50,48
"59434",1,25,26,25
"59435",19,31,50,49
"59436",21,21,42,21
"59437",2,13,15,13
"59438",4,9,13,11
"59439",24,35,59,54
"59440",24,35,59,54
"59441",2,1,3,2
"59442",7,10,17,16
"59443",4,3,7,6
"59444",2,7,9,8
"59445",1,8,9,8
"59446",2,2,4,2
"59447",2,15,17,15
"59448",5,2,7,5
"59449",7,3,10,9
"59450",7,2,9,8
"59451",2,20,22,20
"59452",2,2,4,2
"59453",3,37,40,37
"59454",6,6,12,11
"59455",8,13,21,20
"59456",7,2,9,8
"59457",1,6,7,6
"59458",14,1,15,14
"59459",2,35,37,35
"59460",3,21,24,21
"59461",6,2,8,6
"59462",3,1,4,3
"59463",3,3,6,5
"59464",4,1,5,4
"59465",2,9,11,10
"59466",2,8,10,8
"59467",9,1,10,9
"59468",2,1,3,2
"59469",1,6,7,6
"59470",2,1,3,2
"59471",3,5,8,5
"59472",3,1,4,3
"59473",2,7,9,7
"59474",10,5,15,13
"59475",2,5,7,6
"59476",10,35,45,35
"59477",2,10,12,11
"59478",1,7,8,7
"59479",1,6,7,6
"59480",1,19,20,19
"59481",4,1,5,4
"59482",2,4,6,5
"59483",35,8,43,36
"59484",18,17,35,32
"59485",15,1,16,15
"59486",5,1,6,5
"59487",4,27,31,29
"59488",1,19,20,19
"59489",5,36,41,39
"59490",2,15,17,16
"59491",4,35,39,37
"59492",1,1,2,1
"59493",1,44,45,44
"59494",3,54,57,56
"59495",1,21,22,21
"59496",2,5,7,6
"59497",3,34,37,34
"59498",3,8,11,10
"59499",2,29,31,30
"59500",1,34,35,34
"59501",10,1,11,10
"59502",2,25,27,26
"59503",3,5,8,5
"59504",3,45,48,46
"59505",20,169,189,184
"59506",1,34,35,34
"59507",1,1,2,1
"59508",2,52,54,52
"59509",3,5,8,6
"59510",4,15,19,15
"59511",1,4,5,4
"59512",16,14,30,27
"59513",16,32,48,47
"59514",6,27,33,32
"59515",3,1,4,3
"59516",15,37,52,48
"59517",5,12,17,15
"59518",7,13,20,18
"59519",9,17,26,25
"59520",4,25,29,28
"59521",2,55,57,55
"59522",3,17,20,18
"59523",1,35,36,35
"59524",1,38,39,38
"59525",1,6,7,6
"59526",4,1,5,4
"59527",3,6,9,8
"59528",18,10,28,27
"59529",17,5,22,21
"59530",5,11,16,11
"59531",18,3,21,20
"59532",25,11,36,35
"59533",9,10,19,15
"59534",1,25,26,25
"59535",12,8,20,18
"59536",6,2,8,7
"59537",2,14,16,15
"59538",1,1,2,1
"59539",3,10,13,12
"59540",1,6,7,6
"59541",2,10,12,10
"59542",1,17,18,17
"59543",2,5,7,6
"59544",7,13,20,18
"59545",1,5,6,5
"59546",2,1,3,2
"59547",1,3,4,3
"59548",2,5,7,6
"59549",11,37,48,41
"59550",6,18,24,23
"59551",7,31,38,37
"59552",3,9,12,11
"59553",9,56,65,64
"59554",1,1,2,1
"59555",3,3,6,5
"59556",2,2,4,3
"59557",2,29,31,30
"59558",6,28,34,31
"59559",32,5,37,36
"59560",32,32,64,32
"59561",5,4,9,8
"59562",18,1,19,18
"59563",1,32,33,32
"59564",1,5,6,5
"59565",7,2,9,7
"59566",1,29,30,29
"59567",14,2,16,15
"59568",2,2,4,3
"59569",11,1,12,11
"59570",1,15,16,15
"59571",6,2,8,7
"59572",5,14,19,18
"59573",7,1,8,7
"59574",1,15,16,15
"59575",1,3,4,3
"59576",3,5,8,6
"59577",12,10,22,21
"59578",16,8,24,23
"59579",1,9,10,9
"59580",1,4,5,4
"59581",1,10,11,10
"59582",7,2,9,7
"59583",3,6,9,7
"59584",1,1,2,1
"59585",1,18,19,18
"59586",3,5,8,7
"59587",1,1,2,1
"59588",1,3,4,3
"59589",2,2,4,3
"59590",5,1,6,5
"59591",3,21,24,23
"59592",1,5,6,5
"59593",5,1,6,5
"59594",5,3,8,6
"59595",3,4,7,6
"59596",10,3,13,11
"59597",1,8,9,8
"59598",1,1,2,1
"59599",2,5,7,6
"59600",1,23,24,23
"59601",1,1,2,1
"59602",3,17,20,18
"59603",1,18,19,18
"59604",8,20,28,25
"59605",6,176,182,179
"59606",3,25,28,27
"59607",6,30,36,33
"59608",1,9,10,9
"59609",2,6,8,7
"59610",1,3,4,3
"59611",1,9,10,9
"59612",3,2,5,4
"59613",56,9,65,64
"59614",13,3,16,15
"59615",4,3,7,6
"59616",3,14,17,14
"59617",1,1,2,1
"59618",1,6,7,6
"59619",3,21,24,22
"59620",4,28,32,31
"59621",5,1,6,5
"59622",14,4,18,17
"59623",4,11,15,13
"59624",13,32,45,39
"59625",2,10,12,11
"59626",61,9,70,67
"59627",14,28,42,41
"59628",8,16,24,22
"59629",1,8,9,8
"59630",3,26,29,28
"59631",13,2,15,14
"59632",6,15,21,16
"59633",2,1,3,2
"59634",20,169,189,184
"59635",3,2,5,4
"59636",7,9,16,15
"59637",1,1,2,1
"59638",1,1,2,1
"59639",7,14,21,17
"59640",1,31,32,31
"59641",16,16,32,29
"59642",2,26,28,26
"59643",23,2,25,24
"59644",3,4,7,4
"59645",3,3,6,3
"59646",1,7,8,7
"59647",7,2,9,8
"59648",11,8,19,18
"59649",1,3,4,3
"59650",2,1,3,2
"59651",1,14,15,14
"59652",1,56,57,56
"59653",1,1,2,1
"59654",35,17,52,48
"59655",3,9,12,11
"59656",6,6,12,6
"59657",2,14,16,15
"59658",2,56,58,56
"59659",11,11,22,11
"59660",10,9,19,15
"59661",2,56,58,57
"59662",1,1,2,1
"59663",3,56,59,57
"59664",38,23,61,58
"59665",12,176,188,185
"59666",39,15,54,53
"59667",12,37,49,44
"59668",5,5,10,5
"59669",5,12,17,13
"59670",17,13,30,24
"59671",1,1,2,1
"59672",3,2,5,4
"59673",1,10,11,10
"59674",2,1,3,2
"59675",2,18,20,18
"59676",5,3,8,7
"59677",2,1,3,2
"59678",11,23,34,32
"59679",16,8,24,23
"59680",1,17,18,17
"59681",5,4,9,8
"59682",2,1,3,2
"59683",1,1,2,1
"59684",12,8,20,15
"59685",1,1,2,1
"59686",3,1,4,3
"59687",2,3,5,4
"59688",13,19,32,31
"59689",2,9,11,10
"59690",2,6,8,6
"59691",7,2,9,7
"59692",3,13,16,15
"59693",5,1,6,5
"59694",9,8,17,16
"59695",15,7,22,21
"59696",1,6,7,6
"59697",1,5,6,5
"59698",1,4,5,4
"59699",3,12,15,14
"59700",2,2,4,3
"59701",8,10,18,17
"59702",23,37,60,57
"59703",1,14,15,14
"59704",35,15,50,49
"59705",10,35,45,43
"59706",2,12,14,13
"59707",1,2,3,2
"59708",4,8,12,11
"59709",2,4,6,5
"59710",7,2,9,8
"59711",4,1,5,4
"59712",17,15,32,30
"59713",3,11,14,12
"59714",2,2,4,3
"59715",2,29,31,30
"59716",3,10,13,12
"59717",1,5,6,5
"59718",2,6,8,6
"59719",5,1,6,5
"59720",9,36,45,43
"59721",5,3,8,5
"59722",14,14,28,27
"59723",2,11,13,12
"59724",3,1,4,3
"59725",2,6,8,6
"59726",6,2,8,7
"59727",10,1,11,10
"59728",1,17,18,17
"59729",3,9,12,10
"59730",2,5,7,6
"59731",8,3,11,9
"59732",2,3,5,4
"59733",5,6,11,8
"59734",3,16,19,18
"59735",11,5,16,14
"59736",7,13,20,18
"59737",3,1,4,3
"59738",6,3,9,8
"59739",14,2,16,15
"59740",2,7,9,7
"59741",9,1,10,9
"59742",1,7,8,7
"59743",1,5,6,5
"59744",1,3,4,3
"59745",13,2,15,14
"59746",5,1,6,5
"59747",4,176,180,176
"59748",3,13,16,15
"59749",4,176,180,176
"59750",2,17,19,18
"59751",3,9,12,11
"59752",7,20,27,24
"59753",3,12,15,14
"59754",2,15,17,16
"59755",8,11,19,17
"59756",12,6,18,17
"59757",20,6,26,24
"59758",8,7,15,14
"59759",1,1,2,1
"59760",13,8,21,20
"59761",4,3,7,4
"59762",4,16,20,18
"59763",1,3,4,3
"59764",9,1,10,9
"59765",6,29,35,31
"59766",4,5,9,7
"59767",1,1,2,1
"59768",2,1,3,2
"59769",1,31,32,31
"59770",1,1,2,1
"59771",1,10,11,10
"59772",10,2,12,10
"59773",2,14,16,14
"59774",1,2,3,2
"59775",1,1,2,1
"59776",2,6,8,7
"59777",15,8,23,20
"59778",1,1,2,1
"59779",6,4,10,9
"59780",1,11,12,11
"59781",8,9,17,16
"59782",1,9,10,9
"59783",3,4,7,6
"59784",18,1,19,18
"59785",1,28,29,28
"59786",1,1,2,1
"59787",1,52,53,52
"59788",1,12,13,12
"59789",1,5,6,5
"59790",2,9,11,10
"59791",3,2,5,4
"59792",1,5,6,5
"59793",4,4,8,4
"59794",1,2,3,2
"59795",5,11,16,14
"59796",2,15,17,16
"59797",13,169,182,173
"59798",1,4,5,4
"59799",1,1,2,1
"59800",2,5,7,5
"59801",169,20,189,182
"59802",2,6,8,7
"59803",4,6,10,9
"59804",1,18,19,18
"59805",1,4,5,4
"59806",8,16,24,23
"59807",12,18,30,24
"59808",1,7,8,7
"59809",6,7,13,11
"59810",6,15,21,20
"59811",5,1,6,5
"59812",3,18,21,19
"59813",12,3,15,14
"59814",16,4,20,19
"59815",1,11,12,11
"59816",13,3,16,15
"59817",6,169,175,170
"59818",3,1,4,3
"59819",3,6,9,8
"59820",7,17,24,23
"59821",1,2,3,2
"59822",1,1,2,1
"59823",10,1,11,10
"59824",18,1,19,18
"59825",1,56,57,56
"59826",1,44,45,44
"59827",18,8,26,25
"59828",7,10,17,16
"59829",1,6,7,6
"59830",9,8,17,16
"59831",8,3,11,9
"59832",3,23,26,23
"59833",1,1,2,1
"59834",9,1,10,9
"59835",2,54,56,55
"59836",7,1,8,7
"59837",6,31,37,36
"59838",13,17,30,29
"59839",1,3,4,3
"59840",4,35,39,37
"59841",8,3,11,9
"59842",2,14,16,15
"59843",6,45,51,50
"59844",10,35,45,35
"59845",2,5,7,5
"59846",2,26,28,27
"59847",2,13,15,13
"59848",3,24,27,26
"59849",1,2,3,2
"59850",7,7,14,7
"59851",15,28,43,42
"59852",38,15,53,52
"59853",8,7,15,14
"59854",3,5,8,7
"59855",28,10,38,36
"59856",2,17,19,18
"59857",4,1,5,4
"59858",11,37,48,41
"59859",2,1,3,2
"59860",22,16,38,37
"59861",12,1,13,12
"59862",1,5,6,5
"59863",8,29,37,36
"59864",1,21,22,21
"59865",6,13,19,18
"59866",1,13,14,13
"59867",2,5,7,6
"59868",1,6,7,6
"59869",2,56,58,56
"59870",3,6,9,8
"59871",1,2,3,2
"59872",25,9,34,33
"59873",20,169,189,182
"59874",2,10,12,11
"59875",1,2,3,2
"59876",3,23,26,24
"59877",1,45,46,45
"59878",5,37,42,41
"59879",7,37,44,43
"59880",1,1,2,1
"59881",2,6,8,7
"59882",10,35,45,35
"59883",5,6,11,7
"59884",9,6,15,14
"59885",10,9,19,18
"59886",12,16,28,26
"59887",14,3,17,16
"59888",7,55,62,58
"59889",1,37,38,37
"59890",19,4,23,22
"59891",3,9,12,11
"59892",2,15,17,15
"59893",1,2,3,2
"59894",3,1,4,3
"59895",4,13,17,15
"59896",4,2,6,4
"59897",1,10,11,10
"59898",3,14,17,15
"59899",9,5,14,11
"59900",1,30,31,30
"59901",2,55,57,55
"59902",14,2,16,14
"59903",17,1,18,17
"59904",3,1,4,3
"59905",4,1,5,4
"59906",1,4,5,4
"59907",1,2,3,2
"59908",7,1,8,7
"59909",8,15,23,22
"59910",3,2,5,4
"59911",1,1,2,1
"59912",10,1,11,10
"59913",2,6,8,6
"59914",1,1,2,1
"59915",3,26,29,26
"59916",1,1,2,1
"59917",2,15,17,15
"59918",3,4,7,6
"59919",7,2,9,7
"59920",169,20,189,182
"59921",1,3,4,3
"59922",1,1,2,1
"59923",9,10,19,18
"59924",4,5,9,7
"59925",2,3,5,4
"59926",3,4,7,6
"59927",3,37,40,37
"59928",1,2,3,2
"59929",8,25,33,31
"59930",5,35,40,39
"59931",3,3,6,5
"59932",1,1,2,1
"59933",12,1,13,12
"59934",1,4,5,4
"59935",2,2,4,2
"59936",2,2,4,2
"59937",1,6,7,6
"59938",2,4,6,5
"59939",3,2,5,4
"59940",2,1,3,2
"59941",15,37,52,48
"59942",2,15,17,16
"59943",3,10,13,12
"59944",13,13,26,13
"59945",3,1,4,3
"59946",1,7,8,7
"59947",3,31,34,32
"59948",2,1,3,2
"59949",3,1,4,3
"59950",2,2,4,2
"59951",4,25,29,26
"59952",2,1,3,2
"59953",5,2,7,5
"59954",1,1,2,1
"59955",6,36,42,41
"59956",2,2,4,2
"59957",4,11,15,14
"59958",37,3,40,39
"59959",3,7,10,9
"59960",1,1,2,1
"59961",9,169,178,177
"59962",1,3,4,3
"59963",5,29,34,31
"59964",6,56,62,57
"59965",10,35,45,35
"59966",7,18,25,24
"59967",3,28,31,29
"59968",3,11,14,13
"59969",1,14,15,14
"59970",22,176,198,186
"59971",7,1,8,7
"59972",4,27,31,28
"59973",4,8,12,11
"59974",1,4,5,4
"59975",1,26,27,26
"59976",7,9,16,10
"59977",2,17,19,17
"59978",25,28,53,50
"59979",3,23,26,25
"59980",12,46,58,57
"59981",4,4,8,7
"59982",4,17,21,20
"59983",1,3,4,3
"59984",1,5,6,5
"59985",13,1,14,13
"59986",1,3,4,3
"59987",10,12,22,21
"59988",5,6,11,9
"59989",1,3,4,3
"59990",2,5,7,6
"59991",2,20,22,21
"59992",1,1,2,1
"59993",1,1,2,1
"59994",4,9,13,11
"59995",4,8,12,9
"59996",6,12,18,16
"59997",2,5,7,5
"59998",9,2,11,10
"59999",7,7,14,7
"60000",2,25,27,26
"60001",10,169,179,175
"60002",10,169,179,175
"60003",11,2,13,12
"60004",4,46,50,48
"60005",1,1,2,1
"60006",2,6,8,7
"60007",6,176,182,181
"60008",2,15,17,15
"60009",24,9,33,30
"60010",13,1,14,13
"60011",5,1,6,5
"60012",28,30,58,57
"60013",13,1,14,13
"60014",4,5,9,8
"60015",10,23,33,31
"60016",10,3,13,12
"60017",4,1,5,4
"60018",3,6,9,7
"60019",1,1,2,1
"60020",9,2,11,9
"60021",1,4,5,4
"60022",1,2,3,2
"60023",1,2,3,2
"60024",2,21,23,22
"60025",6,14,20,14
"60026",8,2,10,9
"60027",1,1,2,1
"60028",35,5,40,38
"60029",28,6,34,33
"60030",6,2,8,7
"60031",2,10,12,11
"60032",4,8,12,9
"60033",1,23,24,23
"60034",15,2,17,15
"60035",35,8,43,36
"60036",1,11,12,11
"60037",5,11,16,15
"60038",56,38,94,90
"60039",12,7,19,16
"60040",2,5,7,6
"60041",10,13,23,21
"60042",3,31,34,33
"60043",3,35,38,37
"60044",30,40,70,68
"60045",7,4,11,8
"60046",4,1,5,4
"60047",6,1,7,6
"60048",5,4,9,8
"60049",4,3,7,6
"60050",1,3,4,3
"60051",1,1,2,1
"60052",1,3,4,3
"60053",3,5,8,5
"60054",1,1,2,1
"60055",2,1,3,2
"60056",6,12,18,17
"60057",1,18,19,18
"60058",4,14,18,17
"60059",6,1,7,6
"60060",2,23,25,24
"60061",17,35,52,48
"60062",6,1,7,6
"60063",2,7,9,8
"60064",1,36,37,36
"60065",15,55,70,64
"60066",17,15,32,30
"60067",3,10,13,12
"60068",6,4,10,6
"60069",3,3,6,5
"60070",5,3,8,7
"60071",1,10,11,10
"60072",6,3,9,7
"60073",15,15,30,15
"60074",2,7,9,8
"60075",25,28,53,50
"60076",14,2,16,15
"60077",1,38,39,38
"60078",1,3,4,3
"60079",1,1,2,1
"60080",4,29,33,31
"60081",1,1,2,1
"60082",6,38,44,43
"60083",2,54,56,54
"60084",2,2,4,2
"60085",1,44,45,44
"60086",2,5,7,6
"60087",1,10,11,10
"60088",12,18,30,24
"60089",20,6,26,24
"60090",22,5,27,26
"60091",1,5,6,5
"60092",1,3,4,3
"60093",4,1,5,4
"60094",1,11,12,11
"60095",7,1,8,7
"60096",1,1,2,1
"60097",5,20,25,20
"60098",1,9,10,9
"60099",3,26,29,28
"60100",2,1,3,2
"60101",19,25,44,43
"60102",1,6,7,6
"60103",1,2,3,2
"60104",13,2,15,14
"60105",5,9,14,11
"60106",8,4,12,11
"60107",10,169,179,175
"60108",1,12,13,12
"60109",3,11,14,13
"60110",1,35,36,35
"60111",1,12,13,12
"60112",8,30,38,37
"60113",2,11,13,12
"60114",3,21,24,23
"60115",18,1,19,18
"60116",14,32,46,43
"60117",1,1,2,1
"60118",7,1,8,7
"60119",1,7,8,7
"60120",1,37,38,37
"60121",2,10,12,10
"60122",5,2,7,6
"60123",1,1,2,1
"60124",6,1,7,6
"60125",1,1,2,1
"60126",6,16,22,17
"60127",8,23,31,29
"60128",1,14,15,14
"60129",2,176,178,177
"60130",12,26,38,31
"60131",5,44,49,47
"60132",2,17,19,17
"60133",15,9,24,23
"60134",3,9,12,10
"60135",1,3,4,3
"60136",2,1,3,2
"60137",1,2,3,2
"60138",8,2,10,8
"60139",1,9,10,9
"60140",1,23,24,23
"60141",7,1,8,7
"60142",1,1,2,1
"60143",3,28,31,29
"60144",9,20,29,26
"60145",15,20,35,34
"60146",7,1,8,7
"60147",1,10,11,10
"60148",4,18,22,21
"60149",25,45,70,69
"60150",4,1,5,4
"60151",3,2,5,4
"60152",5,1,6,5
"60153",11,8,19,18
"60154",12,9,21,19
"60155",11,24,35,34
"60156",2,1,3,2
"60157",3,10,13,11
"60158",3,13,16,14
"60159",17,8,25,23
"60160",3,2,5,4
"60161",1,5,6,5
"60162",13,24,37,32
"60163",6,3,9,7
"60164",15,8,23,20
"60165",6,35,41,39
"60166",2,13,15,13
"60167",1,17,18,17
"60168",37,27,64,60
"60169",8,4,12,10
"60170",2,1,3,2
"60171",1,10,11,10
"60172",3,169,172,170
"60173",5,3,8,5
"60174",1,1,2,1
"60175",1,4,5,4
"60176",1,1,2,1
"60177",15,15,30,28
"60178",5,25,30,28
"60179",4,38,42,39
"60180",2,2,4,3
"60181",2,10,12,11
"60182",12,15,27,26
"60183",9,22,31,30
"60184",2,11,13,12
"60185",7,5,12,10
"60186",3,45,48,45
"60187",2,35,37,36
"60188",1,2,3,2
"60189",3,7,10,9
"60190",9,4,13,12
"60191",3,176,179,176
"60192",11,16,27,25
"60193",1,1,2,1
"60194",2,9,11,9
"60195",2,44,46,45
"60196",2,17,19,17
"60197",7,169,176,173
"60198",9,10,19,15
"60199",13,25,38,36
"60200",4,5,9,8
"60201",4,4,8,4
"60202",1,42,43,42
"60203",4,1,5,4
"60204",1,7,8,7
"60205",6,14,20,16
"60206",4,1,5,4
"60207",1,2,3,2
"60208",4,1,5,4
"60209",2,2,4,2
"60210",1,1,2,1
"60211",2,10,12,10
"60212",5,7,12,10
"60213",35,7,42,41
"60214",6,10,16,15
"60215",2,12,14,13
"60216",3,169,172,170
"60217",9,30,39,37
"60218",6,1,7,6
"60219",21,38,59,57
"60220",5,11,16,14
"60221",1,25,26,25
"60222",22,176,198,186
"60223",12,37,49,44
"60224",2,52,54,53
"60225",3,3,6,5
"60226",3,1,4,3
"60227",30,5,35,32
"60228",7,16,23,21
"60229",1,6,7,6
"60230",4,4,8,7
"60231",17,33,50,48
"60232",2,1,3,2
"60233",1,1,2,1
"60234",2,14,16,14
"60235",10,1,11,10
"60236",37,37,74,37
"60237",3,10,13,12
"60238",5,4,9,8
"60239",1,40,41,40
"60240",2,1,3,2
"60241",1,28,29,28
"60242",4,13,17,15
"60243",5,14,19,16
"60244",6,29,35,31
"60245",3,9,12,10
"60246",1,12,13,12
"60247",16,3,19,18
"60248",1,1,2,1
"60249",1,16,17,16
"60250",1,46,47,46
"60251",7,33,40,39
"60252",9,16,25,17
"60253",8,5,13,12
"60254",5,8,13,11
"60255",8,34,42,41
"60256",7,169,176,173
"60257",6,22,28,25
"60258",6,3,9,7
"60259",1,15,16,15
"60260",8,19,27,26
"60261",3,12,15,14
"60262",13,6,19,17
"60263",6,1,7,6
"60264",5,4,9,8
"60265",2,1,3,2
"60266",10,3,13,12
"60267",2,5,7,5
"60268",1,11,12,11
"60269",1,40,41,40
"60270",18,2,20,19
"60271",2,2,4,2
"60272",2,7,9,7
"60273",1,2,3,2
"60274",19,19,38,37
"60275",5,12,17,15
"60276",1,7,8,7
"60277",1,3,4,3
"60278",2,9,11,9
"60279",25,2,27,26
"60280",14,39,53,52
"60281",1,1,2,1
"60282",3,18,21,19
"60283",3,52,55,53
"60284",3,19,22,21
"60285",5,6,11,10
"60286",5,6,11,7
"60287",169,19,188,178
"60288",169,19,188,178
"60289",169,169,338,169
"60290",6,8,14,13
"60291",2,1,3,2
"60292",2,12,14,13
"60293",11,23,34,32
"60294",4,10,14,12
"60295",1,5,6,5
"60296",7,1,8,7
"60297",2,12,14,13
"60298",1,31,32,31
"60299",2,10,12,11
"60300",1,11,12,11
"60301",4,5,9,8
"60302",18,3,21,20
"60303",17,1,18,17
"60304",5,1,6,5
"60305",1,10,11,10
"60306",3,1,4,3
"60307",4,8,12,9
"60308",13,1,14,13
"60309",1,2,3,2
"60310",5,37,42,40
"60311",2,1,3,2
"60312",6,9,15,14
"60313",35,1,36,35
"60314",32,25,57,54
"60315",3,1,4,3
"60316",11,12,23,22
"60317",1,11,12,11
"60318",12,37,49,44
"60319",4,37,41,40
"60320",1,3,4,3
"60321",2,27,29,28
"60322",16,2,18,17
"60323",8,3,11,10
"60324",10,9,19,17
"60325",1,30,31,30
"60326",4,3,7,6
"60327",13,32,45,39
"60328",4,2,6,5
"60329",16,21,37,35
"60330",23,12,35,33
"60331",23,12,35,33
"60332",18,12,30,28
"60333",4,5,9,7
"60334",1,2,3,2
"60335",9,23,32,27
"60336",4,37,41,38
"60337",1,2,3,2
"60338",1,2,3,2
"60339",1,1,2,1
"60340",3,2,5,4
"60341",4,16,20,16
"60342",15,7,22,21
"60343",7,7,14,12
"60344",2,52,54,53
"60345",14,1,15,14
"60346",35,8,43,36
"60347",1,3,4,3
"60348",35,8,43,36
"60349",22,7,29,28
"60350",22,13,35,34
"60351",4,40,44,42
"60352",4,40,44,42
"60353",4,1,5,4
"60354",3,176,179,177
"60355",1,10,11,10
"60356",1,2,3,2
"60357",1,52,53,52
"60358",1,18,19,18
"60359",3,14,17,15
"60360",15,12,27,25
"60361",2,52,54,53
"60362",2,52,54,53
"60363",7,9,16,10
"60364",13,17,30,22
"60365",13,2,15,14
"60366",4,3,7,6
"60367",7,10,17,16
"60368",18,12,30,28
"60369",1,16,17,16
"60370",2,13,15,13
"60371",2,1,3,2
"60372",6,11,17,14
"60373",15,8,23,20
"60374",5,6,11,7
"60375",4,2,6,5
"60376",1,2,3,2
"60377",56,38,94,90
"60378",4,38,42,41
"60379",1,2,3,2
"60380",18,8,26,24
"60381",10,46,56,54
"60382",7,5,12,11
"60383",5,7,12,10
"60384",1,8,9,8
"60385",1,14,15,14
"60386",2,13,15,13
"60387",5,5,10,8
"60388",2,169,171,170
"60389",3,10,13,12
"60390",8,2,10,9
"60391",1,2,3,2
"60392",15,37,52,48
"60393",16,37,53,52
"60394",3,11,14,12
"60395",10,5,15,13
"60396",3,13,16,15
"60397",4,2,6,5
"60398",3,1,4,3
"60399",1,2,3,2
"60400",2,1,3,2
"60401",1,1,2,1
"60402",8,6,14,13
"60403",2,44,46,44
"60404",3,1,4,3
"60405",18,36,54,47
"60406",16,2,18,16
"60407",18,4,22,21
"60408",1,4,5,4
"60409",3,14,17,14
"60410",1,5,6,5
"60411",1,39,40,39
"60412",3,2,5,4
"60413",3,9,12,9
"60414",1,3,4,3
"60415",8,37,45,43
"60416",18,29,47,46
"60417",2,1,3,2
"60418",2,1,3,2
"60419",38,15,53,49
"60420",24,35,59,54
"60421",20,37,57,54
"60422",1,18,19,18
"60423",4,15,19,17
"60424",23,37,60,57
"60425",2,2,4,3
"60426",5,20,25,20
"60427",1,30,31,30
"60428",3,3,6,3
"60429",5,3,8,7
"60430",2,7,9,7
"60431",6,6,12,10
"60432",1,18,19,18
"60433",3,2,5,4
"60434",4,1,5,4
"60435",20,20,40,35
"60436",3,3,6,4
"60437",5,2,7,5
"60438",1,6,7,6
"60439",5,1,6,5
"60440",16,2,18,17
"60441",8,1,9,8
"60442",23,27,50,47
"60443",2,14,16,14
"60444",13,5,18,13
"60445",61,9,70,67
"60446",1,8,9,8
"60447",24,5,29,27
"60448",1,43,44,43
"60449",1,26,27,26
"60450",4,2,6,4
"60451",7,32,39,38
"60452",9,9,18,17
"60453",2,4,6,4
"60454",9,7,16,13
"60455",7,45,52,49
"60456",1,4,5,4
"60457",5,9,14,13
"60458",1,52,53,52
"60459",1,5,6,5
"60460",1,15,16,15
"60461",3,14,17,16
"60462",18,36,54,47
"60463",1,1,2,1
"60464",7,1,8,7
"60465",8,1,9,8
"60466",1,4,5,4
"60467",10,169,179,175
"60468",3,3,6,5
"60469",42,6,48,47
"60470",7,9,16,14
"60471",11,14,25,24
"60472",5,9,14,13
"60473",2,3,5,4
"60474",2,14,16,14
"60475",13,10,23,21
"60476",3,1,4,3
"60477",16,3,19,18
"60478",4,4,8,7
"60479",40,14,54,52
"60480",1,46,47,46
"60481",8,6,14,13
"60482",17,45,62,61
"60483",3,3,6,5
"60484",2,9,11,9
"60485",3,5,8,7
"60486",22,5,27,25
"60487",1,35,36,35
"60488",4,38,42,39
"60489",7,20,27,24
"60490",1,5,6,5
"60491",4,32,36,35
"60492",4,7,11,8
"60493",4,7,11,8
"60494",11,1,12,11
"60495",1,6,7,6
"60496",7,1,8,7
"60497",24,5,29,27
"60498",1,16,17,16
"60499",2,2,4,3
"60500",5,5,10,8
"60501",1,5,6,5
"60502",23,16,39,38
"60503",15,17,32,31
"60504",3,10,13,11
"60505",11,30,41,39
"60506",1,37,38,37
"60507",2,1,3,2
"60508",5,1,6,5
"60509",5,3,8,7
"60510",7,6,13,12
"60511",1,25,26,25
"60512",2,17,19,17
"60513",18,7,25,24
"60514",2,8,10,9
"60515",17,5,22,20
"60516",1,14,15,14
"60517",16,2,18,17
"60518",26,1,27,26
"60519",4,19,23,22
"60520",1,4,5,4
"60521",8,15,23,22
"60522",19,14,33,32
"60523",1,3,4,3
"60524",13,17,30,22
"60525",4,38,42,39
"60526",22,5,27,25
"60527",14,31,45,44
"60528",1,12,13,12
"60529",14,1,15,14
"60530",37,27,64,60
"60531",2,2,4,2
"60532",6,17,23,20
"60533",1,1,2,1
"60534",1,26,27,26
"60535",5,3,8,7
"60536",2,9,11,9
"60537",2,8,10,8
"60538",1,1,2,1
"60539",8,45,53,52
"60540",1,31,32,31
"60541",2,24,26,25
"60542",2,1,3,2
"60543",2,2,4,2
"60544",3,5,8,7
"60545",1,4,5,4
"60546",2,3,5,4
"60547",3,1,4,3
"60548",4,4,8,4
"60549",6,56,62,60
"60550",4,4,8,4
"60551",14,42,56,54
"60552",56,45,101,99
"60553",5,5,10,5
"60554",6,6,12,6
"60555",2,3,5,4
"60556",5,5,10,5
"60557",3,3,6,3
"60558",3,56,59,57
"60559",1,3,4,3
"60560",27,23,50,47
"60561",13,13,26,13
"60562",3,3,6,3
"60563",4,4,8,7
"60564",14,3,17,15
"60565",23,45,68,67
"60566",4,4,8,4
"60567",45,3,48,45
"60568",16,9,25,17
"60569",2,4,6,5
"60570",4,16,20,16
"60571",7,1,8,7
"60572",4,9,13,12
"60573",4,13,17,15
"60574",3,176,179,176
"60575",9,14,23,22
"60576",23,9,32,27
"60577",1,1,2,1
"60578",2,5,7,6
"60579",3,176,179,178
"60580",5,2,7,5
"60581",2,36,38,36
"60582",8,1,9,8
"60583",20,2,22,21
"60584",1,3,4,3
"60585",35,3,38,36
"60586",1,23,24,23
"60587",11,12,23,22
"60588",3,8,11,10
"60589",13,169,182,180
"60590",3,37,40,39
"60591",10,2,12,10
"60592",6,16,22,20
"60593",14,6,20,19
"60594",5,6,11,10
"60595",3,9,12,11
"60596",1,9,10,9
"60597",1,2,3,2
"60598",4,15,19,18
"60599",2,20,22,21
"60600",3,14,17,16
"60601",9,1,10,9
"60602",18,1,19,18
"60603",1,1,2,1
"60604",13,169,182,180
"60605",12,2,14,13
"60606",1,12,13,12
"60607",1,1,2,1
"60608",1,8,9,8
"60609",8,4,12,11
"60610",2,10,12,11
"60611",9,11,20,19
"60612",1,16,17,16
"60613",1,4,5,4
"60614",9,38,47,46
"60615",1,2,3,2
"60616",5,1,6,5
"60617",2,3,5,4
"60618",3,52,55,53
"60619",3,45,48,45
"60620",1,45,46,45
"60621",1,4,5,4
"60622",16,17,33,29
"60623",2,4,6,5
"60624",31,8,39,37
"60625",1,9,10,9
"60626",32,25,57,54
"60627",7,4,11,8
"60628",1,1,2,1
"60629",1,4,5,4
"60630",6,13,19,18
"60631",9,16,25,17
"60632",1,2,3,2
"60633",1,30,31,30
"60634",1,17,18,17
"60635",4,52,56,53
"60636",3,5,8,6
"60637",1,1,2,1
"60638",1,15,16,15
"60639",10,14,24,22
"60640",10,2,12,10
"60641",45,1,46,45
"60642",6,14,20,16
"60643",1,8,9,8
"60644",2,2,4,2
"60645",1,9,10,9
"60646",1,18,19,18
"60647",3,1,4,3
"60648",2,1,3,2
"60649",1,10,11,10
"60650",18,43,61,59
"60651",4,46,50,49
"60652",5,1,6,5
"60653",2,12,14,13
"60654",2,3,5,4
"60655",1,2,3,2
"60656",4,37,41,38
"60657",2,10,12,11
"60658",56,45,101,99
"60659",3,176,179,177
"60660",8,2,10,8
"60661",28,7,35,34
"60662",16,1,17,16
"60663",10,9,19,17
"60664",1,12,13,12
"60665",4,5,9,7
"60666",10,43,53,50
"60667",1,3,4,3
"60668",1,1,2,1
"60669",20,20,40,35
"60670",38,15,53,49
"60671",1,12,13,12
"60672",24,4,28,26
"60673",2,39,41,40
"60674",2,11,13,12
"60675",6,17,23,20
"60676",1,2,3,2
"60677",1,14,15,14
"60678",15,15,30,28
"60679",9,9,18,17
"60680",11,6,17,16
"60681",16,9,25,17
"60682",14,10,24,23
"60683",1,17,18,17
"60684",54,45,99,98
"60685",1,52,53,52
"60686",9,40,49,47
"60687",1,3,4,3
"60688",14,23,37,35
"60689",2,1,3,2
"60690",1,2,3,2
"60691",16,40,56,55
"60692",5,5,10,9
"60693",6,176,182,179
"60694",1,12,13,12
"60695",11,45,56,55
"60696",2,3,5,4
"60697",18,15,33,32
"60698",1,3,4,3
"60699",1,1,2,1
"60700",10,3,13,11
"60701",3,1,4,3
"60702",6,31,37,36
"60703",3,1,4,3
"60704",1,10,11,10
"60705",35,1,36,35
"60706",25,176,201,195
"60707",2,1,3,2
"60708",9,176,185,181
"60709",13,5,18,17
"60710",4,5,9,7
"60711",1,1,2,1
"60712",169,12,181,178
"60713",2,18,20,18
"60714",2,17,19,18
"60715",8,23,31,30
"60716",7,25,32,30
"60717",18,43,61,59
"60718",20,2,22,21
"60719",1,10,11,10
"60720",4,1,5,4
"60721",2,40,42,41
"60722",4,24,28,26
"60723",1,46,47,46
"60724",5,2,7,5
"60725",12,26,38,31
"60726",3,11,14,11
"60727",4,1,5,4
"60728",8,37,45,43
"60729",7,5,12,10
"60730",169,14,183,181
"60731",3,5,8,6
"60732",12,1,13,12
"60733",2,37,39,38
"60734",2,1,3,2
"60735",36,36,72,36
"60736",1,3,4,3
"60737",24,9,33,30
"60738",18,1,19,18
"60739",2,55,57,55
"60740",5,2,7,6
"60741",1,8,9,8
"60742",2,7,9,7
"60743",4,18,22,21
"60744",7,45,52,49
"60745",1,1,2,1
"60746",15,37,52,48
"60747",6,12,18,17
"60748",15,15,30,29
"60749",4,15,19,18
"60750",6,39,45,44
"60751",2,8,10,9
"60752",2,3,5,4
"60753",7,6,13,12
"60754",13,169,182,173
"60755",4,15,19,18
"60756",5,45,50,47
"60757",1,2,3,2
"60758",6,1,7,6
"60759",1,43,44,43
"60760",1,1,2,1
"60761",5,1,6,5
"60762",7,7,14,7
"60763",1,17,18,17
"60764",19,169,188,178
"60765",2,2,4,2
"60766",2,7,9,7
"60767",15,17,32,31
"60768",8,15,23,19
"60769",10,4,14,13
"60770",1,13,14,13
"60771",6,1,7,6
"60772",16,9,25,24
"60773",4,5,9,7
"60774",8,4,12,9
"60775",2,7,9,7
"60776",1,2,3,2
"60777",25,35,60,59
"60778",9,7,16,13
"60779",20,20,40,35
"60780",2,17,19,18
"60781",1,46,47,46
"60782",1,7,8,7
"60783",4,9,13,12
"60784",44,5,49,48
"60785",7,1,8,7
"60786",1,3,4,3
"60787",3,169,172,171
"60788",7,52,59,58
"60789",9,1,10,9
"60790",1,18,19,18
"60791",1,17,18,17
"60792",16,2,18,17
"60793",4,4,8,7
"60794",176,1,177,176
"60795",30,5,35,32
"60796",2,31,33,32
"60797",4,1,5,4
"60798",1,176,177,176
"60799",7,11,18,15
"60800",17,1,18,17
"60801",2,2,4,3
"60802",3,5,8,6
"60803",17,8,25,24
"60804",1,16,17,16
"60805",12,3,15,14
"60806",1,2,3,2
"60807",5,5,10,5
"60808",9,7,16,13
"60809",1,37,38,37
"60810",9,23,32,27
"60811",15,45,60,55
"60812",1,1,2,1
"60813",11,13,24,23
"60814",12,3,15,14
"60815",5,14,19,18
"60816",5,5,10,8
"60817",8,2,10,9
"60818",8,23,31,30
"60819",7,40,47,45
"60820",5,11,16,15
"60821",13,24,37,32
"60822",3,3,6,5
"60823",1,1,2,1
"60824",13,10,23,22
"60825",1,45,46,45
"60826",4,9,13,12
"60827",31,176,207,204
"60828",8,2,10,9
"60829",36,46,82,81
"60830",1,1,2,1
"60831",4,18,22,21
"60832",2,4,6,4
"60833",52,1,53,52
"60834",1,1,2,1
"60835",6,6,12,10
"60836",169,28,197,196
"60837",5,6,11,10
"60838",1,15,16,15
"60839",1,2,3,2
"60840",5,16,21,19
"60841",169,10,179,176
"60842",8,1,9,8
"60843",1,52,53,52
"60844",9,2,11,10
"60845",4,8,12,10
"60846",2,40,42,40
"60847",2,17,19,17
"60848",2,14,16,15
"60849",13,17,30,29
"60850",2,2,4,2
"60851",3,15,18,16
"60852",2,10,12,10
"60853",16,3,19,18
"60854",2,6,8,7
"60855",1,5,6,5
"60856",2,2,4,2
"60857",20,2,22,21
"60858",2,5,7,6
"60859",1,1,2,1
"60860",6,6,12,11
"60861",3,176,179,176
"60862",2,1,3,2
"60863",3,38,41,39
"60864",3,25,28,27
"60865",1,1,2,1
"60866",54,7,61,60
"60867",3,7,10,9
"60868",1,9,10,9
"60869",45,9,54,51
"60870",36,32,68,66
"60871",12,169,181,178
"60872",7,14,21,17
"60873",7,7,14,13
"60874",5,45,50,47
"60875",35,7,42,40
"60876",1,176,177,176
"60877",8,16,24,23
"60878",15,55,70,64
"60879",1,6,7,6
"60880",7,16,23,21
"60881",19,169,188,178
"60882",16,38,54,53
"60883",1,14,15,14
"60884",1,9,10,9
"60885",5,12,17,13
"60886",3,1,4,3
"60887",3,169,172,169
"60888",2,12,14,13
"60889",1,5,6,5
"60890",10,11,21,20
"60891",2,10,12,11
"60892",2,14,16,15
"60893",1,37,38,37
"60894",9,20,29,26
"60895",1,1,2,1
"60896",3,45,48,45
"60897",1,17,18,17
"60898",18,18,36,18
"60899",1,6,7,6
"60900",2,2,4,3
"60901",20,29,49,48
"60902",2,23,25,24
"60903",1,3,4,3
"60904",4,2,6,4
"60905",1,10,11,10
"60906",2,16,18,17
"60907",3,3,6,5
"60908",1,176,177,176
"60909",3,2,5,4
"60910",6,5,11,10
"60911",28,16,44,43
"60912",36,28,64,62
"60913",1,25,26,25
"60914",9,32,41,40
"60915",1,1,2,1
"60916",10,14,24,22
"60917",4,5,9,7
"60918",2,14,16,15
"60919",1,3,4,3
"60920",12,9,21,20
"60921",2,39,41,40
"60922",1,12,13,12
"60923",1,2,3,2
"60924",1,3,4,3
"60925",4,15,19,17
"60926",1,1,2,1
"60927",4,2,6,5
"60928",1,2,3,2
"60929",4,7,11,10
"60930",1,1,2,1
"60931",1,3,4,3
"60932",1,45,46,45
"60933",3,2,5,3
"60934",13,5,18,17
"60935",2,37,39,38
"60936",8,12,20,19
"60937",15,8,23,19
"60938",1,1,2,1
"60939",2,7,9,8
"60940",13,4,17,16
"60941",16,17,33,32
"60942",6,6,12,11
"60943",2,24,26,25
"60944",16,17,33,29
"60945",6,1,7,6
"60946",31,176,207,204
"60947",8,7,15,13
"60948",3,1,4,3
"60949",15,8,23,19
"60950",1,11,12,11
"60951",3,3,6,5
"60952",12,169,181,179
"60953",17,1,18,17
"60954",6,26,32,30
"60955",7,40,47,45
"60956",10,3,13,11
"60957",6,16,22,17
"60958",1,15,16,15
"60959",4,16,20,19
"60960",3,4,7,5
"60961",9,176,185,180
"60962",1,2,3,2
"60963",2,2,4,2
"60964",23,27,50,47
"60965",5,2,7,5
"60966",3,1,4,3
"60967",1,16,17,16
"60968",6,11,17,16
"60969",2,17,19,17
"60970",4,10,14,12
"60971",2,25,27,25
"60972",1,2,3,2
"60973",6,25,31,30
"60974",1,3,4,3
"60975",4,8,12,10
"60976",3,2,5,3
"60977",7,18,25,23
"60978",3,26,29,28
"60979",43,13,56,53
"60980",43,13,56,53
"60981",1,23,24,23
"60982",1,16,17,16
"60983",5,2,7,6
"60984",3,52,55,53
"60985",1,12,13,12
"60986",9,14,23,22
"60987",2,3,5,4
"60988",6,7,13,11
"60989",2,35,37,36
"60990",3,169,172,169
"60991",8,17,25,24
"60992",4,6,10,8
"60993",10,1,11,10
"60994",22,3,25,24
"60995",1,7,8,7
"60996",9,176,185,180
"60997",2,14,16,14
"60998",169,37,206,203
"60999",1,16,17,16
"61000",16,1,17,16
"61001",29,13,42,41
"61002",13,13,26,13
"61003",1,2,3,2
"61004",29,13,42,41
"61005",42,37,79,78
"61006",6,1,7,6
"61007",1,14,15,14
"61008",10,46,56,54
"61009",3,14,17,16
"61010",2,1,3,2
"61011",19,169,188,178
"61012",3,15,18,16
"61013",7,1,8,7
"61014",8,3,11,10
"61015",1,2,3,2
"61016",2,13,15,14
"61017",18,52,70,69
"61018",19,169,188,178
"61019",169,176,345,342
"61020",1,1,2,1
"61021",10,3,13,11
"61022",8,8,16,8
"61023",2,2,4,2
"61024",8,1,9,8
"61025",7,45,52,51
"61026",3,1,4,3
"61027",7,14,21,17
"61028",1,12,13,12
"61029",5,45,50,47
"61030",1,1,2,1
"61031",3,12,15,14
"61032",1,52,53,52
"61033",2,2,4,2
"61034",12,169,181,178
"61035",13,169,182,173
"61036",1,10,11,10
"61037",3,1,4,3
"61038",2,25,27,26
"61039",1,1,2,1
"61040",4,17,21,18
"61041",2,6,8,7
"61042",7,8,15,13
"61043",15,8,23,19
"61044",169,169,338,169
"61045",2,52,54,53
"61046",2,1,3,2
"61047",14,169,183,181
"61048",1,1,2,1
"61049",1,5,6,5
"61050",12,12,24,23
"61051",2,55,57,55
"61052",1,1,2,1
"61053",169,169,338,169
"61054",4,17,21,18
"61055",1,9,10,9
"61056",1,1,2,1
"61057",3,3,6,4
"61058",14,6,20,19
"61059",3,4,7,5
"61060",3,16,19,18
"61061",6,1,7,6
"61062",6,16,22,20
"61063",1,1,2,1
"61064",3,2,5,4
"61065",176,40,216,215
"61066",1,6,7,6
"61067",40,169,209,207
"61068",15,45,60,55
"61069",169,40,209,207
"61070",1,1,2,1
"61071",6,6,12,6
"61072",3,3,6,3
"61073",15,15,30,15
"61074",3,3,6,3
"61075",6,6,12,6
"61076",9,6,15,14
"61077",12,12,24,12
"61078",1,1,2,1
"61079",3,15,18,16
"61080",29,1,30,29
"61081",20,4,24,22
"61082",10,10,20,10
"61083",2,1,3,2
"61084",2,55,57,56
"61085",4,4,8,4
"61086",13,15,28,27
"61087",1,1,2,1
"61088",1,1,2,1
"61089",1,1,2,1
"61090",1,1,2,1
"61091",11,45,56,55
"61092",7,6,13,12
"61093",25,5,30,29
"61094",1,3,4,3
"61095",7,7,14,7
"61096",4,4,8,4
"61097",1,3,4,3
"61098",3,46,49,47
"61099",8,1,9,8
"61100",169,176,345,342
"61101",3,1,4,3
"61102",52,25,77,76
"61103",2,2,4,2
"61104",4,17,21,20
"61105",44,8,52,51
"61106",14,38,52,51
"61107",7,2,9,8
"61108",12,169,181,179
"61109",25,16,41,40
"61110",1,15,16,15
"61111",169,38,207,205
"61112",1,10,11,10
"61113",9,10,19,15
"61114",13,4,17,16
"61115",2,55,57,55
"61116",25,169,194,193
"61117",1,3,4,3
"61118",1,1,2,1
"61119",1,22,23,22
"61120",7,17,24,22
"61121",1,10,11,10
"61122",20,1,21,20
"61123",5,3,8,7
"61124",5,35,40,39
"61125",14,2,16,14
"61126",4,55,59,58
"61127",2,3,5,3
"61128",12,38,50,49
"61129",1,1,2,1
"61130",1,1,2,1
"61131",2,25,27,25
"61132",26,52,78,76
"61133",2,169,171,170
"61134",2,4,6,5
"61135",9,13,22,21
"61136",1,5,6,5
"61137",10,6,16,14
"61138",10,6,16,14
"61139",22,1,23,22
"61140",10,169,179,176
"61141",10,169,179,176
"61142",25,176,201,195
"61143",1,2,3,2
"61144",2,3,5,3
"61145",1,1,2,1
"61146",6,4,10,9
"61147",6,4,10,9
"61148",1,1,2,1
"61149",2,14,16,14
"61150",1,1,2,1
"61151",44,2,46,45
"61152",3,3,6,4
"61153",169,38,207,205
"61154",169,37,206,203
"61155",4,16,20,19
"61156",1,1,2,1
"61157",1,2,3,2
"61158",1,8,9,8
"61159",169,37,206,203
"61160",1,3,4,3
"61161",2,2,4,2
"61162",1,1,2,1
"61163",1,1,2,1
"61164",1,8,9,8
"61165",2,3,5,3
"61166",2,1,3,2
"61167",2,4,6,4
"61168",2,9,11,9
"61169",1,4,5,4
"61170",2,3,5,4
"61171",1,3,4,3
"61172",1,1,2,1
"61173",1,8,9,8
"61174",1,6,7,6
"61175",2,6,8,7
"61176",1,4,5,4
"61177",1,2,3,2
"61178",1,7,8,7
"61179",9,13,22,19
"61180",2,17,19,18
"61181",2,15,17,16
"61182",18,7,25,24
"61183",1,1,2,1
"61184",1,2,3,2
"61185",1,1,2,1
"61186",1,1,2,1
"61187",1,1,2,1
"61188",4,3,7,5
"61189",1,1,2,1
"61190",2,21,23,22
"61191",1,2,3,2
"61192",1,1,2,1
"61193",1,1,2,1
"61194",2,1,3,2
"61195",1,1,2,1
"61196",1,3,4,3
"61197",1,2,3,2
"61198",1,1,2,1
"61199",4,7,11,10
"61200",1,1,2,1
"61201",2,6,8,6
"61202",1,2,3,2
"61203",1,1,2,1
"61204",1,4,5,4
"61205",2,12,14,13
"61206",1,4,5,4
"61207",1,1,2,1
"61208",1,11,12,11
"61209",1,1,2,1
"61210",1,9,10,9
"61211",1,3,4,3
"61212",1,10,11,10
"61213",1,2,3,2
"61214",1,1,2,1
"61215",1,6,7,6
"61216",1,7,8,7
"61217",1,1,2,1
"61218",2,10,12,11
"61219",1,14,15,14
"61220",1,11,12,11
"61221",1,6,7,6
"61222",7,14,21,18
"61223",3,7,10,7
"61224",1,2,3,2
"61225",1,2,3,2
"61226",1,9,10,9
"61227",1,17,18,17
"61228",1,15,16,15
"61229",26,9,35,30
"61230",2,1,3,2
"61231",1,8,9,8
"61232",2,22,24,22
"61233",2,4,6,4
"61234",3,1,4,3
"61235",1,1,2,1
"61236",1,1,2,1
"61237",2,2,4,2
"61238",1,4,5,4
"61239",1,1,2,1
"61240",1,1,2,1
"61241",1,12,13,12
"61242",2,26,28,27
"61243",1,11,12,11
"61244",1,1,2,1
"61245",1,10,11,10
"61246",1,8,9,8
"61247",1,2,3,2
"61248",1,15,16,15
"61249",1,3,4,3
"61250",1,23,24,23
"61251",3,1,4,3
"61252",1,2,3,2
"61253",1,5,6,5
"61254",1,7,8,7
"61255",1,1,2,1
"61256",1,21,22,21
"61257",1,8,9,8
"61258",1,3,4,3
"61259",5,11,16,12
"61260",1,1,2,1
"61261",1,1,2,1
"61262",1,2,3,2
"61263",1,1,2,1
"61264",1,1,2,1
"61265",1,10,11,10
"61266",1,2,3,2
"61267",1,1,2,1
"61268",1,6,7,6
"61269",1,6,7,6
"61270",1,1,2,1
"61271",3,22,25,22
"61272",2,14,16,15
"61273",1,1,2,1
"61274",3,6,9,6
"61275",1,2,3,2
"61276",1,3,4,3
"61277",2,11,13,11
"61278",2,10,12,11
"61279",4,29,33,30
"61280",1,1,2,1
"61281",1,2,3,2
"61282",35,10,45,35
"61283",1,3,4,3
"61284",3,5,8,7
"61285",28,1,29,28
"61286",1,2,3,2
"61287",1,1,2,1
"61288",1,23,24,23
"61289",1,2,3,2
"61290",1,1,2,1
"61291",1,2,3,2
"61292",1,9,10,9
"61293",1,3,4,3
"61294",1,10,11,10
"61295",1,4,5,4
"61296",2,5,7,5
"61297",2,14,16,15
"61298",1,6,7,6
"61299",1,1,2,1
"61300",3,3,6,4
"61301",1,5,6,5
"61302",1,3,4,3
"61303",1,2,3,2
"61304",4,2,6,5
"61305",1,4,5,4
"61306",1,2,3,2
"61307",1,8,9,8
"61308",1,3,4,3
"61309",1,1,2,1
"61310",1,2,3,2
"61311",1,2,3,2
"61312",1,1,2,1
"61313",1,1,2,1
"61314",1,1,2,1
"61315",1,15,16,15
"61316",1,7,8,7
"61317",2,6,8,7
"61318",2,18,20,19
"61319",2,6,8,6
"61320",1,1,2,1
"61321",1,2,3,2
"61322",1,2,3,2
"61323",1,6,7,6
"61324",1,4,5,4
"61325",1,12,13,12
"61326",1,6,7,6
"61327",1,1,2,1
"61328",1,2,3,2
"61329",1,3,4,3
"61330",1,4,5,4
"61331",1,5,6,5
"61332",1,1,2,1
"61333",1,12,13,12
"61334",2,1,3,2
"61335",1,6,7,6
"61336",6,3,9,7
"61337",6,2,8,7
"61338",2,2,4,2
"61339",2,1,3,2
"61340",2,3,5,3
"61341",1,24,25,24
"61342",2,3,5,4
"61343",1,1,2,1
"61344",1,1,2,1
"61345",1,3,4,3
"61346",1,1,2,1
"61347",1,7,8,7
"61348",1,1,2,1
"61349",1,6,7,6
"61350",1,1,2,1
"61351",1,1,2,1
"61352",1,1,2,1
"61353",1,1,2,1
"61354",1,4,5,4
"61355",1,3,4,3
"61356",1,11,12,11
"61357",4,2,6,4
"61358",1,1,2,1
"61359",2,3,5,3
"61360",2,1,3,2
"61361",12,3,15,13
"61362",1,1,2,1
"61363",1,7,8,7
"61364",3,5,8,6
"61365",1,16,17,16
"61366",3,5,8,6
"61367",2,3,5,4
"61368",1,1,2,1
"61369",2,10,12,11
"61370",4,26,30,28
"61371",1,3,4,3
"61372",2,2,4,3
"61373",1,7,8,7
"61374",1,1,2,1
"61375",2,2,4,3
"61376",3,1,4,3
"61377",2,9,11,9
"61378",1,2,3,2
"61379",1,1,2,1
"61380",1,12,13,12
"61381",1,15,16,15
"61382",2,14,16,14
"61383",1,2,3,2
"61384",3,14,17,15
"61385",1,1,2,1
"61386",1,2,3,2
"61387",1,2,3,2
"61388",5,1,6,5
"61389",6,7,13,12
"61390",2,5,7,5
"61391",2,5,7,5
"61392",2,21,23,21
"61393",2,18,20,19
"61394",2,21,23,21
"61395",1,1,2,1
"61396",1,2,3,2
"61397",1,4,5,4
"61398",1,3,4,3
"61399",1,5,6,5
"61400",1,9,10,9
"61401",1,1,2,1
"61402",1,1,2,1
"61403",1,2,3,2
"61404",1,18,19,18
"61405",1,5,6,5
"61406",4,4,8,7
"61407",1,3,4,3
"61408",1,4,5,4
"61409",1,2,3,2
"61410",2,6,8,7
"61411",1,3,4,3
"61412",2,25,27,26
"61413",1,1,2,1
"61414",1,1,2,1
"61415",1,1,2,1
"61416",14,1,15,14
"61417",2,15,17,15
"61418",1,1,2,1
"61419",1,12,13,12
"61420",3,28,31,28
"61421",1,1,2,1
"61422",1,1,2,1
"61423",1,9,10,9
"61424",1,2,3,2
"61425",1,1,2,1
"61426",1,7,8,7
"61427",2,5,7,5
"61428",1,6,7,6
"61429",3,7,10,7
"61430",1,7,8,7
"61431",1,9,10,9
"61432",2,14,16,14
"61433",2,13,15,14
"61434",1,2,3,2
"61435",1,34,35,34
"61436",1,24,25,24
"61437",2,3,5,3
"61438",3,11,14,13
"61439",3,3,6,4
"61440",1,6,7,6
"61441",1,6,7,6
"61442",1,2,3,2
"61443",1,5,6,5
"61444",1,17,18,17
"61445",3,6,9,7
"61446",1,7,8,7
"61447",1,1,2,1
"61448",1,3,4,3
"61449",1,7,8,7
"61450",1,4,5,4
"61451",1,1,2,1
"61452",1,1,2,1
"61453",1,5,6,5
"61454",1,9,10,9
"61455",1,1,2,1
"61456",1,8,9,8
"61457",4,20,24,22
"61458",1,5,6,5
"61459",3,18,21,20
"61460",2,6,8,7
"61461",1,9,10,9
"61462",1,7,8,7
"61463",2,4,6,5
"61464",3,1,4,3
"61465",1,2,3,2
"61466",1,5,6,5
"61467",1,32,33,32
"61468",2,8,10,9
"61469",1,10,11,10
"61470",3,5,8,7
"61471",1,4,5,4
"61472",1,9,10,9
"61473",1,3,4,3
"61474",3,29,32,30
"61475",1,7,8,7
"61476",1,7,8,7
"61477",1,3,4,3
"61478",1,12,13,12
"61479",1,1,2,1
"61480",1,3,4,3
"61481",1,13,14,13
"61482",1,1,2,1
"61483",1,2,3,2
"61484",1,3,4,3
"61485",2,26,28,26
"61486",1,2,3,2
"61487",2,18,20,18
"61488",1,2,3,2
"61489",1,1,2,1
"61490",2,3,5,3
"61491",1,1,2,1
"61492",1,1,2,1
"61493",1,4,5,4
"61494",1,9,10,9
"61495",7,12,19,13
"61496",2,1,3,2
"61497",1,1,2,1
"61498",2,3,5,4
"61499",1,1,2,1
"61500",1,16,17,16
"61501",1,23,24,23
"61502",1,1,2,1
"61503",1,1,2,1
"61504",1,2,3,2
"61505",1,3,4,3
"61506",1,1,2,1
"61507",1,2,3,2
"61508",1,20,21,20
"61509",1,5,6,5
"61510",1,2,3,2
"61511",3,10,13,10
"61512",1,3,4,3
"61513",1,3,4,3
"61514",2,16,18,16
"61515",1,4,5,4
"61516",2,5,7,5
"61517",3,5,8,5
"61518",3,4,7,6
"61519",1,11,12,11
"61520",4,16,20,16
"61521",2,2,4,3
"61522",1,3,4,3
"61523",1,17,18,17
"61524",1,3,4,3
"61525",1,9,10,9
"61526",4,27,31,27
"61527",5,11,16,12
"61528",2,2,4,3
"61529",3,1,4,3
"61530",1,41,42,41
"61531",1,2,3,2
"61532",1,4,5,4
"61533",2,4,6,5
"61534",1,14,15,14
"61535",3,14,17,16
"61536",1,1,2,1
"61537",1,2,3,2
"61538",1,2,3,2
"61539",1,7,8,7
"61540",2,6,8,7
"61541",3,11,14,13
"61542",2,7,9,8
"61543",3,37,40,39
"61544",4,11,15,14
"61545",4,5,9,7
"61546",1,24,25,24
"61547",1,1,2,1
"61548",1,6,7,6
"61549",1,2,3,2
"61550",1,11,12,11
"61551",3,13,16,14
"61552",2,5,7,5
"61553",2,9,11,9
"61554",2,16,18,17
"61555",18,6,24,23
"61556",3,23,26,25
"61557",2,18,20,18
"61558",3,13,16,14
"61559",1,1,2,1
"61560",1,2,3,2
"61561",1,4,5,4
"61562",1,10,11,10
"61563",1,5,6,5
"61564",1,17,18,17
"61565",2,8,10,9
"61566",1,6,7,6
"61567",2,20,22,20
"61568",1,1,2,1
"61569",1,5,6,5
"61570",1,5,6,5
"61571",1,4,5,4
"61572",1,4,5,4
"61573",2,5,7,6
"61574",2,3,5,4
"61575",1,5,6,5
"61576",1,1,2,1
"61577",1,6,7,6
"61578",3,7,10,9
"61579",1,1,2,1
"61580",1,1,2,1
"61581",5,27,32,27
"61582",1,12,13,12
"61583",1,7,8,7
"61584",1,10,11,10
"61585",1,6,7,6
"61586",1,2,3,2
"61587",2,12,14,13
"61588",1,1,2,1
"61589",1,7,8,7
"61590",1,7,8,7
"61591",17,17,34,17
"61592",1,5,6,5
"61593",1,3,4,3
"61594",1,5,6,5
"61595",1,1,2,1
"61596",2,2,4,3
"61597",1,6,7,6
"61598",2,4,6,5
"61599",1,6,7,6
"61600",1,7,8,7
"61601",1,1,2,1
"61602",1,6,7,6
"61603",1,6,7,6
"61604",1,7,8,7
"61605",3,2,5,3
"61606",5,4,9,5
"61607",1,20,21,20
"61608",1,6,7,6
"61609",1,12,13,12
"61610",1,18,19,18
"61611",4,20,24,21
"61612",1,6,7,6
"61613",1,2,3,2
"61614",1,1,2,1
"61615",2,41,43,41
"61616",1,38,39,38
"61617",3,9,12,9
"61618",1,13,14,13
"61619",1,1,2,1
"61620",1,5,6,5
"61621",1,4,5,4
"61622",1,1,2,1
"61623",1,12,13,12
"61624",2,6,8,6
"61625",5,18,23,19
"61626",2,3,5,4
"61627",1,1,2,1
"61628",5,19,24,21
"61629",4,14,18,15
"61630",1,16,17,16
"61631",2,11,13,12
"61632",2,9,11,10
"61633",2,4,6,4
"61634",1,4,5,4
"61635",1,3,4,3
"61636",1,4,5,4
"61637",1,7,8,7
"61638",6,17,23,20
"61639",1,12,13,12
"61640",1,5,6,5
"61641",2,25,27,26
"61642",2,10,12,11
"61643",5,4,9,5
"61644",3,6,9,8
"61645",1,6,7,6
"61646",5,10,15,12
"61647",1,25,26,25
"61648",2,15,17,15
"61649",3,12,15,13
"61650",1,4,5,4
"61651",1,19,20,19
"61652",1,18,19,18
"61653",2,1,3,2
"61654",2,31,33,31
"61655",1,176,177,176
"61656",1,3,4,3
"61657",14,14,28,14
"61658",2,3,5,3
"61659",1,8,9,8
"61660",1,8,9,8
"61661",1,8,9,8
"61662",2,8,10,8
"61663",1,3,4,3
"61664",1,8,9,8
"61665",1,9,10,9
"61666",1,4,5,4
"61667",1,18,19,18
"61668",7,18,25,24
"61669",2,39,41,40
"61670",1,18,19,18
"61671",2,2,4,3
"61672",1,3,4,3
"61673",4,35,39,35
"61674",1,18,19,18
"61675",5,16,21,17
"61676",4,15,19,15
"61677",1,7,8,7
"61678",1,18,19,18
"61679",1,18,19,18
"61680",1,1,2,1
"61681",1,32,33,32
"61682",1,1,2,1
"61683",1,8,9,8
"61684",1,1,2,1
"61685",2,23,25,23
"61686",5,30,35,34
"61687",1,2,3,2
"61688",4,8,12,8
"61689",1,5,6,5
"61690",2,2,4,2
"61691",1,24,25,24
"61692",1,6,7,6
"61693",1,4,5,4
"61694",1,3,4,3
"61695",2,16,18,17
"61696",1,7,8,7
"61697",2,15,17,15
"61698",2,14,16,14
"61699",1,1,2,1
"61700",2,9,11,9
"61701",1,1,2,1
"61702",1,2,3,2
"61703",1,4,5,4
"61704",1,1,2,1
"61705",8,4,12,10
"61706",2,2,4,2
"61707",3,3,6,3
"61708",1,4,5,4
"61709",1,7,8,7
"61710",1,3,4,3
"61711",1,1,2,1
"61712",2,6,8,7
"61713",1,8,9,8
"61714",1,18,19,18
"61715",1,15,16,15
"61716",1,5,6,5
"61717",1,36,37,36
"61718",1,9,10,9
"61719",12,3,15,14
"61720",2,9,11,10
"61721",1,7,8,7
"61722",1,3,4,3
"61723",4,1,5,4
"61724",15,3,18,15
"61725",1,4,5,4
"61726",1,8,9,8
"61727",1,4,5,4
"61728",1,1,2,1
"61729",1,9,10,9
"61730",1,4,5,4
"61731",1,13,14,13
"61732",1,31,32,31
"61733",3,3,6,3
"61734",2,1,3,2
"61735",1,27,28,27
"61736",1,4,5,4
"61737",1,22,23,22
"61738",1,3,4,3
"61739",1,1,2,1
"61740",1,7,8,7
"61741",3,1,4,3
"61742",1,14,15,14
"61743",1,4,5,4
"61744",2,6,8,6
"61745",1,4,5,4
"61746",2,1,3,2
"61747",1,3,4,3
"61748",1,6,7,6
"61749",2,25,27,25
"61750",3,10,13,12
"61751",1,2,3,2
"61752",2,21,23,21
"61753",1,2,3,2
"61754",1,1,2,1
"61755",1,2,3,2
"61756",1,10,11,10
"61757",2,8,10,8
"61758",3,11,14,12
"61759",2,13,15,14
"61760",1,1,2,1
"61761",1,7,8,7
"61762",2,4,6,4
"61763",1,8,9,8
"61764",2,25,27,25
"61765",1,14,15,14
"61766",1,1,2,1
"61767",2,12,14,12
"61768",1,2,3,2
"61769",2,6,8,7
"61770",2,4,6,5
"61771",2,8,10,9
"61772",1,5,6,5
"61773",1,7,8,7
"61774",1,2,3,2
"61775",1,4,5,4
"61776",1,32,33,32
"61777",12,4,16,15
"61778",1,13,14,13
"61779",1,6,7,6
"61780",1,8,9,8
"61781",1,33,34,33
"61782",1,6,7,6
"61783",1,3,4,3
"61784",2,5,7,5
"61785",1,3,4,3
"61786",1,1,2,1
"61787",1,6,7,6
"61788",1,2,3,2
"61789",1,3,4,3
"61790",5,18,23,22
"61791",1,3,4,3
"61792",2,8,10,9
"61793",7,3,10,9
"61794",3,8,11,9
"61795",2,2,4,3
"61796",8,3,11,9
"61797",1,5,6,5
"61798",1,4,5,4
"61799",1,8,9,8
"61800",1,2,3,2
"61801",1,20,21,20
"61802",1,12,13,12
"61803",1,3,4,3
"61804",1,4,5,4
"61805",1,4,5,4
"61806",1,3,4,3
"61807",1,1,2,1
"61808",1,6,7,6
"61809",5,18,23,21
"61810",1,2,3,2
"61811",1,4,5,4
"61812",1,5,6,5
"61813",1,31,32,31
"61814",1,2,3,2
"61815",1,17,18,17
"61816",1,20,21,20
"61817",1,2,3,2
"61818",2,3,5,4
"61819",1,1,2,1
"61820",3,5,8,5
"61821",1,4,5,4
"61822",7,8,15,8
"61823",1,24,25,24
"61824",1,4,5,4
"61825",3,5,8,6
"61826",1,13,14,13
"61827",2,12,14,12
"61828",2,11,13,11
"61829",2,4,6,5
"61830",3,5,8,7
"61831",1,4,5,4
"61832",2,4,6,4
"61833",1,3,4,3
"61834",1,12,13,12
"61835",1,4,5,4
"61836",2,2,4,3
"61837",1,14,15,14
"61838",1,27,28,27
"61839",1,1,2,1
"61840",1,7,8,7
"61841",5,176,181,178
"61842",1,21,22,21
"61843",1,3,4,3
"61844",4,2,6,5
"61845",3,6,9,6
"61846",1,7,8,7
"61847",1,3,4,3
"61848",1,3,4,3
"61849",1,8,9,8
"61850",1,1,2,1
"61851",1,9,10,9
"61852",2,10,12,10
"61853",1,1,2,1
"61854",1,32,33,32
"61855",1,15,16,15
"61856",3,3,6,3
"61857",1,10,11,10
"61858",1,3,4,3
"61859",1,5,6,5
"61860",1,7,8,7
"61861",1,10,11,10
"61862",1,4,5,4
"61863",1,6,7,6
"61864",1,4,5,4
"61865",1,14,15,14
"61866",3,34,37,36
"61867",3,5,8,7
"61868",1,5,6,5
"61869",2,3,5,4
"61870",2,21,23,21
"61871",1,2,3,2
"61872",2,1,3,2
"61873",1,3,4,3
"61874",3,12,15,13
"61875",1,47,48,47
"61876",1,1,2,1
"61877",1,27,28,27
"61878",2,2,4,3
"61879",1,3,4,3
"61880",2,35,37,35
"61881",2,11,13,11
"61882",1,3,4,3
"61883",1,26,27,26
"61884",2,5,7,5
"61885",1,6,7,6
"61886",2,21,23,22
"61887",4,1,5,4
"61888",2,6,8,7
"61889",1,6,7,6
"61890",1,5,6,5
"61891",8,37,45,43
"61892",1,5,6,5
"61893",1,7,8,7
"61894",3,9,12,9
"61895",1,24,25,24
"61896",1,6,7,6
"61897",3,4,7,4
"61898",1,5,6,5
"61899",1,4,5,4
"61900",1,5,6,5
"61901",1,3,4,3
"61902",1,3,4,3
"61903",2,8,10,8
"61904",1,3,4,3
"61905",3,1,4,3
"61906",1,4,5,4
"61907",1,12,13,12
"61908",1,25,26,25
"61909",1,7,8,7
"61910",1,3,4,3
"61911",1,17,18,17
"61912",1,7,8,7
"61913",1,6,7,6
"61914",1,15,16,15
"61915",1,12,13,12
"61916",1,3,4,3
"61917",1,11,12,11
"61918",1,21,22,21
"61919",1,1,2,1
"61920",1,6,7,6
"61921",1,6,7,6
"61922",3,35,38,35
"61923",1,4,5,4
"61924",1,2,3,2
"61925",3,9,12,10
"61926",5,9,14,9
"61927",3,7,10,8
"61928",1,6,7,6
"61929",1,4,5,4
"61930",5,1,6,5
"61931",1,2,3,2
"61932",8,42,50,49
"61933",1,6,7,6
"61934",5,1,6,5
"61935",1,5,6,5
"61936",1,5,6,5
"61937",1,14,15,14
"61938",3,7,10,8
"61939",1,1,2,1
"61940",1,13,14,13
"61941",1,1,2,1
"61942",1,7,8,7
"61943",1,16,17,16
"61944",1,7,8,7
"61945",4,4,8,7
"61946",1,6,7,6
"61947",1,30,31,30
"61948",1,1,2,1
"61949",1,7,8,7
"61950",3,4,7,5
"61951",1,5,6,5
"61952",1,5,6,5
"61953",1,9,10,9
"61954",1,1,2,1
"61955",1,5,6,5
"61956",8,9,17,14
"61957",1,1,2,1
"61958",4,21,25,21
"61959",1,1,2,1
"61960",1,2,3,2
"61961",1,24,25,24
"61962",1,6,7,6
"61963",1,6,7,6
"61964",1,6,7,6
"61965",1,9,10,9
"61966",1,6,7,6
"61967",2,4,6,5
"61968",1,1,2,1
"61969",1,1,2,1
"61970",1,10,11,10
"61971",2,9,11,9
"61972",1,5,6,5
"61973",2,11,13,11
"61974",1,1,2,1
"61975",2,81,83,82
"61976",3,11,14,12
"61977",3,2,5,4
"61978",3,7,10,8
"61979",1,7,8,7
"61980",3,14,17,14
"61981",1,4,5,4
"61982",1,4,5,4
"61983",1,6,7,6
"61984",1,5,6,5
"61985",2,2,4,2
"61986",2,8,10,8
"61987",1,11,12,11
"61988",1,2,3,2
"61989",1,1,2,1
"61990",1,3,4,3
"61991",1,8,9,8
"61992",1,3,4,3
"61993",1,1,2,1
"61994",2,7,9,7
"61995",2,28,30,28
"61996",2,1,3,2
"61997",1,2,3,2
"61998",2,8,10,8
"61999",1,6,7,6
"62000",1,3,4,3
"62001",1,4,5,4
"62002",4,6,10,7
"62003",1,2,3,2
"62004",1,12,13,12
"62005",1,19,20,19
"62006",1,1,2,1
"62007",1,11,12,11
"62008",3,8,11,9
"62009",1,7,8,7
"62010",2,7,9,7
"62011",1,11,12,11
"62012",1,13,14,13
"62013",1,5,6,5
"62014",2,5,7,6
"62015",1,3,4,3
"62016",1,2,3,2
"62017",1,6,7,6
"62018",1,5,6,5
"62019",1,6,7,6
"62020",2,36,38,37
"62021",1,2,3,2
"62022",2,7,9,7
"62023",1,1,2,1
"62024",1,8,9,8
"62025",1,5,6,5
"62026",1,1,2,1
"62027",2,5,7,6
"62028",1,6,7,6
"62029",3,7,10,9
"62030",5,3,8,7
"62031",1,2,3,2
"62032",1,1,2,1
"62033",1,16,17,16
"62034",1,32,33,32
"62035",1,2,3,2
"62036",1,7,8,7
"62037",2,6,8,6
"62038",2,11,13,11
"62039",1,12,13,12
"62040",5,18,23,22
"62041",3,9,12,9
"62042",1,11,12,11
"62043",1,35,36,35
"62044",1,7,8,7
"62045",1,15,16,15
"62046",2,2,4,3
"62047",1,3,4,3
"62048",2,1,3,2
"62049",3,26,29,27
"62050",1,4,5,4
"62051",1,26,27,26
"62052",3,4,7,6
"62053",1,5,6,5
"62054",1,6,7,6
"62055",1,1,2,1
"62056",1,8,9,8
"62057",1,27,28,27
"62058",1,10,11,10
"62059",2,7,9,7
"62060",6,4,10,9
"62061",1,3,4,3
"62062",2,4,6,4
"62063",1,1,2,1
"62064",2,23,25,24
"62065",1,5,6,5
"62066",2,4,6,4
"62067",1,9,10,9
"62068",1,2,3,2
"62069",1,6,7,6
"62070",2,4,6,5
"62071",2,20,22,20
"62072",1,7,8,7
"62073",1,1,2,1
"62074",1,26,27,26
"62075",1,2,3,2
"62076",1,3,4,3
"62077",1,3,4,3
"62078",1,3,4,3
"62079",1,5,6,5
"62080",2,4,6,4
"62081",1,7,8,7
"62082",2,9,11,10
"62083",1,1,2,1
"62084",2,5,7,5
"62085",1,12,13,12
"62086",1,3,4,3
"62087",1,19,20,19
"62088",2,31,33,31
"62089",1,3,4,3
"62090",2,26,28,26
"62091",2,9,11,9
"62092",1,6,7,6
"62093",1,3,4,3
"62094",1,4,5,4
"62095",2,5,7,5
"62096",1,1,2,1
"62097",2,3,5,3
"62098",1,12,13,12
"62099",2,21,23,22
"62100",2,8,10,8
"62101",1,1,2,1
"62102",1,4,5,4
"62103",1,4,5,4
"62104",1,21,22,21
"62105",3,4,7,4
"62106",1,20,21,20
"62107",1,8,9,8
"62108",1,6,7,6
"62109",1,6,7,6
"62110",1,7,8,7
"62111",2,7,9,7
"62112",1,4,5,4
"62113",2,14,16,14
"62114",2,14,16,15
"62115",1,6,7,6
"62116",2,14,16,14
"62117",3,2,5,4
"62118",2,7,9,7
"62119",1,22,23,22
"62120",1,10,11,10
"62121",1,3,4,3
"62122",1,3,4,3
"62123",1,2,3,2
"62124",1,17,18,17
"62125",1,5,6,5
"62126",1,13,14,13
"62127",2,4,6,5
"62128",5,4,9,8
"62129",7,7,14,13
"62130",2,27,29,28
"62131",1,17,18,17
"62132",1,3,4,3
"62133",1,4,5,4
"62134",1,5,6,5
"62135",1,3,4,3
"62136",1,7,8,7
"62137",2,6,8,6
"62138",2,20,22,21
"62139",1,24,25,24
"62140",1,4,5,4
"62141",2,1,3,2
"62142",2,10,12,10
"62143",3,6,9,7
"62144",3,4,7,5
"62145",1,3,4,3
"62146",1,4,5,4
"62147",4,6,10,6
"62148",1,2,3,2
"62149",4,19,23,21
"62150",1,4,5,4
"62151",3,8,11,8
"62152",1,41,42,41
"62153",2,7,9,8
"62154",1,1,2,1
"62155",1,5,6,5
"62156",2,5,7,5
"62157",1,21,22,21
"62158",1,1,2,1
"62159",1,2,3,2
"62160",2,7,9,7
"62161",2,10,12,10
"62162",1,7,8,7
"62163",3,1,4,3
"62164",4,22,26,24
"62165",1,1,2,1
"62166",1,20,21,20
"62167",3,7,10,7
"62168",1,4,5,4
"62169",1,1,2,1
"62170",1,5,6,5
"62171",1,1,2,1
"62172",5,27,32,27
"62173",1,14,15,14
"62174",3,14,17,16
"62175",1,7,8,7
"62176",1,15,16,15
"62177",1,3,4,3
"62178",1,10,11,10
"62179",1,1,2,1
"62180",1,13,14,13
"62181",1,1,2,1
"62182",1,4,5,4
"62183",2,31,33,31
"62184",1,1,2,1
"62185",1,6,7,6
"62186",1,3,4,3
"62187",11,2,13,12
"62188",2,10,12,10
"62189",1,7,8,7
"62190",1,11,12,11
"62191",1,8,9,8
"62192",2,4,6,4
"62193",1,13,14,13
"62194",1,10,11,10
"62195",2,3,5,4
"62196",2,13,15,13
"62197",5,10,15,13
"62198",2,35,37,36
"62199",1,6,7,6
"62200",2,2,4,3
"62201",5,27,32,31
"62202",1,3,4,3
"62203",1,2,3,2
"62204",1,1,2,1
"62205",2,22,24,22
"62206",1,2,3,2
"62207",1,25,26,25
"62208",4,31,35,33
"62209",1,17,18,17
"62210",8,1,9,8
"62211",1,6,7,6
"62212",1,1,2,1
"62213",1,18,19,18
"62214",4,26,30,27
"62215",1,10,11,10
"62216",1,14,15,14
"62217",1,15,16,15
"62218",1,3,4,3
"62219",1,6,7,6
"62220",1,1,2,1
"62221",2,2,4,2
"62222",1,1,2,1
"62223",4,3,7,5
"62224",2,14,16,15
"62225",1,1,2,1
"62226",1,2,3,2
"62227",1,2,3,2
"62228",1,1,2,1
"62229",4,9,13,11
"62230",1,3,4,3
"62231",1,6,7,6
"62232",1,11,12,11
"62233",1,6,7,6
"62234",1,4,5,4
"62235",1,1,2,1
"62236",1,2,3,2
"62237",1,5,6,5
"62238",1,4,5,4
"62239",2,11,13,12
"62240",1,5,6,5
"62241",2,9,11,9
"62242",2,5,7,5
"62243",1,1,2,1
"62244",2,5,7,5
"62245",2,6,8,6
"62246",1,1,2,1
"62247",1,3,4,3
"62248",6,6,12,10
"62249",35,10,45,35
"62250",1,9,10,9
"62251",3,14,17,16
"62252",1,17,18,17
"62253",3,42,45,42
"62254",3,6,9,6
"62255",3,6,9,6
"62256",1,9,10,9
"62257",16,12,28,27
"62258",1,11,12,11
"62259",1,9,10,9
"62260",1,5,6,5
"62261",1,4,5,4
"62262",2,61,63,61
"62263",1,10,11,10
"62264",1,15,16,15
"62265",2,4,6,4
"62266",2,6,8,7
"62267",1,1,2,1
"62268",2,6,8,6
"62269",1,42,43,42
"62270",4,7,11,9
"62271",1,3,4,3
"62272",1,8,9,8
"62273",13,1,14,13
"62274",1,40,41,40
"62275",2,42,44,43
"62276",1,2,3,2
"62277",3,15,18,16
"62278",1,1,2,1
"62279",1,4,5,4
"62280",2,20,22,20
"62281",6,6,12,10
"62282",1,3,4,3
"62283",3,7,10,9
"62284",11,3,14,12
"62285",1,2,3,2
"62286",4,22,26,25
"62287",1,1,2,1
"62288",1,4,5,4
"62289",1,1,2,1
"62290",2,2,4,3
"62291",1,1,2,1
"62292",1,1,2,1
"62293",1,8,9,8
"62294",1,1,2,1
"62295",2,14,16,15
"62296",5,3,8,5
"62297",1,2,3,2
"62298",1,2,3,2
"62299",1,9,10,9
"62300",1,3,4,3
"62301",4,6,10,9
"62302",4,1,5,4
"62303",1,8,9,8
"62304",1,12,13,12
"62305",1,6,7,6
"62306",1,1,2,1
"62307",3,14,17,15
"62308",2,9,11,9
"62309",1,4,5,4
"62310",2,4,6,5
"62311",1,2,3,2
"62312",2,3,5,3
"62313",1,7,8,7
"62314",1,3,4,3
"62315",1,7,8,7
"62316",1,13,14,13
"62317",1,12,13,12
"62318",3,7,10,9
"62319",1,34,35,34
"62320",1,3,4,3
"62321",1,1,2,1
"62322",1,20,21,20
"62323",2,6,8,7
"62324",2,10,12,10
"62325",1,9,10,9
"62326",1,2,3,2
"62327",2,2,4,2
"62328",2,7,9,7
"62329",1,4,5,4
"62330",2,22,24,22
"62331",1,1,2,1
"62332",2,15,17,15
"62333",1,10,11,10
"62334",1,3,4,3
"62335",2,2,4,3
"62336",2,2,4,3
"62337",1,7,8,7
"62338",2,4,6,5
"62339",1,4,5,4
"62340",6,3,9,8
"62341",1,12,13,12
"62342",1,7,8,7
"62343",2,2,4,3
"62344",3,13,16,15
"62345",11,5,16,15
"62346",1,10,11,10
"62347",1,9,10,9
"62348",4,6,10,9
"62349",1,1,2,1
"62350",1,23,24,23
"62351",1,56,57,56
"62352",10,1,11,10
"62353",2,20,22,20
"62354",1,9,10,9
"62355",1,4,5,4
"62356",1,3,4,3
"62357",2,1,3,2
"62358",1,27,28,27
"62359",1,22,23,22
"62360",2,15,17,16
"62361",1,10,11,10
"62362",3,1,4,3
"62363",1,3,4,3
"62364",2,8,10,9
"62365",2,7,9,7
"62366",4,9,13,12
"62367",1,1,2,1
"62368",4,3,7,6
"62369",1,1,2,1
"62370",1,12,13,12
"62371",1,7,8,7
"62372",1,2,3,2
"62373",2,12,14,12
"62374",1,21,22,21
"62375",2,42,44,42
"62376",1,1,2,1
"62377",3,7,10,8
"62378",5,10,15,14
"62379",1,3,4,3
"62380",1,11,12,11
"62381",1,3,4,3
"62382",2,3,5,3
"62383",4,1,5,4
"62384",3,12,15,14
"62385",1,5,6,5
"62386",1,8,9,8
"62387",1,2,3,2
"62388",1,10,11,10
"62389",3,3,6,5
"62390",3,10,13,10
"62391",1,1,2,1
"62392",1,7,8,7
"62393",2,1,3,2
"62394",2,10,12,11
"62395",1,2,3,2
"62396",2,20,22,20
"62397",2,17,19,18
"62398",1,1,2,1
"62399",1,15,16,15
"62400",1,1,2,1
"62401",1,11,12,11
"62402",1,3,4,3
"62403",1,11,12,11
"62404",1,4,5,4
"62405",1,2,3,2
"62406",3,11,14,11
"62407",2,16,18,16
"62408",14,1,15,14
"62409",1,15,16,15
"62410",1,5,6,5
"62411",1,9,10,9
"62412",1,1,2,1
"62413",1,12,13,12
"62414",1,4,5,4
"62415",1,2,3,2
"62416",3,18,21,18
"62417",4,1,5,4
"62418",1,11,12,11
"62419",2,1,3,2
"62420",3,31,34,33
"62421",1,1,2,1
"62422",10,10,20,10
"62423",3,13,16,14
"62424",1,5,6,5
"62425",1,1,2,1
"62426",5,15,20,15
"62427",7,3,10,8
"62428",7,7,14,13
"62429",4,17,21,18
"62430",1,1,2,1
"62431",3,15,18,16
"62432",4,2,6,5
"62433",4,1,5,4
"62434",2,5,7,6
"62435",10,10,20,10
"62436",2,8,10,9
"62437",1,2,3,2
"62438",1,1,2,1
"62439",1,15,16,15
"62440",1,23,24,23
"62441",1,1,2,1
"62442",2,40,42,41
"62443",2,3,5,4
"62444",8,7,15,14
"62445",1,1,2,1
"62446",1,1,2,1
"62447",5,4,9,7
"62448",1,7,8,7
"62449",1,7,8,7
"62450",2,2,4,3
"62451",2,11,13,11
"62452",2,5,7,6
"62453",2,4,6,4
"62454",1,1,2,1
"62455",3,5,8,5
"62456",1,3,4,3
"62457",8,3,11,10
"62458",1,8,9,8
"62459",2,6,8,7
"62460",2,40,42,41
"62461",3,1,4,3
"62462",1,1,2,1
"62463",4,3,7,6
"62464",1,3,4,3
"62465",5,27,32,27
"62466",1,5,6,5
"62467",1,6,7,6
"62468",1,1,2,1
"62469",1,2,3,2
"62470",1,7,8,7
"62471",3,1,4,3
"62472",1,8,9,8
"62473",1,1,2,1
"62474",1,15,16,15
"62475",2,5,7,6
"62476",1,3,4,3
"62477",1,5,6,5
"62478",1,15,16,15
"62479",3,7,10,9
"62480",1,3,4,3
"62481",3,10,13,11
"62482",2,2,4,3
"62483",1,1,2,1
"62484",1,2,3,2
"62485",1,3,4,3
"62486",2,9,11,9
"62487",1,4,5,4
"62488",5,7,12,10
"62489",1,12,13,12
"62490",2,11,13,12
"62491",1,21,22,21
"62492",3,7,10,7
"62493",1,5,6,5
"62494",1,1,2,1
"62495",2,4,6,5
"62496",2,31,33,31
"62497",1,13,14,13
"62498",1,3,4,3
"62499",1,7,8,7
"62500",2,2,4,3
"62501",7,11,18,16
"62502",1,4,5,4
"62503",1,12,13,12
"62504",2,3,5,3
"62505",3,10,13,12
"62506",2,18,20,18
"62507",1,10,11,10
"62508",1,26,27,26
"62509",4,10,14,13
"62510",1,1,2,1
"62511",2,8,10,9
"62512",1,13,14,13
"62513",2,7,9,7
"62514",2,5,7,6
"62515",1,1,2,1
"62516",1,17,18,17
"62517",1,7,8,7
"62518",1,4,5,4
"62519",3,12,15,13
"62520",24,2,26,25
"62521",16,1,17,16
"62522",1,25,26,25
"62523",1,4,5,4
"62524",1,9,10,9
"62525",1,12,13,12
"62526",1,3,4,3
"62527",1,4,5,4
"62528",1,56,57,56
"62529",1,3,4,3
"62530",1,5,6,5
"62531",4,12,16,13
"62532",1,31,32,31
"62533",1,4,5,4
"62534",1,10,11,10
"62535",2,42,44,43
"62536",2,3,5,3
"62537",2,39,41,40
"62538",15,14,29,28
"62539",2,17,19,17
"62540",1,14,15,14
"62541",6,6,12,11
"62542",5,20,25,20
"62543",1,5,6,5
"62544",1,3,4,3
"62545",2,22,24,22
"62546",2,11,13,12
"62547",1,5,6,5
"62548",2,4,6,4
"62549",6,6,12,11
"62550",1,2,3,2
"62551",1,2,3,2
"62552",2,12,14,12
"62553",1,3,4,3
"62554",1,1,2,1
"62555",4,1,5,4
"62556",1,4,5,4
"62557",3,5,8,7
"62558",1,11,12,11
"62559",1,4,5,4
"62560",4,6,10,7
"62561",1,1,2,1
"62562",3,4,7,6
"62563",2,8,10,8
"62564",6,10,16,15
"62565",1,14,15,14
"62566",3,14,17,16
"62567",3,15,18,16
"62568",1,1,2,1
"62569",2,2,4,3
"62570",5,11,16,14
"62571",5,8,13,11
"62572",1,5,6,5
"62573",3,56,59,57
"62574",1,3,4,3
"62575",6,8,14,13
"62576",8,1,9,8
"62577",1,2,3,2
"62578",2,14,16,14
"62579",2,2,4,3
"62580",1,2,3,2
"62581",7,14,21,20
"62582",7,8,15,12
"62583",2,1,3,2
"62584",11,56,67,61
"62585",5,15,20,15
"62586",2,3,5,4
"62587",1,1,2,1
"62588",6,1,7,6
"62589",1,2,3,2
"62590",1,5,6,5
"62591",1,1,2,1
"62592",1,3,4,3
"62593",1,16,17,16
"62594",1,1,2,1
"62595",2,3,5,4
"62596",2,8,10,8
"62597",6,11,17,16
"62598",1,2,3,2
"62599",2,25,27,25
"62600",4,6,10,7
"62601",3,2,5,4
"62602",1,27,28,27
"62603",2,2,4,3
"62604",1,4,5,4
"62605",1,8,9,8
"62606",6,13,19,17
"62607",1,3,4,3
"62608",2,7,9,7
"62609",2,12,14,12
"62610",1,2,3,2
"62611",1,5,6,5
"62612",1,3,4,3
"62613",6,7,13,12
"62614",1,4,5,4
"62615",3,4,7,4
"62616",1,1,2,1
"62617",1,4,5,4
"62618",2,7,9,7
"62619",1,12,13,12
"62620",1,6,7,6
"62621",1,1,2,1
"62622",1,3,4,3
"62623",4,42,46,43
"62624",4,9,13,12
"62625",1,1,2,1
"62626",3,1,4,3
"62627",1,2,3,2
"62628",1,2,3,2
"62629",1,2,3,2
"62630",1,1,2,1
"62631",1,10,11,10
"62632",1,7,8,7
"62633",1,4,5,4
"62634",2,2,4,3
"62635",1,7,8,7
"62636",2,4,6,5
"62637",4,17,21,18
"62638",1,4,5,4
"62639",1,3,4,3
"62640",1,3,4,3
"62641",1,5,6,5
"62642",5,13,18,16
"62643",2,61,63,61
"62644",1,4,5,4
"62645",8,5,13,12
"62646",1,12,13,12
"62647",1,5,6,5
"62648",1,21,22,21
"62649",1,8,9,8
"62650",2,10,12,10
"62651",1,1,2,1
"62652",1,24,25,24
"62653",2,12,14,13
"62654",3,32,35,32
"62655",1,2,3,2
"62656",7,14,21,18
"62657",2,35,37,36
"62658",1,4,5,4
"62659",5,2,7,5
"62660",1,1,2,1
"62661",1,11,12,11
"62662",1,9,10,9
"62663",2,3,5,4
"62664",1,23,24,23
"62665",2,4,6,5
"62666",1,4,5,4
"62667",1,1,2,1
"62668",2,6,8,6
"62669",4,3,7,5
"62670",1,2,3,2
"62671",1,3,4,3
"62672",1,10,11,10
"62673",1,1,2,1
"62674",2,1,3,2
"62675",2,31,33,31
"62676",1,10,11,10
"62677",1,2,3,2
"62678",8,9,17,15
"62679",1,30,31,30
"62680",1,23,24,23
"62681",3,17,20,18
"62682",2,15,17,15
"62683",1,1,2,1
"62684",6,13,19,16
"62685",2,11,13,11
"62686",1,23,24,23
"62687",1,4,5,4
"62688",6,13,19,18
"62689",2,31,33,32
"62690",1,6,7,6
"62691",1,2,3,2
"62692",1,10,11,10
"62693",2,22,24,22
"62694",4,2,6,5
"62695",2,9,11,9
"62696",1,6,7,6
"62697",3,1,4,3
"62698",5,4,9,8
"62699",2,6,8,7
"62700",2,1,3,2
"62701",1,38,39,38
"62702",1,1,2,1
"62703",2,4,6,4
"62704",1,9,10,9
"62705",11,11,22,11
"62706",1,6,7,6
"62707",1,5,6,5
"62708",1,1,2,1
"62709",2,15,17,15
"62710",5,22,27,25
"62711",1,2,3,2
"62712",3,7,10,9
"62713",4,10,14,13
"62714",2,2,4,3
"62715",2,5,7,5
"62716",1,10,11,10
"62717",1,11,12,11
"62718",1,1,2,1
"62719",1,4,5,4
"62720",3,11,14,13
"62721",1,61,62,61
"62722",1,1,2,1
"62723",1,6,7,6
"62724",1,1,2,1
"62725",1,2,3,2
"62726",1,3,4,3
"62727",1,4,5,4
"62728",1,1,2,1
"62729",1,8,9,8
"62730",1,1,2,1
"62731",1,12,13,12
"62732",1,35,36,35
"62733",1,8,9,8
"62734",1,3,4,3
"62735",1,5,6,5
"62736",10,36,46,42
"62737",3,11,14,11
"62738",1,2,3,2
"62739",6,28,34,33
"62740",2,11,13,11
"62741",1,2,3,2
"62742",1,1,2,1
"62743",1,10,11,10
"62744",1,1,2,1
"62745",1,6,7,6
"62746",2,23,25,24
"62747",2,2,4,3
"62748",1,3,4,3
"62749",2,1,3,2
"62750",3,2,5,4
"62751",1,4,5,4
"62752",1,19,20,19
"62753",1,23,24,23
"62754",2,9,11,9
"62755",1,1,2,1
"62756",1,15,16,15
"62757",2,22,24,22
"62758",5,15,20,17
"62759",1,2,3,2
"62760",1,1,2,1
"62761",2,3,5,3
"62762",1,11,12,11
"62763",1,1,2,1
"62764",1,22,23,22
"62765",3,32,35,32
"62766",9,1,10,9
"62767",4,1,5,4
"62768",1,5,6,5
"62769",1,14,15,14
"62770",4,4,8,7
"62771",2,3,5,4
"62772",2,13,15,13
"62773",8,26,34,32
"62774",4,8,12,10
"62775",1,4,5,4
"62776",4,6,10,8
"62777",1,6,7,6
"62778",1,3,4,3
"62779",1,2,3,2
"62780",1,2,3,2
"62781",1,3,4,3
"62782",1,3,4,3
"62783",8,5,13,12
"62784",3,3,6,5
"62785",1,12,13,12
"62786",5,27,32,27
"62787",2,6,8,6
"62788",2,1,3,2
"62789",1,3,4,3
"62790",1,1,2,1
"62791",1,16,17,16
"62792",1,3,4,3
"62793",1,8,9,8
"62794",2,6,8,7
"62795",2,1,3,2
"62796",1,7,8,7
"62797",1,14,15,14
"62798",5,1,6,5
"62799",6,29,35,31
"62800",2,10,12,10
"62801",1,6,7,6
"62802",3,11,14,11
"62803",3,1,4,3
"62804",1,2,3,2
"62805",2,10,12,11
"62806",3,17,20,17
"62807",1,2,3,2
"62808",5,14,19,18
"62809",2,3,5,4
"62810",5,1,6,5
"62811",3,37,40,39
"62812",1,2,3,2
"62813",1,5,6,5
"62814",1,28,29,28
"62815",5,8,13,12
"62816",1,5,6,5
"62817",1,12,13,12
"62818",2,4,6,4
"62819",10,1,11,10
"62820",2,28,30,28
"62821",1,1,2,1
"62822",1,5,6,5
"62823",1,1,2,1
"62824",1,8,9,8
"62825",1,4,5,4
"62826",169,6,175,170
"62827",1,4,5,4
"62828",3,1,4,3
"62829",3,2,5,4
"62830",1,3,4,3
"62831",1,4,5,4
"62832",2,3,5,4
"62833",2,2,4,2
"62834",2,1,3,2
"62835",1,20,21,20
"62836",1,11,12,11
"62837",2,16,18,16
"62838",1,6,7,6
"62839",1,18,19,18
"62840",6,13,19,16
"62841",1,6,7,6
"62842",2,13,15,13
"62843",1,8,9,8
"62844",11,3,14,12
"62845",2,3,5,4
"62846",1,3,4,3
"62847",4,6,10,9
"62848",3,11,14,11
"62849",1,12,13,12
"62850",2,6,8,6
"62851",5,3,8,5
"62852",1,2,3,2
"62853",3,7,10,7
"62854",2,15,17,15
"62855",2,2,4,3
"62856",1,24,25,24
"62857",4,11,15,14
"62858",1,19,20,19
"62859",1,2,3,2
"62860",3,3,6,5
"62861",1,5,6,5
"62862",1,1,2,1
"62863",2,2,4,2
"62864",6,169,175,170
"62865",1,2,3,2
"62866",8,28,36,33
"62867",2,5,7,6
"62868",2,10,12,10
"62869",1,4,5,4
"62870",1,15,16,15
"62871",10,15,25,24
"62872",1,61,62,61
"62873",1,11,12,11
"62874",1,12,13,12
"62875",2,3,5,3
"62876",6,169,175,170
"62877",1,3,4,3
"62878",3,3,6,5
"62879",1,3,4,3
"62880",1,3,4,3
"62881",1,5,6,5
"62882",1,13,14,13
"62883",5,1,6,5
"62884",8,35,43,38
"62885",1,3,4,3
"62886",1,6,7,6
"62887",2,12,14,13
"62888",1,16,17,16
"62889",4,31,35,34
"62890",1,10,11,10
"62891",1,8,9,8
"62892",1,1,2,1
"62893",1,2,3,2
"62894",1,5,6,5
"62895",1,1,2,1
"62896",1,9,10,9
"62897",1,5,6,5
"62898",1,9,10,9
"62899",1,1,2,1
"62900",1,7,8,7
"62901",2,1,3,2
"62902",1,7,8,7
"62903",1,1,2,1
"62904",1,1,2,1
"62905",1,4,5,4
"62906",1,3,4,3
"62907",35,17,52,49
"62908",1,5,6,5
"62909",2,39,41,40
"62910",1,2,3,2
"62911",2,20,22,20
"62912",2,14,16,15
"62913",1,3,4,3
"62914",3,1,4,3
"62915",4,8,12,11
"62916",1,5,6,5
"62917",1,29,30,29
"62918",1,1,2,1
"62919",1,12,13,12
"62920",1,2,3,2
"62921",1,5,6,5
"62922",2,5,7,6
"62923",1,3,4,3
"62924",1,7,8,7
"62925",1,4,5,4
"62926",1,5,6,5
"62927",1,1,2,1
"62928",16,16,32,16
"62929",4,1,5,4
"62930",1,5,6,5
"62931",1,4,5,4
"62932",3,17,20,17
"62933",2,5,7,6
"62934",3,14,17,15
"62935",1,3,4,3
"62936",3,29,32,29
"62937",1,12,13,12
"62938",1,5,6,5
"62939",1,1,2,1
"62940",2,12,14,12
"62941",1,4,5,4
"62942",1,5,6,5
"62943",1,3,4,3
"62944",1,5,6,5
"62945",1,1,2,1
"62946",1,2,3,2
"62947",1,1,2,1
"62948",1,1,2,1
"62949",1,1,2,1
"62950",3,9,12,11
"62951",2,14,16,15
"62952",1,1,2,1
"62953",1,3,4,3
"62954",1,3,4,3
"62955",1,3,4,3
"62956",2,15,17,15
"62957",1,6,7,6
"62958",2,2,4,3
"62959",1,28,29,28
"62960",5,4,9,8
"62961",1,3,4,3
"62962",1,2,3,2
"62963",1,2,3,2
"62964",1,19,20,19
"62965",1,4,5,4
"62966",2,15,17,16
"62967",1,1,2,1
"62968",1,7,8,7
"62969",1,2,3,2
"62970",1,3,4,3
"62971",1,36,37,36
"62972",1,5,6,5
"62973",1,4,5,4
"62974",3,20,23,21
"62975",2,30,32,30
"62976",1,7,8,7
"62977",1,10,11,10
"62978",1,5,6,5
"62979",1,11,12,11
"62980",1,3,4,3
"62981",3,14,17,16
"62982",1,4,5,4
"62983",4,31,35,31
"62984",169,6,175,170
"62985",1,1,2,1
"62986",3,3,6,4
"62987",2,4,6,5
"62988",1,2,3,2
"62989",1,2,3,2
"62990",1,2,3,2
"62991",2,2,4,3
"62992",3,7,10,8
"62993",1,2,3,2
"62994",2,2,4,3
"62995",1,11,12,11
"62996",1,11,12,11
"62997",1,2,3,2
"62998",2,6,8,7
"62999",1,2,3,2
"63000",1,3,4,3
"63001",1,14,15,14
"63002",1,2,3,2
"63003",2,19,21,19
"63004",2,2,4,2
"63005",4,2,6,5
"63006",1,6,7,6
"63007",1,5,6,5
"63008",1,7,8,7
"63009",1,2,3,2
"63010",1,6,7,6
"63011",1,2,3,2
"63012",2,36,38,37
"63013",1,1,2,1
"63014",1,14,15,14
"63015",2,29,31,30
"63016",1,4,5,4
"63017",1,1,2,1
"63018",2,40,42,40
"63019",1,3,4,3
"63020",1,1,2,1
"63021",3,2,5,4
"63022",1,4,5,4
"63023",1,14,15,14
"63024",5,25,30,27
"63025",1,4,5,4
"63026",3,2,5,4
"63027",1,6,7,6
"63028",1,11,12,11
"63029",2,23,25,23
"63030",1,11,12,11
"63031",1,1,2,1
"63032",2,55,57,56
"63033",1,1,2,1
"63034",1,2,3,2
"63035",1,2,3,2
"63036",1,3,4,3
"63037",2,3,5,4
"63038",1,2,3,2
"63039",1,3,4,3
"63040",2,1,3,2
"63041",2,8,10,8
"63042",2,3,5,4
"63043",1,20,21,20
"63044",1,2,3,2
"63045",1,1,2,1
"63046",2,1,3,2
"63047",1,4,5,4
"63048",1,5,6,5
"63049",10,35,45,42
"63050",1,7,8,7
"63051",3,10,13,11
"63052",1,1,2,1
"63053",1,11,12,11
"63054",1,21,22,21
"63055",1,3,4,3
"63056",3,20,23,21
"63057",1,7,8,7
"63058",5,7,12,11
"63059",1,3,4,3
"63060",1,2,3,2
"63061",1,28,29,28
"63062",3,1,4,3
"63063",1,2,3,2
"63064",1,1,2,1
"63065",1,1,2,1
"63066",1,8,9,8
"63067",2,2,4,3
"63068",4,31,35,31
"63069",3,14,17,16
"63070",14,14,28,14
"63071",4,29,33,32
"63072",1,6,7,6
"63073",1,22,23,22
"63074",3,45,48,45
"63075",7,9,16,13
"63076",7,4,11,9
"63077",3,3,6,3
"63078",1,13,14,13
"63079",1,6,7,6
"63080",2,13,15,13
"63081",1,4,5,4
"63082",1,1,2,1
"63083",1,2,3,2
"63084",1,1,2,1
"63085",3,10,13,10
"63086",1,8,9,8
"63087",1,7,8,7
"63088",5,5,10,9
"63089",1,15,16,15
"63090",4,31,35,32
"63091",2,5,7,5
"63092",1,21,22,21
"63093",1,12,13,12
"63094",6,6,12,11
"63095",1,3,4,3
"63096",1,2,3,2
"63097",13,2,15,13
"63098",1,3,4,3
"63099",1,1,2,1
"63100",1,1,2,1
"63101",1,5,6,5
"63102",1,5,6,5
"63103",3,24,27,24
"63104",3,7,10,9
"63105",8,5,13,12
"63106",4,9,13,12
"63107",1,6,7,6
"63108",2,8,10,8
"63109",1,5,6,5
"63110",1,1,2,1
"63111",2,4,6,5
"63112",3,10,13,10
"63113",3,10,13,12
"63114",1,1,2,1
"63115",2,6,8,7
"63116",2,6,8,7
"63117",1,3,4,3
"63118",2,14,16,15
"63119",3,22,25,24
"63120",2,5,7,6
"63121",1,1,2,1
"63122",1,2,3,2
"63123",1,2,3,2
"63124",2,5,7,6
"63125",1,6,7,6
"63126",1,2,3,2
"63127",1,1,2,1
"63128",1,17,18,17
"63129",1,5,6,5
"63130",3,9,12,9
"63131",1,31,32,31
"63132",1,8,9,8
"63133",2,4,6,5
"63134",1,2,3,2
"63135",1,12,13,12
"63136",2,2,4,3
"63137",1,2,3,2
"63138",5,6,11,10
"63139",1,4,5,4
"63140",1,13,14,13
"63141",2,7,9,8
"63142",1,1,2,1
"63143",2,11,13,11
"63144",1,1,2,1
"63145",1,1,2,1
"63146",1,6,7,6
"63147",1,3,4,3
"63148",1,9,10,9
"63149",3,7,10,7
"63150",1,2,3,2
"63151",1,16,17,16
"63152",1,9,10,9
"63153",5,10,15,13
"63154",2,3,5,4
"63155",1,12,13,12
"63156",1,12,13,12
"63157",9,2,11,10
"63158",4,8,12,9
"63159",1,2,3,2
"63160",1,22,23,22
"63161",1,12,13,12
"63162",1,5,6,5
"63163",1,23,24,23
"63164",2,10,12,10
"63165",1,9,10,9
"63166",4,1,5,4
"63167",2,6,8,7
"63168",1,1,2,1
"63169",1,30,31,30
"63170",3,7,10,9
"63171",1,18,19,18
"63172",5,4,9,8
"63173",1,16,17,16
"63174",1,30,31,30
"63175",1,32,33,32
"63176",1,4,5,4
"63177",1,9,10,9
"63178",2,4,6,4
"63179",1,9,10,9
"63180",1,6,7,6
"63181",4,12,16,15
"63182",1,26,27,26
"63183",2,10,12,10
"63184",1,6,7,6
"63185",1,4,5,4
"63186",2,2,4,3
"63187",1,9,10,9
"63188",12,3,15,14
"63189",2,14,16,15
"63190",2,6,8,7
"63191",1,1,2,1
"63192",1,6,7,6
"63193",3,53,56,55
"63194",1,2,3,2
"63195",1,1,2,1
"63196",1,5,6,5
"63197",2,9,11,10
"63198",1,4,5,4
"63199",1,5,6,5
"63200",1,8,9,8
"63201",3,14,17,15
"63202",1,2,3,2
"63203",1,6,7,6
"63204",4,12,16,13
"63205",4,9,13,12
"63206",1,18,19,18
"63207",1,4,5,4
"63208",2,14,16,14
"63209",2,11,13,11
"63210",1,25,26,25
"63211",1,3,4,3
"63212",3,26,29,28
"63213",3,9,12,11
"63214",5,11,16,15
"63215",8,22,30,28
"63216",1,9,10,9
"63217",3,11,14,11
"63218",2,8,10,8
"63219",1,1,2,1
"63220",1,4,5,4
"63221",1,2,3,2
"63222",1,3,4,3
"63223",1,29,30,29
"63224",1,2,3,2
"63225",2,12,14,13
"63226",2,11,13,11
"63227",2,8,10,9
"63228",6,6,12,6
"63229",3,3,6,3
"63230",2,15,17,16
"63231",1,1,2,1
"63232",1,26,27,26
"63233",2,4,6,4
"63234",2,18,20,19
"63235",2,16,18,17
"63236",1,22,23,22
"63237",1,2,3,2
"63238",1,24,25,24
"63239",1,1,2,1
"63240",1,7,8,7
"63241",2,7,9,8
"63242",4,48,52,50
"63243",3,1,4,3
"63244",2,9,11,10
"63245",15,1,16,15
"63246",34,34,68,34
"63247",3,5,8,6
"63248",2,13,15,13
"63249",1,1,2,1
"63250",2,6,8,7
"63251",16,16,32,16
"63252",30,8,38,36
"63253",9,1,10,9
"63254",6,6,12,6
"63255",1,12,13,12
"63256",1,3,4,3
"63257",25,1,26,25
"63258",1,2,3,2
"63259",2,20,22,21
"63260",1,1,2,1
"63261",1,7,8,7
"63262",3,8,11,9
"63263",1,14,15,14
"63264",1,9,10,9
"63265",1,2,3,2
"63266",3,8,11,9
"63267",1,4,5,4
"63268",1,10,11,10
"63269",8,9,17,14
"63270",4,1,5,4
"63271",8,18,26,25
"63272",1,2,3,2
"63273",1,18,19,18
"63274",1,3,4,3
"63275",3,7,10,9
"63276",1,10,11,10
"63277",1,3,4,3
"63278",2,3,5,4
"63279",1,6,7,6
"63280",3,1,4,3
"63281",1,4,5,4
"63282",1,2,3,2
"63283",1,9,10,9
"63284",1,1,2,1
"63285",1,8,9,8
"63286",1,26,27,26
"63287",1,1,2,1
"63288",1,2,3,2
"63289",1,2,3,2
"63290",1,19,20,19
"63291",1,8,9,8
"63292",1,7,8,7
"63293",4,1,5,4
"63294",1,5,6,5
"63295",6,17,23,20
"63296",1,1,2,1
"63297",3,4,7,6
"63298",2,12,14,12
"63299",1,26,27,26
"63300",3,12,15,14
"63301",1,30,31,30
"63302",2,8,10,8
"63303",2,9,11,10
"63304",1,2,3,2
"63305",2,11,13,12
"63306",1,9,10,9
"63307",1,30,31,30
"63308",4,18,22,18
"63309",3,30,33,32
"63310",1,1,2,1
"63311",1,9,10,9
"63312",2,5,7,5
"63313",1,4,5,4
"63314",1,2,3,2
"63315",1,4,5,4
"63316",1,15,16,15
"63317",1,1,2,1
"63318",1,26,27,26
"63319",1,26,27,26
"63320",1,8,9,8
"63321",7,2,9,7
"63322",1,15,16,15
"63323",1,15,16,15
"63324",1,10,11,10
"63325",1,3,4,3
"63326",1,6,7,6
"63327",2,2,4,3
"63328",1,6,7,6
"63329",1,2,3,2
"63330",1,4,5,4
"63331",1,4,5,4
"63332",3,11,14,12
"63333",1,11,12,11
"63334",1,11,12,11
"63335",1,5,6,5
"63336",1,1,2,1
"63337",2,6,8,7
"63338",1,5,6,5
"63339",2,17,19,18
"63340",2,9,11,10
"63341",2,19,21,20
"63342",3,15,18,15
"63343",1,4,5,4
"63344",1,4,5,4
"63345",1,16,17,16
"63346",1,43,44,43
"63347",1,15,16,15
"63348",4,37,41,39
"63349",2,9,11,9
"63350",2,47,49,48
"63351",2,11,13,11
"63352",1,12,13,12
"63353",2,3,5,4
"63354",1,9,10,9
"63355",1,21,22,21
"63356",1,15,16,15
"63357",4,1,5,4
"63358",1,2,3,2
"63359",5,11,16,14
"63360",1,6,7,6
"63361",1,23,24,23
"63362",1,3,4,3
"63363",1,2,3,2
"63364",2,7,9,8
"63365",2,11,13,11
"63366",1,11,12,11
"63367",1,7,8,7
"63368",6,1,7,6
"63369",2,8,10,9
"63370",1,3,4,3
"63371",1,6,7,6
"63372",2,20,22,21
"63373",1,1,2,1
"63374",2,14,16,15
"63375",1,53,54,53
"63376",1,30,31,30
"63377",1,12,13,12
"63378",1,4,5,4
"63379",1,15,16,15
"63380",1,34,35,34
"63381",7,12,19,18
"63382",1,4,5,4
"63383",1,3,4,3
"63384",2,17,19,18
"63385",1,7,8,7
"63386",2,18,20,18
"63387",3,33,36,35
"63388",1,26,27,26
"63389",1,26,27,26
"63390",1,15,16,15
"63391",1,14,15,14
"63392",1,7,8,7
"63393",3,3,6,5
"63394",3,24,27,24
"63395",38,2,40,39
"63396",81,8,89,88
"63397",2,18,20,19
"63398",16,2,18,17
"63399",2,1,3,2
"63400",1,1,2,1
"63401",1,9,10,9
"63402",1,1,2,1
"63403",1,18,19,18
"63404",1,5,6,5
"63405",1,11,12,11
"63406",3,16,19,18
"63407",3,13,16,15
"63408",1,5,6,5
"63409",1,2,3,2
"63410",1,15,16,15
"63411",8,8,16,8
"63412",1,21,22,21
"63413",6,6,12,6
"63414",1,8,9,8
"63415",1,9,10,9
"63416",8,26,34,33
"63417",3,9,12,10
"63418",1,7,8,7
"63419",1,3,4,3
"63420",1,2,3,2
"63421",1,8,9,8
"63422",1,11,12,11
"63423",1,17,18,17
"63424",2,4,6,5
"63425",33,2,35,34
"63426",4,2,6,5
"63427",1,10,11,10
"63428",2,1,3,2
"63429",2,6,8,7
"63430",1,14,15,14
"63431",1,23,24,23
"63432",1,14,15,14
"63433",1,2,3,2
"63434",4,66,70,68
"63435",1,9,10,9
"63436",2,8,10,8
"63437",2,13,15,13
"63438",5,3,8,7
"63439",1,12,13,12
"63440",1,30,31,30
"63441",1,2,3,2
"63442",1,17,18,17
"63443",2,26,28,27
"63444",2,21,23,22
"63445",1,25,26,25
"63446",1,1,2,1
"63447",2,3,5,4
"63448",1,11,12,11
"63449",1,15,16,15
"63450",2,2,4,3
"63451",4,7,11,10
"63452",1,10,11,10
"63453",1,22,23,22
"63454",1,2,3,2
"63455",2,44,46,45
"63456",1,2,3,2
"63457",1,4,5,4
"63458",15,2,17,15
"63459",2,32,34,32
"63460",1,14,15,14
"63461",1,3,4,3
"63462",1,1,2,1
"63463",1,31,32,31
"63464",1,14,15,14
"63465",1,3,4,3
"63466",2,1,3,2
"63467",1,5,6,5
"63468",1,18,19,18
"63469",2,9,11,9
"63470",7,41,48,42
"63471",1,9,10,9
"63472",2,30,32,31
"63473",1,1,2,1
"63474",2,16,18,17
"63475",1,2,3,2
"63476",1,7,8,7
"63477",1,15,16,15
"63478",2,15,17,15
"63479",2,5,7,6
"63480",1,31,32,31
"63481",1,14,15,14
"63482",1,6,7,6
"63483",1,14,15,14
"63484",1,7,8,7
"63485",1,21,22,21
"63486",2,2,4,2
"63487",1,2,3,2
"63488",1,2,3,2
"63489",1,8,9,8
"63490",1,1,2,1
"63491",1,3,4,3
"63492",1,4,5,4
"63493",1,13,14,13
"63494",1,2,3,2
"63495",2,6,8,7
"63496",1,16,17,16
"63497",1,12,13,12
"63498",1,5,6,5
"63499",1,12,13,12
"63500",1,1,2,1
"63501",1,14,15,14
"63502",2,7,9,8
"63503",4,13,17,16
"63504",5,6,11,10
"63505",4,7,11,10
"63506",1,4,5,4
"63507",1,3,4,3
"63508",1,22,23,22
"63509",2,9,11,10
"63510",1,8,9,8
"63511",2,14,16,15
"63512",2,4,6,4
"63513",1,9,10,9
"63514",2,7,9,7
"63515",2,1,3,2
"63516",1,1,2,1
"63517",1,7,8,7
"63518",1,3,4,3
"63519",1,3,4,3
"63520",7,13,20,19
"63521",8,8,16,8
"63522",2,2,4,2
"63523",2,8,10,9
"63524",18,3,21,20
"63525",3,7,10,9
"63526",2,16,18,16
"63527",4,1,5,4
"63528",1,1,2,1
"63529",1,2,3,2
"63530",1,3,4,3
"63531",1,13,14,13
"63532",5,12,17,12
"63533",2,11,13,12
"63534",3,36,39,38
"63535",1,2,3,2
"63536",1,11,12,11
"63537",1,9,10,9
"63538",1,5,6,5
"63539",1,6,7,6
"63540",9,24,33,28
"63541",1,4,5,4
"63542",1,1,2,1
"63543",1,1,2,1
"63544",1,3,4,3
"63545",1,21,22,21
"63546",1,1,2,1
"63547",1,6,7,6
"63548",1,10,11,10
"63549",1,1,2,1
"63550",2,2,4,3
"63551",2,18,20,19
"63552",3,8,11,9
"63553",1,18,19,18
"63554",1,4,5,4
"63555",1,30,31,30
"63556",1,1,2,1
"63557",1,10,11,10
"63558",2,36,38,36
"63559",2,8,10,8
"63560",3,26,29,27
"63561",1,2,3,2
"63562",1,1,2,1
"63563",1,8,9,8
"63564",1,11,12,11
"63565",1,21,22,21
"63566",1,17,18,17
"63567",1,4,5,4
"63568",1,11,12,11
"63569",1,2,3,2
"63570",1,9,10,9
"63571",5,10,15,14
"63572",1,19,20,19
"63573",1,1,2,1
"63574",1,4,5,4
"63575",1,17,18,17
"63576",1,1,2,1
"63577",2,12,14,13
"63578",1,8,9,8
"63579",2,3,5,4
"63580",1,19,20,19
"63581",1,7,8,7
"63582",3,13,16,14
"63583",1,3,4,3
"63584",2,20,22,21
"63585",1,10,11,10
"63586",1,2,3,2
"63587",1,1,2,1
"63588",1,5,6,5
"63589",1,4,5,4
"63590",1,4,5,4
"63591",1,1,2,1
"63592",2,18,20,18
"63593",1,7,8,7
"63594",1,15,16,15
"63595",1,4,5,4
"63596",3,24,27,26
"63597",1,12,13,12
"63598",5,176,181,180
"63599",1,22,23,22
"63600",2,5,7,6
"63601",1,1,2,1
"63602",1,1,2,1
"63603",2,15,17,15
"63604",1,4,5,4
"63605",1,26,27,26
"63606",1,1,2,1
"63607",1,10,11,10
"63608",1,4,5,4
"63609",2,4,6,5
"63610",1,3,4,3
"63611",3,9,12,11
"63612",2,9,11,10
"63613",2,39,41,40
"63614",2,17,19,17
"63615",4,1,5,4
"63616",1,26,27,26
"63617",13,13,26,13
"63618",1,2,3,2
"63619",1,4,5,4
"63620",3,6,9,8
"63621",1,13,14,13
"63622",1,1,2,1
"63623",2,7,9,8
"63624",1,5,6,5
"63625",1,2,3,2
"63626",2,22,24,23
"63627",1,3,4,3
"63628",3,22,25,22
"63629",1,1,2,1
"63630",1,6,7,6
"63631",1,7,8,7
"63632",1,2,3,2
"63633",1,1,2,1
"63634",1,5,6,5
"63635",1,2,3,2
"63636",1,1,2,1
"63637",1,1,2,1
"63638",1,1,2,1
"63639",1,5,6,5
"63640",1,1,2,1
"63641",1,1,2,1
"63642",2,2,4,3
"63643",2,8,10,9
"63644",1,5,6,5
"63645",3,36,39,37
"63646",2,9,11,10
"63647",7,30,37,35
"63648",1,3,4,3
"63649",2,4,6,5
"63650",3,8,11,9
"63651",1,5,6,5
"63652",1,17,18,17
"63653",1,8,9,8
"63654",1,1,2,1
"63655",3,30,33,32
"63656",1,1,2,1
"63657",2,45,47,45
"63658",1,7,8,7
"63659",1,16,17,16
"63660",2,6,8,6
"63661",1,7,8,7
"63662",12,36,48,44
"63663",1,30,31,30
"63664",1,2,3,2
"63665",1,4,5,4
"63666",1,6,7,6
"63667",2,29,31,29
"63668",1,1,2,1
"63669",1,8,9,8
"63670",3,12,15,12
"63671",3,30,33,32
"63672",1,2,3,2
"63673",1,4,5,4
"63674",12,1,13,12
"63675",3,7,10,8
"63676",1,3,4,3
"63677",4,9,13,10
